0.000465
0.000201
0.000661
0.001287
0.013250
0.005921
0.000000
0.000000
0.000000
0.000157
0.002244
0.008272
0.012647
0.015136
0.005263
0.000000
0.000000
0.000000
0.001615
0.001263
0.000996
0.001233
0.019145
0.011442
0.000000
0.000000
0.000000
0.000750
0.001683
0.004670
0.005482
0.020176
0.006860
0.000000
0.000000
0.000000
0.000157
0.002244
0.008272
0.012647
0.015136
0.005263
0.000000
0.000000
0.000000
0.000802
0.001457
0.006148
0.005225
0.001124
0.000017
0.000000
0.000000
0.000000
0.000750
0.001683
0.004670
0.005482
0.020176
0.006860
0.000000
0.000000
0.000000
0.001870
0.004286
0.003570
0.004556
0.001889
0.000156
0.000000
0.000000
0.000000
0.000802
0.001457
0.006148
0.005225
0.001124
0.000017
0.000000
0.000000
0.000000
0.000930
0.001388
0.000847
0.000824
0.000332
0.000015
0.000000
0.000000
0.000000
0.001870
0.004286
0.003570
0.004556
0.001889
0.000156
0.000000
0.000000
0.000000
0.001396
0.001916
0.001739
0.001926
0.000622
0.000037
0.000000
0.000000
0.000000
0.000930
0.001388
0.000847
0.000824
0.000332
0.000015
0.000000
0.000000
0.000000
0.000573
0.001334
0.001309
0.000678
0.000246
0.000001
0.000000
0.000000
0.000000
0.001396
0.001916
0.001739
0.001926
0.000622
0.000037
0.000000
0.000000
0.000000
0.001476
0.002781
0.002625
0.000945
0.000645
0.000005
0.000000
0.000000
0.000000
0.000573
0.001334
0.001309
0.000678
0.000246
0.000001
0.000000
0.000000
0.000000
0.000562
0.000826
0.001204
0.000842
0.000475
0.000038
0.000000
0.000000
0.000000
0.001476
0.002781
0.002625
0.000945
0.000645
0.000005
0.000000
0.000000
0.000000
0.001047
0.002740
0.002137
0.000897
0.000472
0.000083
0.000000
0.000000
0.000000
0.000562
0.000826
0.001204
0.000842
0.000475
0.000038
0.000000
0.000000
0.000000
0.000368
0.000592
0.001136
0.001235
0.000422
0.000000
0.000000
0.000000
0.000000
0.001047
0.002740
0.002137
0.000897
0.000472
0.000083
0.000000
0.000000
0.000000
0.000443
0.000846
0.000979
0.001251
0.000429
0.000000
0.000000
0.000000
0.000000
0.000368
0.000592
0.001136
0.001235
0.000422
0.000000
0.000000
0.000000
0.000000
0.000436
0.000941
0.001402
0.000785
0.000391
0.000015
0.000000
0.000000
0.000000
0.000443
0.000846
0.000979
0.001251
0.000429
0.000000
0.000000
0.000000
0.000000
0.000405
0.001273
0.002486
0.002007
0.001586
0.000137
0.000000
0.000000
0.000000
0.000436
0.000941
0.001402
0.000785
0.000391
0.000015
0.000000
0.000000
0.000000
0.010998
0.030028
0.007291
0.005472
0.002855
0.000512
0.000000
0.000000
0.000000
0.000405
0.001273
0.002486
0.002007
0.001586
0.000137
0.000000
0.000000
0.000000
0.054286
0.032585
0.005536
0.001731
0.000007
0.000000
0.000000
0.000000
0.000000
0.010998
0.030028
0.007291
0.005472
0.002855
0.000512
0.000000
0.000000
0.000000
0.068456
0.020799
0.003330
0.001233
0.000323
0.000091
0.000000
0.000000
0.000000
0.054286
0.032585
0.005536
0.001731
0.000007
0.000000
0.000000
0.000000
0.000000
0.069627
0.043293
0.004693
0.002192
0.001698
0.000207
0.000000
0.000000
0.000000
0.068456
0.020799
0.003330
0.001233
0.000323
0.000091
0.000000
0.000000
0.000000
0.052931
0.027509
0.002547
0.000895
0.000860
0.000000
0.000000
0.000000
0.000000
0.069627
0.043293
0.004693
0.002192
0.001698
0.000207
0.000000
0.000000
0.000000
0.060254
0.035720
0.005848
0.014850
0.014854
0.003297
0.000000
0.000000
0.000000
0.052931
0.027509
0.002547
0.000895
0.000860
0.000000
0.000000
0.000000
0.000000
0.032449
0.030852
0.014684
0.008709
0.006871
0.000193
0.000000
0.000000
0.000000
0.060254
0.035720
0.005848
0.014850
0.014854
0.003297
0.000000
0.000000
0.000000
0.045219
0.013585
0.007745
0.005172
0.016721
0.005359
0.000000
0.000000
0.000000
0.001615
0.001263
0.000996
0.001233
0.019145
0.011442
0.000000
0.000000
0.000000
0.000750
0.001683
0.004670
0.005482
0.020176
0.006860
0.000000
0.000000
0.000000
0.014556
0.010780
0.004937
0.005067
0.002878
0.000000
0.000000
0.000000
0.000000
0.001693
0.001355
0.001822
0.001998
0.006673
0.001793
0.000000
0.000000
0.000000
0.000750
0.001683
0.004670
0.005482
0.020176
0.006860
0.000000
0.000000
0.000000
0.001870
0.004286
0.003570
0.004556
0.001889
0.000156
0.000000
0.000000
0.000000
0.001693
0.001355
0.001822
0.001998
0.006673
0.001793
0.000000
0.000000
0.000000
0.000829
0.001531
0.003884
0.004601
0.002806
0.000584
0.000000
0.000000
0.000000
0.001870
0.004286
0.003570
0.004556
0.001889
0.000156
0.000000
0.000000
0.000000
0.001396
0.001916
0.001739
0.001926
0.000622
0.000037
0.000000
0.000000
0.000000
0.000829
0.001531
0.003884
0.004601
0.002806
0.000584
0.000000
0.000000
0.000000
0.031504
0.011960
0.009671
0.006754
0.002601
0.000446
0.000000
0.000000
0.000000
0.001396
0.001916
0.001739
0.001926
0.000622
0.000037
0.000000
0.000000
0.000000
0.001476
0.002781
0.002625
0.000945
0.000645
0.000005
0.000000
0.000000
0.000000
0.031504
0.011960
0.009671
0.006754
0.002601
0.000446
0.000000
0.000000
0.000000
0.016597
0.005003
0.004516
0.016147
0.062106
0.034877
0.000000
0.000000
0.000000
0.001476
0.002781
0.002625
0.000945
0.000645
0.000005
0.000000
0.000000
0.000000
0.001047
0.002740
0.002137
0.000897
0.000472
0.000083
0.000000
0.000000
0.000000
0.016597
0.005003
0.004516
0.016147
0.062106
0.034877
0.000000
0.000000
0.000000
0.042717
0.017201
0.012136
0.016906
0.019489
0.008797
0.000000
0.000000
0.000000
0.001047
0.002740
0.002137
0.000897
0.000472
0.000083
0.000000
0.000000
0.000000
0.000443
0.000846
0.000979
0.001251
0.000429
0.000000
0.000000
0.000000
0.000000
0.042717
0.017201
0.012136
0.016906
0.019489
0.008797
0.000000
0.000000
0.000000
0.000457
0.002072
0.004035
0.014027
0.022990
0.003028
0.000000
0.000000
0.000000
0.000443
0.000846
0.000979
0.001251
0.000429
0.000000
0.000000
0.000000
0.000000
0.000405
0.001273
0.002486
0.002007
0.001586
0.000137
0.000000
0.000000
0.000000
0.000457
0.002072
0.004035
0.014027
0.022990
0.003028
0.000000
0.000000
0.000000
0.000276
0.003078
0.020027
0.039066
0.023342
0.002685
0.000000
0.000000
0.000000
0.000405
0.001273
0.002486
0.002007
0.001586
0.000137
0.000000
0.000000
0.000000
0.054286
0.032585
0.005536
0.001731
0.000007
0.000000
0.000000
0.000000
0.000000
0.000276
0.003078
0.020027
0.039066
0.023342
0.002685
0.000000
0.000000
0.000000
0.076705
0.017114
0.004309
0.005477
0.008233
0.000425
0.000000
0.000000
0.000000
0.054286
0.032585
0.005536
0.001731
0.000007
0.000000
0.000000
0.000000
0.000000
0.069627
0.043293
0.004693
0.002192
0.001698
0.000207
0.000000
0.000000
0.000000
0.076705
0.017114
0.004309
0.005477
0.008233
0.000425
0.000000
0.000000
0.000000
0.066194
0.041695
0.004589
0.011749
0.012294
0.000222
0.000000
0.000000
0.000000
0.069627
0.043293
0.004693
0.002192
0.001698
0.000207
0.000000
0.000000
0.000000
0.060254
0.035720
0.005848
0.014850
0.014854
0.003297
0.000000
0.000000
0.000000
0.066194
0.041695
0.004589
0.011749
0.012294
0.000222
0.000000
0.000000
0.000000
0.032733
0.016445
0.009903
0.005096
0.007680
0.000268
0.000000
0.000000
0.000000
0.060254
0.035720
0.005848
0.014850
0.014854
0.003297
0.000000
0.000000
0.000000
0.045219
0.013585
0.007745
0.005172
0.016721
0.005359
0.000000
0.000000
0.000000
0.032733
0.016445
0.009903
0.005096
0.007680
0.000268
0.000000
0.000000
0.000000
0.000679
0.002385
0.004349
0.005350
0.003045
0.000196
0.000000
0.000000
0.000000
0.014556
0.010780
0.004937
0.005067
0.002878
0.000000
0.000000
0.000000
0.000000
0.001693
0.001355
0.001822
0.001998
0.006673
0.001793
0.000000
0.000000
0.000000
0.017440
0.027220
0.011572
0.015219
0.025096
0.008706
0.000000
0.000000
0.000000
0.003633
0.003013
0.008786
0.013620
0.029696
0.010831
0.000000
0.000000
0.000000
0.001693
0.001355
0.001822
0.001998
0.006673
0.001793
0.000000
0.000000
0.000000
0.000829
0.001531
0.003884
0.004601
0.002806
0.000584
0.000000
0.000000
0.000000
0.003633
0.003013
0.008786
0.013620
0.029696
0.010831
0.000000
0.000000
0.000000
0.002808
0.005511
0.007497
0.008935
0.008387
0.002083
0.000000
0.000000
0.000000
0.000829
0.001531
0.003884
0.004601
0.002806
0.000584
0.000000
0.000000
0.000000
0.031504
0.011960
0.009671
0.006754
0.002601
0.000446
0.000000
0.000000
0.000000
0.002808
0.005511
0.007497
0.008935
0.008387
0.002083
0.000000
0.000000
0.000000
0.044659
0.033192
0.002638
0.000734
0.000413
0.000000
0.000000
0.000000
0.000000
0.031504
0.011960
0.009671
0.006754
0.002601
0.000446
0.000000
0.000000
0.000000
0.016597
0.005003
0.004516
0.016147
0.062106
0.034877
0.000000
0.000000
0.000000
0.044659
0.033192
0.002638
0.000734
0.000413
0.000000
0.000000
0.000000
0.000000
0.011172
0.016443
0.015111
0.031723
0.062988
0.012635
0.000000
0.000000
0.000000
0.016597
0.005003
0.004516
0.016147
0.062106
0.034877
0.000000
0.000000
0.000000
0.042717
0.017201
0.012136
0.016906
0.019489
0.008797
0.000000
0.000000
0.000000
0.011172
0.016443
0.015111
0.031723
0.062988
0.012635
0.000000
0.000000
0.000000
0.032937
0.026971
0.016242
0.024598
0.024310
0.002107
0.000000
0.000000
0.000000
0.042717
0.017201
0.012136
0.016906
0.019489
0.008797
0.000000
0.000000
0.000000
0.000457
0.002072
0.004035
0.014027
0.022990
0.003028
0.000000
0.000000
0.000000
0.032937
0.026971
0.016242
0.024598
0.024310
0.002107
0.000000
0.000000
0.000000
0.001892
0.009906
0.017079
0.016701
0.013987
0.001280
0.000000
0.000000
0.000000
0.000457
0.002072
0.004035
0.014027
0.022990
0.003028
0.000000
0.000000
0.000000
0.000276
0.003078
0.020027
0.039066
0.023342
0.002685
0.000000
0.000000
0.000000
0.001892
0.009906
0.017079
0.016701
0.013987
0.001280
0.000000
0.000000
0.000000
0.003561
0.005999
0.006787
0.007557
0.007472
0.001298
0.000000
0.000000
0.000000
0.000276
0.003078
0.020027
0.039066
0.023342
0.002685
0.000000
0.000000
0.000000
0.076705
0.017114
0.004309
0.005477
0.008233
0.000425
0.000000
0.000000
0.000000
0.003561
0.005999
0.006787
0.007557
0.007472
0.001298
0.000000
0.000000
0.000000
0.036822
0.032551
0.020236
0.012620
0.009472
0.000583
0.000000
0.000000
0.000000
0.076705
0.017114
0.004309
0.005477
0.008233
0.000425
0.000000
0.000000
0.000000
0.066194
0.041695
0.004589
0.011749
0.012294
0.000222
0.000000
0.000000
0.000000
0.036822
0.032551
0.020236
0.012620
0.009472
0.000583
0.000000
0.000000
0.000000
0.009379
0.009120
0.007329
0.013860
0.006118
0.000049
0.000000
0.000000
0.000000
0.066194
0.041695
0.004589
0.011749
0.012294
0.000222
0.000000
0.000000
0.000000
0.032733
0.016445
0.009903
0.005096
0.007680
0.000268
0.000000
0.000000
0.000000
0.009379
0.009120
0.007329
0.013860
0.006118
0.000049
0.000000
0.000000
0.000000
0.001278
0.002551
0.002437
0.002619
0.001600
0.000170
0.000000
0.000000
0.000000
0.032733
0.016445
0.009903
0.005096
0.007680
0.000268
0.000000
0.000000
0.000000
0.000679
0.002385
0.004349
0.005350
0.003045
0.000196
0.000000
0.000000
0.000000
0.001278
0.002551
0.002437
0.002619
0.001600
0.000170
0.000000
0.000000
0.000000
0.000245
0.000301
0.000822
0.000980
0.000497
0.000023
0.000000
0.000000
0.000000
0.017440
0.027220
0.011572
0.015219
0.025096
0.008706
0.000000
0.000000
0.000000
0.003633
0.003013
0.008786
0.013620
0.029696
0.010831
0.000000
0.000000
0.000000
0.019170
0.028029
0.016966
0.018856
0.012679
0.001896
0.000000
0.000000
0.000000
0.000451
0.003374
0.016102
0.028786
0.026290
0.003808
0.000000
0.000000
0.000000
0.003633
0.003013
0.008786
0.013620
0.029696
0.010831
0.000000
0.000000
0.000000
0.002808
0.005511
0.007497
0.008935
0.008387
0.002083
0.000000
0.000000
0.000000
0.000451
0.003374
0.016102
0.028786
0.026290
0.003808
0.000000
0.000000
0.000000
0.001344
0.020647
0.020771
0.023764
0.021346
0.002909
0.000000
0.000000
0.000000
0.002808
0.005511
0.007497
0.008935
0.008387
0.002083
0.000000
0.000000
0.000000
0.044659
0.033192
0.002638
0.000734
0.000413
0.000000
0.000000
0.000000
0.000000
0.001344
0.020647
0.020771
0.023764
0.021346
0.002909
0.000000
0.000000
0.000000
0.021484
0.009702
0.011006
0.025381
0.020937
0.002054
0.000000
0.000000
0.000000
0.044659
0.033192
0.002638
0.000734
0.000413
0.000000
0.000000
0.000000
0.000000
0.011172
0.016443
0.015111
0.031723
0.062988
0.012635
0.000000
0.000000
0.000000
0.021484
0.009702
0.011006
0.025381
0.020937
0.002054
0.000000
0.000000
0.000000
0.017767
0.046653
0.026113
0.018082
0.015980
0.002225
0.000000
0.000000
0.000000
0.011172
0.016443
0.015111
0.031723
0.062988
0.012635
0.000000
0.000000
0.000000
0.032937
0.026971
0.016242
0.024598
0.024310
0.002107
0.000000
0.000000
0.000000
0.017767
0.046653
0.026113
0.018082
0.015980
0.002225
0.000000
0.000000
0.000000
0.004948
0.018372
0.014348
0.007197
0.014813
0.002331
0.000000
0.000000
0.000000
0.032937
0.026971
0.016242
0.024598
0.024310
0.002107
0.000000
0.000000
0.000000
0.001892
0.009906
0.017079
0.016701
0.013987
0.001280
0.000000
0.000000
0.000000
0.004948
0.018372
0.014348
0.007197
0.014813
0.002331
0.000000
0.000000
0.000000
0.000784
0.003051
0.004743
0.008253
0.005526
0.000398
0.000000
0.000000
0.000000
0.001892
0.009906
0.017079
0.016701
0.013987
0.001280
0.000000
0.000000
0.000000
0.003561
0.005999
0.006787
0.007557
0.007472
0.001298
0.000000
0.000000
0.000000
0.000784
0.003051
0.004743
0.008253
0.005526
0.000398
0.000000
0.000000
0.000000
0.000964
0.002442
0.005194
0.004141
0.002128
0.000120
0.000000
0.000000
0.000000
0.003561
0.005999
0.006787
0.007557
0.007472
0.001298
0.000000
0.000000
0.000000
0.036822
0.032551
0.020236
0.012620
0.009472
0.000583
0.000000
0.000000
0.000000
0.000964
0.002442
0.005194
0.004141
0.002128
0.000120
0.000000
0.000000
0.000000
0.003439
0.007504
0.003260
0.004453
0.004524
0.000135
0.000000
0.000000
0.000000
0.036822
0.032551
0.020236
0.012620
0.009472
0.000583
0.000000
0.000000
0.000000
0.009379
0.009120
0.007329
0.013860
0.006118
0.000049
0.000000
0.000000
0.000000
0.003439
0.007504
0.003260
0.004453
0.004524
0.000135
0.000000
0.000000
0.000000
0.000521
0.000897
0.000945
0.001521
0.006607
0.001004
0.000000
0.000000
0.000000
0.009379
0.009120
0.007329
0.013860
0.006118
0.000049
0.000000
0.000000
0.000000
0.001278
0.002551
0.002437
0.002619
0.001600
0.000170
0.000000
0.000000
0.000000
0.000521
0.000897
0.000945
0.001521
0.006607
0.001004
0.000000
0.000000
0.000000
0.000431
0.000821
0.001895
0.004238
0.005586
0.000811
0.000000
0.000000
0.000000
0.001278
0.002551
0.002437
0.002619
0.001600
0.000170
0.000000
0.000000
0.000000
0.000245
0.000301
0.000822
0.000980
0.000497
0.000023
0.000000
0.000000
0.000000
0.000431
0.000821
0.001895
0.004238
0.005586
0.000811
0.000000
0.000000
0.000000
0.000416
0.001840
0.001394
0.000943
0.003540
0.000754
0.000000
0.000000
0.000000
0.019170
0.028029
0.016966
0.018856
0.012679
0.001896
0.000000
0.000000
0.000000
0.000451
0.003374
0.016102
0.028786
0.026290
0.003808
0.000000
0.000000
0.000000
0.007862
0.015261
0.008305
0.004215
0.003400
0.000212
0.000000
0.000000
0.000000
0.002324
0.007742
0.014512
0.020373
0.017493
0.003080
0.000000
0.000000
0.000000
0.000451
0.003374
0.016102
0.028786
0.026290
0.003808
0.000000
0.000000
0.000000
0.001344
0.020647
0.020771
0.023764
0.021346
0.002909
0.000000
0.000000
0.000000
0.002324
0.007742
0.014512
0.020373
0.017493
0.003080
0.000000
0.000000
0.000000
0.002609
0.007543
0.017384
0.021587
0.016094
0.001084
0.000000
0.000000
0.000000
0.001344
0.020647
0.020771
0.023764
0.021346
0.002909
0.000000
0.000000
0.000000
0.021484
0.009702
0.011006
0.025381
0.020937
0.002054
0.000000
0.000000
0.000000
0.002609
0.007543
0.017384
0.021587
0.016094
0.001084
0.000000
0.000000
0.000000
0.006253
0.013791
0.008438
0.006392
0.002730
0.000120
0.000000
0.000000
0.000000
0.021484
0.009702
0.011006
0.025381
0.020937
0.002054
0.000000
0.000000
0.000000
0.017767
0.046653
0.026113
0.018082
0.015980
0.002225
0.000000
0.000000
0.000000
0.006253
0.013791
0.008438
0.006392
0.002730
0.000120
0.000000
0.000000
0.000000
0.006880
0.022578
0.014495
0.005890
0.008115
0.001074
0.000000
0.000000
0.000000
0.017767
0.046653
0.026113
0.018082
0.015980
0.002225
0.000000
0.000000
0.000000
0.004948
0.018372
0.014348
0.007197
0.014813
0.002331
0.000000
0.000000
0.000000
0.006880
0.022578
0.014495
0.005890
0.008115
0.001074
0.000000
0.000000
0.000000
0.004391
0.007241
0.006200
0.003792
0.003408
0.000440
0.000000
0.000000
0.000000
0.004948
0.018372
0.014348
0.007197
0.014813
0.002331
0.000000
0.000000
0.000000
0.000784
0.003051
0.004743
0.008253
0.005526
0.000398
0.000000
0.000000
0.000000
0.004391
0.007241
0.006200
0.003792
0.003408
0.000440
0.000000
0.000000
0.000000
0.001820
0.003327
0.003962
0.004814
0.001564
0.000279
0.000000
0.000000
0.000000
0.000784
0.003051
0.004743
0.008253
0.005526
0.000398
0.000000
0.000000
0.000000
0.000964
0.002442
0.005194
0.004141
0.002128
0.000120
0.000000
0.000000
0.000000
0.001820
0.003327
0.003962
0.004814
0.001564
0.000279
0.000000
0.000000
0.000000
0.001490
0.002596
0.001686
0.001645
0.001284
0.000121
0.000000
0.000000
0.000000
0.000964
0.002442
0.005194
0.004141
0.002128
0.000120
0.000000
0.000000
0.000000
0.003439
0.007504
0.003260
0.004453
0.004524
0.000135
0.000000
0.000000
0.000000
0.001490
0.002596
0.001686
0.001645
0.001284
0.000121
0.000000
0.000000
0.000000
0.002304
0.002665
0.001358
0.001525
0.000670
0.000019
0.000000
0.000000
0.000000
0.003439
0.007504
0.003260
0.004453
0.004524
0.000135
0.000000
0.000000
0.000000
0.000521
0.000897
0.000945
0.001521
0.006607
0.001004
0.000000
0.000000
0.000000
0.002304
0.002665
0.001358
0.001525
0.000670
0.000019
0.000000
0.000000
0.000000
0.000617
0.001134
0.002227
0.001928
0.001498
0.000037
0.000000
0.000000
0.000000
0.000521
0.000897
0.000945
0.001521
0.006607
0.001004
0.000000
0.000000
0.000000
0.000431
0.000821
0.001895
0.004238
0.005586
0.000811
0.000000
0.000000
0.000000
0.000617
0.001134
0.002227
0.001928
0.001498
0.000037
0.000000
0.000000
0.000000
0.001090
0.002813
0.004212
0.003263
0.003174
0.000180
0.000000
0.000000
0.000000
0.000431
0.000821
0.001895
0.004238
0.005586
0.000811
0.000000
0.000000
0.000000
0.000416
0.001840
0.001394
0.000943
0.003540
0.000754
0.000000
0.000000
0.000000
0.001090
0.002813
0.004212
0.003263
0.003174
0.000180
0.000000
0.000000
0.000000
0.002393
0.006723
0.006062
0.002085
0.003574
0.000407
0.000000
0.000000
0.000000
0.007862
0.015261
0.008305
0.004215
0.003400
0.000212
0.000000
0.000000
0.000000
0.002324
0.007742
0.014512
0.020373
0.017493
0.003080
0.000000
0.000000
0.000000
0.009102
0.017966
0.020800
0.015002
0.016096
0.002261
0.000000
0.000000
0.000000
0.008156
0.020904
0.020296
0.015156
0.015979
0.001683
0.000000
0.000000
0.000000
0.002324
0.007742
0.014512
0.020373
0.017493
0.003080
0.000000
0.000000
0.000000
0.002609
0.007543
0.017384
0.021587
0.016094
0.001084
0.000000
0.000000
0.000000
0.008156
0.020904
0.020296
0.015156
0.015979
0.001683
0.000000
0.000000
0.000000
0.009861
0.014862
0.017549
0.016257
0.021160
0.003241
0.000000
0.000000
0.000000
0.002609
0.007543
0.017384
0.021587
0.016094
0.001084
0.000000
0.000000
0.000000
0.006253
0.013791
0.008438
0.006392
0.002730
0.000120
0.000000
0.000000
0.000000
0.009861
0.014862
0.017549
0.016257
0.021160
0.003241
0.000000
0.000000
0.000000
0.006305
0.015899
0.011430
0.012595
0.008143
0.000281
0.000000
0.000000
0.000000
0.006253
0.013791
0.008438
0.006392
0.002730
0.000120
0.000000
0.000000
0.000000
0.006880
0.022578
0.014495
0.005890
0.008115
0.001074
0.000000
0.000000
0.000000
0.006305
0.015899
0.011430
0.012595
0.008143
0.000281
0.000000
0.000000
0.000000
0.008648
0.012766
0.008260
0.001602
0.001261
0.000268
0.000000
0.000000
0.000000
0.006880
0.022578
0.014495
0.005890
0.008115
0.001074
0.000000
0.000000
0.000000
0.004391
0.007241
0.006200
0.003792
0.003408
0.000440
0.000000
0.000000
0.000000
0.008648
0.012766
0.008260
0.001602
0.001261
0.000268
0.000000
0.000000
0.000000
0.006506
0.008855
0.003286
0.002008
0.001631
0.000037
0.000000
0.000000
0.000000
0.004391
0.007241
0.006200
0.003792
0.003408
0.000440
0.000000
0.000000
0.000000
0.001820
0.003327
0.003962
0.004814
0.001564
0.000279
0.000000
0.000000
0.000000
0.006506
0.008855
0.003286
0.002008
0.001631
0.000037
0.000000
0.000000
0.000000
0.001727
0.001702
0.002544
0.001739
0.000876
0.000125
0.000000
0.000000
0.000000
0.001820
0.003327
0.003962
0.004814
0.001564
0.000279
0.000000
0.000000
0.000000
0.001490
0.002596
0.001686
0.001645
0.001284
0.000121
0.000000
0.000000
0.000000
0.001727
0.001702
0.002544
0.001739
0.000876
0.000125
0.000000
0.000000
0.000000
0.000981
0.002443
0.001818
0.001878
0.000927
0.000020
0.000000
0.000000
0.000000
0.001490
0.002596
0.001686
0.001645
0.001284
0.000121
0.000000
0.000000
0.000000
0.002304
0.002665
0.001358
0.001525
0.000670
0.000019
0.000000
0.000000
0.000000
0.000981
0.002443
0.001818
0.001878
0.000927
0.000020
0.000000
0.000000
0.000000
0.001778
0.003265
0.008757
0.007679
0.004768
0.000197
0.000000
0.000000
0.000000
0.002304
0.002665
0.001358
0.001525
0.000670
0.000019
0.000000
0.000000
0.000000
0.000617
0.001134
0.002227
0.001928
0.001498
0.000037
0.000000
0.000000
0.000000
0.001778
0.003265
0.008757
0.007679
0.004768
0.000197
0.000000
0.000000
0.000000
0.000430
0.000919
0.002033
0.003316
0.001476
0.000151
0.000000
0.000000
0.000000
0.000617
0.001134
0.002227
0.001928
0.001498
0.000037
0.000000
0.000000
0.000000
0.001090
0.002813
0.004212
0.003263
0.003174
0.000180
0.000000
0.000000
0.000000
0.000430
0.000919
0.002033
0.003316
0.001476
0.000151
0.000000
0.000000
0.000000
0.002373
0.005490
0.006359
0.007456
0.004124
0.000338
0.000000
0.000000
0.000000
0.001090
0.002813
0.004212
0.003263
0.003174
0.000180
0.000000
0.000000
0.000000
0.002393
0.006723
0.006062
0.002085
0.003574
0.000407
0.000000
0.000000
0.000000
0.002373
0.005490
0.006359
0.007456
0.004124
0.000338
0.000000
0.000000
0.000000
0.002055
0.005775
0.005167
0.003710
0.002762
0.000050
0.000000
0.000000
0.000000
0.009102
0.017966
0.020800
0.015002
0.016096
0.002261
0.000000
0.000000
0.000000
0.008156
0.020904
0.020296
0.015156
0.015979
0.001683
0.000000
0.000000
0.000000
0.003410
0.010319
0.008471
0.009733
0.005591
0.000327
0.000000
0.000000
0.000000
0.009252
0.019756
0.012912
0.006549
0.007100
0.000228
0.000000
0.000000
0.000000
0.008156
0.020904
0.020296
0.015156
0.015979
0.001683
0.000000
0.000000
0.000000
0.009861
0.014862
0.017549
0.016257
0.021160
0.003241
0.000000
0.000000
0.000000
0.009252
0.019756
0.012912
0.006549
0.007100
0.000228
0.000000
0.000000
0.000000
0.009891
0.020689
0.011572
0.010510
0.008453
0.001454
0.000000
0.000000
0.000000
0.009861
0.014862
0.017549
0.016257
0.021160
0.003241
0.000000
0.000000
0.000000
0.006305
0.015899
0.011430
0.012595
0.008143
0.000281
0.000000
0.000000
0.000000
0.009891
0.020689
0.011572
0.010510
0.008453
0.001454
0.000000
0.000000
0.000000
0.033336
0.044004
0.023022
0.010453
0.004477
0.000464
0.000000
0.000000
0.000000
0.006305
0.015899
0.011430
0.012595
0.008143
0.000281
0.000000
0.000000
0.000000
0.008648
0.012766
0.008260
0.001602
0.001261
0.000268
0.000000
0.000000
0.000000
0.033336
0.044004
0.023022
0.010453
0.004477
0.000464
0.000000
0.000000
0.000000
0.004162
0.014109
0.009087
0.006811
0.005215
0.000841
0.000000
0.000000
0.000000
0.008648
0.012766
0.008260
0.001602
0.001261
0.000268
0.000000
0.000000
0.000000
0.006506
0.008855
0.003286
0.002008
0.001631
0.000037
0.000000
0.000000
0.000000
0.004162
0.014109
0.009087
0.006811
0.005215
0.000841
0.000000
0.000000
0.000000
0.010877
0.009959
0.004730
0.004639
0.002626
0.000448
0.000000
0.000000
0.000000
0.006506
0.008855
0.003286
0.002008
0.001631
0.000037
0.000000
0.000000
0.000000
0.001727
0.001702
0.002544
0.001739
0.000876
0.000125
0.000000
0.000000
0.000000
0.010877
0.009959
0.004730
0.004639
0.002626
0.000448
0.000000
0.000000
0.000000
0.000997
0.001645
0.003017
0.001382
0.000977
0.000070
0.000000
0.000000
0.000000
0.001727
0.001702
0.002544
0.001739
0.000876
0.000125
0.000000
0.000000
0.000000
0.000981
0.002443
0.001818
0.001878
0.000927
0.000020
0.000000
0.000000
0.000000
0.000997
0.001645
0.003017
0.001382
0.000977
0.000070
0.000000
0.000000
0.000000
0.001369
0.001286
0.002202
0.001930
0.000330
0.000000
0.000000
0.000000
0.000000
0.000981
0.002443
0.001818
0.001878
0.000927
0.000020
0.000000
0.000000
0.000000
0.001778
0.003265
0.008757
0.007679
0.004768
0.000197
0.000000
0.000000
0.000000
0.001369
0.001286
0.002202
0.001930
0.000330
0.000000
0.000000
0.000000
0.000000
0.013204
0.009864
0.006051
0.004740
0.005189
0.000163
0.000000
0.000000
0.000000
0.001778
0.003265
0.008757
0.007679
0.004768
0.000197
0.000000
0.000000
0.000000
0.000430
0.000919
0.002033
0.003316
0.001476
0.000151
0.000000
0.000000
0.000000
0.013204
0.009864
0.006051
0.004740
0.005189
0.000163
0.000000
0.000000
0.000000
0.003004
0.015087
0.032206
0.037740
0.026145
0.003687
0.000000
0.000000
0.000000
0.000430
0.000919
0.002033
0.003316
0.001476
0.000151
0.000000
0.000000
0.000000
0.002373
0.005490
0.006359
0.007456
0.004124
0.000338
0.000000
0.000000
0.000000
0.003004
0.015087
0.032206
0.037740
0.026145
0.003687
0.000000
0.000000
0.000000
0.003639
0.010127
0.011646
0.003946
0.002251
0.000247
0.000000
0.000000
0.000000
0.002373
0.005490
0.006359
0.007456
0.004124
0.000338
0.000000
0.000000
0.000000
0.002055
0.005775
0.005167
0.003710
0.002762
0.000050
0.000000
0.000000
0.000000
0.003639
0.010127
0.011646
0.003946
0.002251
0.000247
0.000000
0.000000
0.000000
0.001624
0.003192
0.003886
0.003214
0.002482
0.000375
0.000000
0.000000
0.000000
0.003410
0.010319
0.008471
0.009733
0.005591
0.000327
0.000000
0.000000
0.000000
0.009252
0.019756
0.012912
0.006549
0.007100
0.000228
0.000000
0.000000
0.000000
0.004894
0.013979
0.014031
0.007936
0.002294
0.000240
0.000000
0.000000
0.000000
0.010645
0.013849
0.006619
0.006362
0.013126
0.002543
0.000000
0.000000
0.000000
0.009252
0.019756
0.012912
0.006549
0.007100
0.000228
0.000000
0.000000
0.000000
0.009891
0.020689
0.011572
0.010510
0.008453
0.001454
0.000000
0.000000
0.000000
0.010645
0.013849
0.006619
0.006362
0.013126
0.002543
0.000000
0.000000
0.000000
0.029322
0.028089
0.005339
0.001728
0.000800
0.000008
0.000000
0.000000
0.000000
0.009891
0.020689
0.011572
0.010510
0.008453
0.001454
0.000000
0.000000
0.000000
0.033336
0.044004
0.023022
0.010453
0.004477
0.000464
0.000000
0.000000
0.000000
0.029322
0.028089
0.005339
0.001728
0.000800
0.000008
0.000000
0.000000
0.000000
0.066376
0.051470
0.005962
0.002967
0.001723
0.000200
0.000000
0.000000
0.000000
0.033336
0.044004
0.023022
0.010453
0.004477
0.000464
0.000000
0.000000
0.000000
0.004162
0.014109
0.009087
0.006811
0.005215
0.000841
0.000000
0.000000
0.000000
0.066376
0.051470
0.005962
0.002967
0.001723
0.000200
0.000000
0.000000
0.000000
0.026113
0.022626
0.011494
0.016841
0.015655
0.001869
0.000000
0.000000
0.000000
0.004162
0.014109
0.009087
0.006811
0.005215
0.000841
0.000000
0.000000
0.000000
0.010877
0.009959
0.004730
0.004639
0.002626
0.000448
0.000000
0.000000
0.000000
0.026113
0.022626
0.011494
0.016841
0.015655
0.001869
0.000000
0.000000
0.000000
0.021890
0.011556
0.006106
0.004397
0.005035
0.000838
0.000000
0.000000
0.000000
0.010877
0.009959
0.004730
0.004639
0.002626
0.000448
0.000000
0.000000
0.000000
0.000997
0.001645
0.003017
0.001382
0.000977
0.000070
0.000000
0.000000
0.000000
0.021890
0.011556
0.006106
0.004397
0.005035
0.000838
0.000000
0.000000
0.000000
0.001103
0.002053
0.003181
0.002821
0.003265
0.000194
0.000000
0.000000
0.000000
0.000997
0.001645
0.003017
0.001382
0.000977
0.000070
0.000000
0.000000
0.000000
0.001369
0.001286
0.002202
0.001930
0.000330
0.000000
0.000000
0.000000
0.000000
0.001103
0.002053
0.003181
0.002821
0.003265
0.000194
0.000000
0.000000
0.000000
0.004641
0.005039
0.001782
0.000583
0.000166
0.000018
0.000000
0.000000
0.000000
0.001369
0.001286
0.002202
0.001930
0.000330
0.000000
0.000000
0.000000
0.000000
0.013204
0.009864
0.006051
0.004740
0.005189
0.000163
0.000000
0.000000
0.000000
0.004641
0.005039
0.001782
0.000583
0.000166
0.000018
0.000000
0.000000
0.000000
0.012911
0.003935
0.001304
0.001858
0.000697
0.000044
0.000000
0.000000
0.000000
0.013204
0.009864
0.006051
0.004740
0.005189
0.000163
0.000000
0.000000
0.000000
0.003004
0.015087
0.032206
0.037740
0.026145
0.003687
0.000000
0.000000
0.000000
0.012911
0.003935
0.001304
0.001858
0.000697
0.000044
0.000000
0.000000
0.000000
0.007797
0.020579
0.016733
0.021998
0.016822
0.000597
0.000000
0.000000
0.000000
0.003004
0.015087
0.032206
0.037740
0.026145
0.003687
0.000000
0.000000
0.000000
0.003639
0.010127
0.011646
0.003946
0.002251
0.000247
0.000000
0.000000
0.000000
0.007797
0.020579
0.016733
0.021998
0.016822
0.000597
0.000000
0.000000
0.000000
0.004569
0.009317
0.004447
0.000831
0.000544
0.000005
0.000000
0.000000
0.000000
0.003639
0.010127
0.011646
0.003946
0.002251
0.000247
0.000000
0.000000
0.000000
0.001624
0.003192
0.003886
0.003214
0.002482
0.000375
0.000000
0.000000
0.000000
0.004569
0.009317
0.004447
0.000831
0.000544
0.000005
0.000000
0.000000
0.000000
0.001617
0.006249
0.004718
0.004059
0.001448
0.000241
0.000000
0.000000
0.000000
0.004894
0.013979
0.014031
0.007936
0.002294
0.000240
0.000000
0.000000
0.000000
0.010645
0.013849
0.006619
0.006362
0.013126
0.002543
0.000000
0.000000
0.000000
0.003554
0.008842
0.012624
0.009437
0.006501
0.001014
0.000000
0.000000
0.000000
0.031513
0.023966
0.003692
0.003750
0.002051
0.000035
0.000000
0.000000
0.000000
0.010645
0.013849
0.006619
0.006362
0.013126
0.002543
0.000000
0.000000
0.000000
0.029322
0.028089
0.005339
0.001728
0.000800
0.000008
0.000000
0.000000
0.000000
0.031513
0.023966
0.003692
0.003750
0.002051
0.000035
0.000000
0.000000
0.000000
0.030308
0.025068
0.005359
0.002379
0.002338
0.000418
0.000000
0.000000
0.000000
0.029322
0.028089
0.005339
0.001728
0.000800
0.000008
0.000000
0.000000
0.000000
0.066376
0.051470
0.005962
0.002967
0.001723
0.000200
0.000000
0.000000
0.000000
0.030308
0.025068
0.005359
0.002379
0.002338
0.000418
0.000000
0.000000
0.000000
0.051768
0.030476
0.006424
0.003654
0.001068
0.000000
0.000000
0.000000
0.000000
0.066376
0.051470
0.005962
0.002967
0.001723
0.000200
0.000000
0.000000
0.000000
0.026113
0.022626
0.011494
0.016841
0.015655
0.001869
0.000000
0.000000
0.000000
0.051768
0.030476
0.006424
0.003654
0.001068
0.000000
0.000000
0.000000
0.000000
0.006269
0.013028
0.006519
0.008924
0.020308
0.002151
0.000000
0.000000
0.000000
0.026113
0.022626
0.011494
0.016841
0.015655
0.001869
0.000000
0.000000
0.000000
0.021890
0.011556
0.006106
0.004397
0.005035
0.000838
0.000000
0.000000
0.000000
0.006269
0.013028
0.006519
0.008924
0.020308
0.002151
0.000000
0.000000
0.000000
0.007964
0.009298
0.008792
0.011589
0.015956
0.001789
0.000000
0.000000
0.000000
0.021890
0.011556
0.006106
0.004397
0.005035
0.000838
0.000000
0.000000
0.000000
0.001103
0.002053
0.003181
0.002821
0.003265
0.000194
0.000000
0.000000
0.000000
0.007964
0.009298
0.008792
0.011589
0.015956
0.001789
0.000000
0.000000
0.000000
0.008562
0.020309
0.015370
0.012457
0.007006
0.000375
0.000000
0.000000
0.000000
0.001103
0.002053
0.003181
0.002821
0.003265
0.000194
0.000000
0.000000
0.000000
0.004641
0.005039
0.001782
0.000583
0.000166
0.000018
0.000000
0.000000
0.000000
0.008562
0.020309
0.015370
0.012457
0.007006
0.000375
0.000000
0.000000
0.000000
0.007755
0.013004
0.008144
0.005776
0.004280
0.000856
0.000000
0.000000
0.000000
0.004641
0.005039
0.001782
0.000583
0.000166
0.000018
0.000000
0.000000
0.000000
0.012911
0.003935
0.001304
0.001858
0.000697
0.000044
0.000000
0.000000
0.000000
0.007755
0.013004
0.008144
0.005776
0.004280
0.000856
0.000000
0.000000
0.000000
0.011944
0.008874
0.003615
0.003466
0.002683
0.000390
0.000000
0.000000
0.000000
0.012911
0.003935
0.001304
0.001858
0.000697
0.000044
0.000000
0.000000
0.000000
0.007797
0.020579
0.016733
0.021998
0.016822
0.000597
0.000000
0.000000
0.000000
0.011944
0.008874
0.003615
0.003466
0.002683
0.000390
0.000000
0.000000
0.000000
0.025818
0.011370
0.000863
0.001177
0.002162
0.000258
0.000000
0.000000
0.000000
0.007797
0.020579
0.016733
0.021998
0.016822
0.000597
0.000000
0.000000
0.000000
0.004569
0.009317
0.004447
0.000831
0.000544
0.000005
0.000000
0.000000
0.000000
0.025818
0.011370
0.000863
0.001177
0.002162
0.000258
0.000000
0.000000
0.000000
0.003728
0.004964
0.002167
0.001227
0.000582
0.000015
0.000000
0.000000
0.000000
0.004569
0.009317
0.004447
0.000831
0.000544
0.000005
0.000000
0.000000
0.000000
0.001617
0.006249
0.004718
0.004059
0.001448
0.000241
0.000000
0.000000
0.000000
0.003728
0.004964
0.002167
0.001227
0.000582
0.000015
0.000000
0.000000
0.000000
0.006944
0.012226
0.012176
0.010070
0.003410
0.000058
0.000000
0.000000
0.000000
0.003554
0.008842
0.012624
0.009437
0.006501
0.001014
0.000000
0.000000
0.000000
0.031513
0.023966
0.003692
0.003750
0.002051
0.000035
0.000000
0.000000
0.000000
0.002502
0.010373
0.008526
0.006703
0.003403
0.000477
0.000000
0.000000
0.000000
0.036042
0.036805
0.009466
0.003229
0.001466
0.000041
0.000000
0.000000
0.000000
0.031513
0.023966
0.003692
0.003750
0.002051
0.000035
0.000000
0.000000
0.000000
0.030308
0.025068
0.005359
0.002379
0.002338
0.000418
0.000000
0.000000
0.000000
0.036042
0.036805
0.009466
0.003229
0.001466
0.000041
0.000000
0.000000
0.000000
0.019112
0.036207
0.014603
0.004123
0.002886
0.000176
0.000000
0.000000
0.000000
0.030308
0.025068
0.005359
0.002379
0.002338
0.000418
0.000000
0.000000
0.000000
0.051768
0.030476
0.006424
0.003654
0.001068
0.000000
0.000000
0.000000
0.000000
0.019112
0.036207
0.014603
0.004123
0.002886
0.000176
0.000000
0.000000
0.000000
0.040799
0.034992
0.013062
0.004737
0.001693
0.000524
0.000000
0.000000
0.000000
0.051768
0.030476
0.006424
0.003654
0.001068
0.000000
0.000000
0.000000
0.000000
0.006269
0.013028
0.006519
0.008924
0.020308
0.002151
0.000000
0.000000
0.000000
0.040799
0.034992
0.013062
0.004737
0.001693
0.000524
0.000000
0.000000
0.000000
0.028463
0.082729
0.020990
0.006041
0.003105
0.000484
0.000000
0.000000
0.000000
0.006269
0.013028
0.006519
0.008924
0.020308
0.002151
0.000000
0.000000
0.000000
0.007964
0.009298
0.008792
0.011589
0.015956
0.001789
0.000000
0.000000
0.000000
0.028463
0.082729
0.020990
0.006041
0.003105
0.000484
0.000000
0.000000
0.000000
0.008516
0.014624
0.004819
0.006136
0.007448
0.001033
0.000000
0.000000
0.000000
0.007964
0.009298
0.008792
0.011589
0.015956
0.001789
0.000000
0.000000
0.000000
0.008562
0.020309
0.015370
0.012457
0.007006
0.000375
0.000000
0.000000
0.000000
0.008516
0.014624
0.004819
0.006136
0.007448
0.001033
0.000000
0.000000
0.000000
0.001016
0.005474
0.010062
0.011095
0.013433
0.001149
0.000000
0.000000
0.000000
0.008562
0.020309
0.015370
0.012457
0.007006
0.000375
0.000000
0.000000
0.000000
0.007755
0.013004
0.008144
0.005776
0.004280
0.000856
0.000000
0.000000
0.000000
0.001016
0.005474
0.010062
0.011095
0.013433
0.001149
0.000000
0.000000
0.000000
0.001611
0.005976
0.007792
0.009066
0.015460
0.003144
0.000000
0.000000
0.000000
0.007755
0.013004
0.008144
0.005776
0.004280
0.000856
0.000000
0.000000
0.000000
0.011944
0.008874
0.003615
0.003466
0.002683
0.000390
0.000000
0.000000
0.000000
0.001611
0.005976
0.007792
0.009066
0.015460
0.003144
0.000000
0.000000
0.000000
0.009173
0.027311
0.015093
0.007505
0.027148
0.008110
0.000000
0.000000
0.000000
0.011944
0.008874
0.003615
0.003466
0.002683
0.000390
0.000000
0.000000
0.000000
0.025818
0.011370
0.000863
0.001177
0.002162
0.000258
0.000000
0.000000
0.000000
0.009173
0.027311
0.015093
0.007505
0.027148
0.008110
0.000000
0.000000
0.000000
0.010836
0.017536
0.007952
0.014826
0.034949
0.010959
0.000000
0.000000
0.000000
0.025818
0.011370
0.000863
0.001177
0.002162
0.000258
0.000000
0.000000
0.000000
0.003728
0.004964
0.002167
0.001227
0.000582
0.000015
0.000000
0.000000
0.000000
0.010836
0.017536
0.007952
0.014826
0.034949
0.010959
0.000000
0.000000
0.000000
0.002240
0.002300
0.003348
0.012130
0.059608
0.012342
0.000000
0.000000
0.000000
0.003728
0.004964
0.002167
0.001227
0.000582
0.000015
0.000000
0.000000
0.000000
0.006944
0.012226
0.012176
0.010070
0.003410
0.000058
0.000000
0.000000
0.000000
0.002240
0.002300
0.003348
0.012130
0.059608
0.012342
0.000000
0.000000
0.000000
0.001983
0.012854
0.020634
0.033565
0.028629
0.001959
0.000000
0.000000
0.000000
0.002502
0.010373
0.008526
0.006703
0.003403
0.000477
0.000000
0.000000
0.000000
0.036042
0.036805
0.009466
0.003229
0.001466
0.000041
0.000000
0.000000
0.000000
0.026204
0.020414
0.006841
0.003382
0.003182
0.000886
0.000000
0.000000
0.000000
0.017893
0.025968
0.012738
0.006720
0.005727
0.000533
0.000000
0.000000
0.000000
0.036042
0.036805
0.009466
0.003229
0.001466
0.000041
0.000000
0.000000
0.000000
0.019112
0.036207
0.014603
0.004123
0.002886
0.000176
0.000000
0.000000
0.000000
0.017893
0.025968
0.012738
0.006720
0.005727
0.000533
0.000000
0.000000
0.000000
0.009628
0.026689
0.026117
0.007965
0.003243
0.000141
0.000000
0.000000
0.000000
0.019112
0.036207
0.014603
0.004123
0.002886
0.000176
0.000000
0.000000
0.000000
0.040799
0.034992
0.013062
0.004737
0.001693
0.000524
0.000000
0.000000
0.000000
0.009628
0.026689
0.026117
0.007965
0.003243
0.000141
0.000000
0.000000
0.000000
0.030118
0.028598
0.009690
0.005272
0.005437
0.000537
0.000000
0.000000
0.000000
0.040799
0.034992
0.013062
0.004737
0.001693
0.000524
0.000000
0.000000
0.000000
0.028463
0.082729
0.020990
0.006041
0.003105
0.000484
0.000000
0.000000
0.000000
0.030118
0.028598
0.009690
0.005272
0.005437
0.000537
0.000000
0.000000
0.000000
0.046737
0.022524
0.006450
0.014924
0.009982
0.001486
0.000000
0.000000
0.000000
0.028463
0.082729
0.020990
0.006041
0.003105
0.000484
0.000000
0.000000
0.000000
0.008516
0.014624
0.004819
0.006136
0.007448
0.001033
0.000000
0.000000
0.000000
0.046737
0.022524
0.006450
0.014924
0.009982
0.001486
0.000000
0.000000
0.000000
0.009125
0.010722
0.007242
0.008435
0.007638
0.001160
0.000000
0.000000
0.000000
0.008516
0.014624
0.004819
0.006136
0.007448
0.001033
0.000000
0.000000
0.000000
0.001016
0.005474
0.010062
0.011095
0.013433
0.001149
0.000000
0.000000
0.000000
0.009125
0.010722
0.007242
0.008435
0.007638
0.001160
0.000000
0.000000
0.000000
0.001263
0.003849
0.003688
0.008538
0.010618
0.000968
0.000000
0.000000
0.000000
0.001016
0.005474
0.010062
0.011095
0.013433
0.001149
0.000000
0.000000
0.000000
0.001611
0.005976
0.007792
0.009066
0.015460
0.003144
0.000000
0.000000
0.000000
0.001263
0.003849
0.003688
0.008538
0.010618
0.000968
0.000000
0.000000
0.000000
0.000605
0.002607
0.006291
0.011963
0.014082
0.001679
0.000000
0.000000
0.000000
0.001611
0.005976
0.007792
0.009066
0.015460
0.003144
0.000000
0.000000
0.000000
0.009173
0.027311
0.015093
0.007505
0.027148
0.008110
0.000000
0.000000
0.000000
0.000605
0.002607
0.006291
0.011963
0.014082
0.001679
0.000000
0.000000
0.000000
0.005814
0.009916
0.021644
0.022215
0.007710
0.000425
0.000000
0.000000
0.000000
0.009173
0.027311
0.015093
0.007505
0.027148
0.008110
0.000000
0.000000
0.000000
0.010836
0.017536
0.007952
0.014826
0.034949
0.010959
0.000000
0.000000
0.000000
0.005814
0.009916
0.021644
0.022215
0.007710
0.000425
0.000000
0.000000
0.000000
0.022139
0.029154
0.025157
0.027988
0.017623
0.000490
0.000000
0.000000
0.000000
0.010836
0.017536
0.007952
0.014826
0.034949
0.010959
0.000000
0.000000
0.000000
0.002240
0.002300
0.003348
0.012130
0.059608
0.012342
0.000000
0.000000
0.000000
0.022139
0.029154
0.025157
0.027988
0.017623
0.000490
0.000000
0.000000
0.000000
0.014744
0.023299
0.011782
0.011485
0.010769
0.000540
0.000000
0.000000
0.000000
0.002240
0.002300
0.003348
0.012130
0.059608
0.012342
0.000000
0.000000
0.000000
0.001983
0.012854
0.020634
0.033565
0.028629
0.001959
0.000000
0.000000
0.000000
0.014744
0.023299
0.011782
0.011485
0.010769
0.000540
0.000000
0.000000
0.000000
0.064891
0.006784
0.006150
0.008552
0.002197
0.000007
0.000000
0.000000
0.000000
0.026204
0.020414
0.006841
0.003382
0.003182
0.000886
0.000000
0.000000
0.000000
0.017893
0.025968
0.012738
0.006720
0.005727
0.000533
0.000000
0.000000
0.000000
0.035386
0.037827
0.017591
0.001655
0.000617
0.000163
0.000000
0.000000
0.000000
0.006003
0.012607
0.015545
0.017341
0.015863
0.001573
0.000000
0.000000
0.000000
0.017893
0.025968
0.012738
0.006720
0.005727
0.000533
0.000000
0.000000
0.000000
0.009628
0.026689
0.026117
0.007965
0.003243
0.000141
0.000000
0.000000
0.000000
0.006003
0.012607
0.015545
0.017341
0.015863
0.001573
0.000000
0.000000
0.000000
0.012738
0.032113
0.014513
0.006454
0.008166
0.000923
0.000000
0.000000
0.000000
0.009628
0.026689
0.026117
0.007965
0.003243
0.000141
0.000000
0.000000
0.000000
0.030118
0.028598
0.009690
0.005272
0.005437
0.000537
0.000000
0.000000
0.000000
0.012738
0.032113
0.014513
0.006454
0.008166
0.000923
0.000000
0.000000
0.000000
0.044463
0.034870
0.009631
0.012365
0.009393
0.001584
0.000000
0.000000
0.000000
0.030118
0.028598
0.009690
0.005272
0.005437
0.000537
0.000000
0.000000
0.000000
0.046737
0.022524
0.006450
0.014924
0.009982
0.001486
0.000000
0.000000
0.000000
0.044463
0.034870
0.009631
0.012365
0.009393
0.001584
0.000000
0.000000
0.000000
0.024673
0.010796
0.016536
0.013622
0.008556
0.001888
0.000000
0.000000
0.000000
0.046737
0.022524
0.006450
0.014924
0.009982
0.001486
0.000000
0.000000
0.000000
0.009125
0.010722
0.007242
0.008435
0.007638
0.001160
0.000000
0.000000
0.000000
0.024673
0.010796
0.016536
0.013622
0.008556
0.001888
0.000000
0.000000
0.000000
0.006110
0.008050
0.008651
0.007832
0.011036
0.000531
0.000000
0.000000
0.000000
0.009125
0.010722
0.007242
0.008435
0.007638
0.001160
0.000000
0.000000
0.000000
0.001263
0.003849
0.003688
0.008538
0.010618
0.000968
0.000000
0.000000
0.000000
0.006110
0.008050
0.008651
0.007832
0.011036
0.000531
0.000000
0.000000
0.000000
0.001295
0.007615
0.004995
0.012981
0.013508
0.001535
0.000000
0.000000
0.000000
0.001263
0.003849
0.003688
0.008538
0.010618
0.000968
0.000000
0.000000
0.000000
0.000605
0.002607
0.006291
0.011963
0.014082
0.001679
0.000000
0.000000
0.000000
0.001295
0.007615
0.004995
0.012981
0.013508
0.001535
0.000000
0.000000
0.000000
0.002483
0.004491
0.005029
0.009471
0.014216
0.001709
0.000000
0.000000
0.000000
0.000605
0.002607
0.006291
0.011963
0.014082
0.001679
0.000000
0.000000
0.000000
0.005814
0.009916
0.021644
0.022215
0.007710
0.000425
0.000000
0.000000
0.000000
0.002483
0.004491
0.005029
0.009471
0.014216
0.001709
0.000000
0.000000
0.000000
0.015072
0.035495
0.026576
0.013261
0.013759
0.000918
0.000000
0.000000
0.000000
0.005814
0.009916
0.021644
0.022215
0.007710
0.000425
0.000000
0.000000
0.000000
0.022139
0.029154
0.025157
0.027988
0.017623
0.000490
0.000000
0.000000
0.000000
0.015072
0.035495
0.026576
0.013261
0.013759
0.000918
0.000000
0.000000
0.000000
0.015474
0.013509
0.008658
0.007759
0.010864
0.002037
0.000000
0.000000
0.000000
0.022139
0.029154
0.025157
0.027988
0.017623
0.000490
0.000000
0.000000
0.000000
0.014744
0.023299
0.011782
0.011485
0.010769
0.000540
0.000000
0.000000
0.000000
0.015474
0.013509
0.008658
0.007759
0.010864
0.002037
0.000000
0.000000
0.000000
0.030021
0.032939
0.031081
0.021317
0.014867
0.001256
0.000000
0.000000
0.000000
0.014744
0.023299
0.011782
0.011485
0.010769
0.000540
0.000000
0.000000
0.000000
0.064891
0.006784
0.006150
0.008552
0.002197
0.000007
0.000000
0.000000
0.000000
0.030021
0.032939
0.031081
0.021317
0.014867
0.001256
0.000000
0.000000
0.000000
0.044582
0.017501
0.006998
0.004631
0.022128
0.011786
0.000000
0.000000
0.000000
0.035386
0.037827
0.017591
0.001655
0.000617
0.000163
0.000000
0.000000
0.000000
0.006003
0.012607
0.015545
0.017341
0.015863
0.001573
0.000000
0.000000
0.000000
0.023055
0.045248
0.016731
0.005215
0.000359
0.000000
0.000000
0.000000
0.000000
0.004623
0.012895
0.011848
0.023003
0.014974
0.001891
0.000000
0.000000
0.000000
0.006003
0.012607
0.015545
0.017341
0.015863
0.001573
0.000000
0.000000
0.000000
0.012738
0.032113
0.014513
0.006454
0.008166
0.000923
0.000000
0.000000
0.000000
0.004623
0.012895
0.011848
0.023003
0.014974
0.001891
0.000000
0.000000
0.000000
0.014376
0.029805
0.028182
0.011401
0.004867
0.001136
0.000000
0.000000
0.000000
0.012738
0.032113
0.014513
0.006454
0.008166
0.000923
0.000000
0.000000
0.000000
0.044463
0.034870
0.009631
0.012365
0.009393
0.001584
0.000000
0.000000
0.000000
0.014376
0.029805
0.028182
0.011401
0.004867
0.001136
0.000000
0.000000
0.000000
0.071219
0.017768
0.006750
0.004757
0.005018
0.000562
0.000000
0.000000
0.000000
0.044463
0.034870
0.009631
0.012365
0.009393
0.001584
0.000000
0.000000
0.000000
0.024673
0.010796
0.016536
0.013622
0.008556
0.001888
0.000000
0.000000
0.000000
0.071219
0.017768
0.006750
0.004757
0.005018
0.000562
0.000000
0.000000
0.000000
0.009337
0.011683
0.011578
0.019466
0.018227
0.002697
0.000000
0.000000
0.000000
0.024673
0.010796
0.016536
0.013622
0.008556
0.001888
0.000000
0.000000
0.000000
0.006110
0.008050
0.008651
0.007832
0.011036
0.000531
0.000000
0.000000
0.000000
0.009337
0.011683
0.011578
0.019466
0.018227
0.002697
0.000000
0.000000
0.000000
0.007104
0.009835
0.016055
0.015549
0.010469
0.001034
0.000000
0.000000
0.000000
0.006110
0.008050
0.008651
0.007832
0.011036
0.000531
0.000000
0.000000
0.000000
0.001295
0.007615
0.004995
0.012981
0.013508
0.001535
0.000000
0.000000
0.000000
0.007104
0.009835
0.016055
0.015549
0.010469
0.001034
0.000000
0.000000
0.000000
0.007827
0.014423
0.010774
0.012959
0.040039
0.012632
0.000000
0.000000
0.000000
0.001295
0.007615
0.004995
0.012981
0.013508
0.001535
0.000000
0.000000
0.000000
0.002483
0.004491
0.005029
0.009471
0.014216
0.001709
0.000000
0.000000
0.000000
0.007827
0.014423
0.010774
0.012959
0.040039
0.012632
0.000000
0.000000
0.000000
0.014495
0.035831
0.013413
0.015940
0.015530
0.002754
0.000000
0.000000
0.000000
0.002483
0.004491
0.005029
0.009471
0.014216
0.001709
0.000000
0.000000
0.000000
0.015072
0.035495
0.026576
0.013261
0.013759
0.000918
0.000000
0.000000
0.000000
0.014495
0.035831
0.013413
0.015940
0.015530
0.002754
0.000000
0.000000
0.000000
0.034738
0.026783
0.002981
0.005402
0.002134
0.000000
0.000000
0.000000
0.000000
0.015072
0.035495
0.026576
0.013261
0.013759
0.000918
0.000000
0.000000
0.000000
0.015474
0.013509
0.008658
0.007759
0.010864
0.002037
0.000000
0.000000
0.000000
0.034738
0.026783
0.002981
0.005402
0.002134
0.000000
0.000000
0.000000
0.000000
0.015665
0.017347
0.020118
0.037781
0.020473
0.000685
0.000000
0.000000
0.000000
0.015474
0.013509
0.008658
0.007759
0.010864
0.002037
0.000000
0.000000
0.000000
0.030021
0.032939
0.031081
0.021317
0.014867
0.001256
0.000000
0.000000
0.000000
0.015665
0.017347
0.020118
0.037781
0.020473
0.000685
0.000000
0.000000
0.000000
0.000551
0.005223
0.007365
0.015915
0.065669
0.013680
0.000000
0.000000
0.000000
0.030021
0.032939
0.031081
0.021317
0.014867
0.001256
0.000000
0.000000
0.000000
0.044582
0.017501
0.006998
0.004631
0.022128
0.011786
0.000000
0.000000
0.000000
0.000551
0.005223
0.007365
0.015915
0.065669
0.013680
0.000000
0.000000
0.000000
0.017575
0.013221
0.007867
0.002927
0.006409
0.001825
0.000000
0.000000
0.000000
0.023055
0.045248
0.016731
0.005215
0.000359
0.000000
0.000000
0.000000
0.000000
0.004623
0.012895
0.011848
0.023003
0.014974
0.001891
0.000000
0.000000
0.000000
0.010432
0.022233
0.013752
0.013485
0.005425
0.000306
0.000000
0.000000
0.000000
0.011765
0.020039
0.011024
0.011700
0.014854
0.003432
0.000000
0.000000
0.000000
0.004623
0.012895
0.011848
0.023003
0.014974
0.001891
0.000000
0.000000
0.000000
0.014376
0.029805
0.028182
0.011401
0.004867
0.001136
0.000000
0.000000
0.000000
0.011765
0.020039
0.011024
0.011700
0.014854
0.003432
0.000000
0.000000
0.000000
0.001527
0.005212
0.007803
0.014340
0.031158
0.004556
0.000000
0.000000
0.000000
0.014376
0.029805
0.028182
0.011401
0.004867
0.001136
0.000000
0.000000
0.000000
0.071219
0.017768
0.006750
0.004757
0.005018
0.000562
0.000000
0.000000
0.000000
0.001527
0.005212
0.007803
0.014340
0.031158
0.004556
0.000000
0.000000
0.000000
0.018822
0.014185
0.007721
0.012719
0.016952
0.002847
0.000000
0.000000
0.000000
0.071219
0.017768
0.006750
0.004757
0.005018
0.000562
0.000000
0.000000
0.000000
0.009337
0.011683
0.011578
0.019466
0.018227
0.002697
0.000000
0.000000
0.000000
0.018822
0.014185
0.007721
0.012719
0.016952
0.002847
0.000000
0.000000
0.000000
0.001160
0.002568
0.004348
0.018408
0.059778
0.014051
0.000000
0.000000
0.000000
0.009337
0.011683
0.011578
0.019466
0.018227
0.002697
0.000000
0.000000
0.000000
0.007104
0.009835
0.016055
0.015549
0.010469
0.001034
0.000000
0.000000
0.000000
0.001160
0.002568
0.004348
0.018408
0.059778
0.014051
0.000000
0.000000
0.000000
0.004864
0.003519
0.002658
0.006783
0.056936
0.019708
0.000000
0.000000
0.000000
0.007104
0.009835
0.016055
0.015549
0.010469
0.001034
0.000000
0.000000
0.000000
0.007827
0.014423
0.010774
0.012959
0.040039
0.012632
0.000000
0.000000
0.000000
0.004864
0.003519
0.002658
0.006783
0.056936
0.019708
0.000000
0.000000
0.000000
0.026501
0.025453
0.006990
0.007759
0.022601
0.008444
0.000000
0.000000
0.000000
0.007827
0.014423
0.010774
0.012959
0.040039
0.012632
0.000000
0.000000
0.000000
0.014495
0.035831
0.013413
0.015940
0.015530
0.002754
0.000000
0.000000
0.000000
0.026501
0.025453
0.006990
0.007759
0.022601
0.008444
0.000000
0.000000
0.000000
0.014158
0.015388
0.009481
0.016356
0.048568
0.016248
0.000000
0.000000
0.000000
0.014495
0.035831
0.013413
0.015940
0.015530
0.002754
0.000000
0.000000
0.000000
0.034738
0.026783
0.002981
0.005402
0.002134
0.000000
0.000000
0.000000
0.000000
0.014158
0.015388
0.009481
0.016356
0.048568
0.016248
0.000000
0.000000
0.000000
0.009283
0.005503
0.006359
0.005758
0.051093
0.021908
0.000000
0.000000
0.000000
0.034738
0.026783
0.002981
0.005402
0.002134
0.000000
0.000000
0.000000
0.000000
0.015665
0.017347
0.020118
0.037781
0.020473
0.000685
0.000000
0.000000
0.000000
0.009283
0.005503
0.006359
0.005758
0.051093
0.021908
0.000000
0.000000
0.000000
0.003185
0.002366
0.006258
0.014187
0.063730
0.015138
0.000000
0.000000
0.000000
0.015665
0.017347
0.020118
0.037781
0.020473
0.000685
0.000000
0.000000
0.000000
0.000551
0.005223
0.007365
0.015915
0.065669
0.013680
0.000000
0.000000
0.000000
0.003185
0.002366
0.006258
0.014187
0.063730
0.015138
0.000000
0.000000
0.000000
0.007568
0.002895
0.001468
0.002153
0.039462
0.024315
0.000000
0.000000
0.000000
0.000551
0.005223
0.007365
0.015915
0.065669
0.013680
0.000000
0.000000
0.000000
0.017575
0.013221
0.007867
0.002927
0.006409
0.001825
0.000000
0.000000
0.000000
0.007568
0.002895
0.001468
0.002153
0.039462
0.024315
0.000000
0.000000
0.000000
0.018148
0.026186
0.007807
0.014274
0.041770
0.006256
0.000000
0.000000
0.000000
0.010432
0.022233
0.013752
0.013485
0.005425
0.000306
0.000000
0.000000
0.000000
0.011765
0.020039
0.011024
0.011700
0.014854
0.003432
0.000000
0.000000
0.000000
0.004544
0.014009
0.008313
0.015901
0.016605
0.001817
0.000000
0.000000
0.000000
0.015545
0.022628
0.004803
0.005298
0.005961
0.000332
0.000000
0.000000
0.000000
0.011765
0.020039
0.011024
0.011700
0.014854
0.003432
0.000000
0.000000
0.000000
0.001527
0.005212
0.007803
0.014340
0.031158
0.004556
0.000000
0.000000
0.000000
0.015545
0.022628
0.004803
0.005298
0.005961
0.000332
0.000000
0.000000
0.000000
0.008836
0.006345
0.003051
0.002284
0.002481
0.000103
0.000000
0.000000
0.000000
0.001527
0.005212
0.007803
0.014340
0.031158
0.004556
0.000000
0.000000
0.000000
0.018822
0.014185
0.007721
0.012719
0.016952
0.002847
0.000000
0.000000
0.000000
0.008836
0.006345
0.003051
0.002284
0.002481
0.000103
0.000000
0.000000
0.000000
0.000739
0.001149
0.001831
0.001787
0.001422
0.000083
0.000000
0.000000
0.000000
0.018822
0.014185
0.007721
0.012719
0.016952
0.002847
0.000000
0.000000
0.000000
0.001160
0.002568
0.004348
0.018408
0.059778
0.014051
0.000000
0.000000
0.000000
0.000739
0.001149
0.001831
0.001787
0.001422
0.000083
0.000000
0.000000
0.000000
0.001707
0.004402
0.003470
0.002307
0.001033
0.000000
0.000000
0.000000
0.000000
0.001160
0.002568
0.004348
0.018408
0.059778
0.014051
0.000000
0.000000
0.000000
0.004864
0.003519
0.002658
0.006783
0.056936
0.019708
0.000000
0.000000
0.000000
0.001707
0.004402
0.003470
0.002307
0.001033
0.000000
0.000000
0.000000
0.000000
0.001398
0.003152
0.001492
0.002353
0.001946
0.000141
0.000000
0.000000
0.000000
0.004864
0.003519
0.002658
0.006783
0.056936
0.019708
0.000000
0.000000
0.000000
0.026501
0.025453
0.006990
0.007759
0.022601
0.008444
0.000000
0.000000
0.000000
0.001398
0.003152
0.001492
0.002353
0.001946
0.000141
0.000000
0.000000
0.000000
0.000531
0.001304
0.001383
0.001962
0.002986
0.000332
0.000000
0.000000
0.000000
0.026501
0.025453
0.006990
0.007759
0.022601
0.008444
0.000000
0.000000
0.000000
0.014158
0.015388
0.009481
0.016356
0.048568
0.016248
0.000000
0.000000
0.000000
0.000531
0.001304
0.001383
0.001962
0.002986
0.000332
0.000000
0.000000
0.000000
0.000273
0.000454
0.000895
0.001719
0.004511
0.000818
0.000000
0.000000
0.000000
0.014158
0.015388
0.009481
0.016356
0.048568
0.016248
0.000000
0.000000
0.000000
0.009283
0.005503
0.006359
0.005758
0.051093
0.021908
0.000000
0.000000
0.000000
0.000273
0.000454
0.000895
0.001719
0.004511
0.000818
0.000000
0.000000
0.000000
0.000771
0.000346
0.000624
0.002496
0.010428
0.001532
0.000000
0.000000
0.000000
0.009283
0.005503
0.006359
0.005758
0.051093
0.021908
0.000000
0.000000
0.000000
0.003185
0.002366
0.006258
0.014187
0.063730
0.015138
0.000000
0.000000
0.000000
0.000771
0.000346
0.000624
0.002496
0.010428
0.001532
0.000000
0.000000
0.000000
0.001151
0.000680
0.002584
0.003709
0.016011
0.004227
0.000000
0.000000
0.000000
0.003185
0.002366
0.006258
0.014187
0.063730
0.015138
0.000000
0.000000
0.000000
0.007568
0.002895
0.001468
0.002153
0.039462
0.024315
0.000000
0.000000
0.000000
0.001151
0.000680
0.002584
0.003709
0.016011
0.004227
0.000000
0.000000
0.000000
0.002093
0.001931
0.002613
0.002505
0.010656
0.003517
0.000000
0.000000
0.000000
0.007568
0.002895
0.001468
0.002153
0.039462
0.024315
0.000000
0.000000
0.000000
0.018148
0.026186
0.007807
0.014274
0.041770
0.006256
0.000000
0.000000
0.000000
0.002093
0.001931
0.002613
0.002505
0.010656
0.003517
0.000000
0.000000
0.000000
0.002078
0.009927
0.008004
0.009624
0.007251
0.000645
0.000000
0.000000
0.000000
0.004544
0.014009
0.008313
0.015901
0.016605
0.001817
0.000000
0.000000
0.000000
0.015545
0.022628
0.004803
0.005298
0.005961
0.000332
0.000000
0.000000
0.000000
0.010107
0.014371
0.010295
0.010158
0.009169
0.001094
0.000000
0.000000
0.000000
0.009058
0.016330
0.004029
0.002090
0.001459
0.000077
0.000000
0.000000
0.000000
0.015545
0.022628
0.004803
0.005298
0.005961
0.000332
0.000000
0.000000
0.000000
0.008836
0.006345
0.003051
0.002284
0.002481
0.000103
0.000000
0.000000
0.000000
0.009058
0.016330
0.004029
0.002090
0.001459
0.000077
0.000000
0.000000
0.000000
0.013657
0.011374
0.002175
0.000438
0.000802
0.000067
0.000000
0.000000
0.000000
0.008836
0.006345
0.003051
0.002284
0.002481
0.000103
0.000000
0.000000
0.000000
0.000739
0.001149
0.001831
0.001787
0.001422
0.000083
0.000000
0.000000
0.000000
0.013657
0.011374
0.002175
0.000438
0.000802
0.000067
0.000000
0.000000
0.000000
0.000604
0.001222
0.002331
0.002217
0.001301
0.000025
0.000000
0.000000
0.000000
0.000739
0.001149
0.001831
0.001787
0.001422
0.000083
0.000000
0.000000
0.000000
0.001707
0.004402
0.003470
0.002307
0.001033
0.000000
0.000000
0.000000
0.000000
0.000604
0.001222
0.002331
0.002217
0.001301
0.000025
0.000000
0.000000
0.000000
0.000932
0.002672
0.001695
0.001575
0.001473
0.000041
0.000000
0.000000
0.000000
0.001707
0.004402
0.003470
0.002307
0.001033
0.000000
0.000000
0.000000
0.000000
0.001398
0.003152
0.001492
0.002353
0.001946
0.000141
0.000000
0.000000
0.000000
0.000932
0.002672
0.001695
0.001575
0.001473
0.000041
0.000000
0.000000
0.000000
0.002679
0.005147
0.004329
0.001638
0.000862
0.000119
0.000000
0.000000
0.000000
0.001398
0.003152
0.001492
0.002353
0.001946
0.000141
0.000000
0.000000
0.000000
0.000531
0.001304
0.001383
0.001962
0.002986
0.000332
0.000000
0.000000
0.000000
0.002679
0.005147
0.004329
0.001638
0.000862
0.000119
0.000000
0.000000
0.000000
0.000324
0.000486
0.001112
0.002724
0.005253
0.000885
0.000000
0.000000
0.000000
0.000531
0.001304
0.001383
0.001962
0.002986
0.000332
0.000000
0.000000
0.000000
0.000273
0.000454
0.000895
0.001719
0.004511
0.000818
0.000000
0.000000
0.000000
0.000324
0.000486
0.001112
0.002724
0.005253
0.000885
0.000000
0.000000
0.000000
0.000826
0.000669
0.001612
0.002680
0.003048
0.000179
0.000000
0.000000
0.000000
0.000273
0.000454
0.000895
0.001719
0.004511
0.000818
0.000000
0.000000
0.000000
0.000771
0.000346
0.000624
0.002496
0.010428
0.001532
0.000000
0.000000
0.000000
0.000826
0.000669
0.001612
0.002680
0.003048
0.000179
0.000000
0.000000
0.000000
0.001013
0.000227
0.000616
0.002184
0.005737
0.000704
0.000000
0.000000
0.000000
0.000771
0.000346
0.000624
0.002496
0.010428
0.001532
0.000000
0.000000
0.000000
0.001151
0.000680
0.002584
0.003709
0.016011
0.004227
0.000000
0.000000
0.000000
0.001013
0.000227
0.000616
0.002184
0.005737
0.000704
0.000000
0.000000
0.000000
0.000995
0.000632
0.000848
0.001490
0.003178
0.000601
0.000000
0.000000
0.000000
0.001151
0.000680
0.002584
0.003709
0.016011
0.004227
0.000000
0.000000
0.000000
0.002093
0.001931
0.002613
0.002505
0.010656
0.003517
0.000000
0.000000
0.000000
0.000995
0.000632
0.000848
0.001490
0.003178
0.000601
0.000000
0.000000
0.000000
0.001484
0.002802
0.002642
0.003928
0.004875
0.000294
0.000000
0.000000
0.000000
0.002093
0.001931
0.002613
0.002505
0.010656
0.003517
0.000000
0.000000
0.000000
0.002078
0.009927
0.008004
0.009624
0.007251
0.000645
0.000000
0.000000
0.000000
0.001484
0.002802
0.002642
0.003928
0.004875
0.000294
0.000000
0.000000
0.000000
0.000886
0.002239
0.005617
0.009638
0.005690
0.000497
0.000000
0.000000
0.000000
0.010107
0.014371
0.010295
0.010158
0.009169
0.001094
0.000000
0.000000
0.000000
0.009058
0.016330
0.004029
0.002090
0.001459
0.000077
0.000000
0.000000
0.000000
0.022596
0.019344
0.008017
0.006181
0.006245
0.000876
0.000000
0.000000
0.000000
0.001158
0.003131
0.001880
0.001969
0.000881
0.000083
0.000000
0.000000
0.000000
0.009058
0.016330
0.004029
0.002090
0.001459
0.000077
0.000000
0.000000
0.000000
0.013657
0.011374
0.002175
0.000438
0.000802
0.000067
0.000000
0.000000
0.000000
0.001158
0.003131
0.001880
0.001969
0.000881
0.000083
0.000000
0.000000
0.000000
0.011159
0.011764
0.002524
0.002081
0.000944
0.000064
0.000000
0.000000
0.000000
0.013657
0.011374
0.002175
0.000438
0.000802
0.000067
0.000000
0.000000
0.000000
0.000604
0.001222
0.002331
0.002217
0.001301
0.000025
0.000000
0.000000
0.000000
0.011159
0.011764
0.002524
0.002081
0.000944
0.000064
0.000000
0.000000
0.000000
0.000389
0.001679
0.002508
0.002566
0.002636
0.000142
0.000000
0.000000
0.000000
0.000604
0.001222
0.002331
0.002217
0.001301
0.000025
0.000000
0.000000
0.000000
0.000932
0.002672
0.001695
0.001575
0.001473
0.000041
0.000000
0.000000
0.000000
0.000389
0.001679
0.002508
0.002566
0.002636
0.000142
0.000000
0.000000
0.000000
0.000717
0.000304
0.001110
0.002434
0.003017
0.000227
0.000000
0.000000
0.000000
0.000932
0.002672
0.001695
0.001575
0.001473
0.000041
0.000000
0.000000
0.000000
0.002679
0.005147
0.004329
0.001638
0.000862
0.000119
0.000000
0.000000
0.000000
0.000717
0.000304
0.001110
0.002434
0.003017
0.000227
0.000000
0.000000
0.000000
0.003262
0.006041
0.003783
0.001807
0.000571
0.000000
0.000000
0.000000
0.000000
0.002679
0.005147
0.004329
0.001638
0.000862
0.000119
0.000000
0.000000
0.000000
0.000324
0.000486
0.001112
0.002724
0.005253
0.000885
0.000000
0.000000
0.000000
0.003262
0.006041
0.003783
0.001807
0.000571
0.000000
0.000000
0.000000
0.000000
0.000725
0.002321
0.002153
0.001406
0.000689
0.000083
0.000000
0.000000
0.000000
0.000324
0.000486
0.001112
0.002724
0.005253
0.000885
0.000000
0.000000
0.000000
0.000826
0.000669
0.001612
0.002680
0.003048
0.000179
0.000000
0.000000
0.000000
0.000725
0.002321
0.002153
0.001406
0.000689
0.000083
0.000000
0.000000
0.000000
0.000946
0.001345
0.002020
0.002084
0.002024
0.000165
0.000000
0.000000
0.000000
0.000826
0.000669
0.001612
0.002680
0.003048
0.000179
0.000000
0.000000
0.000000
0.001013
0.000227
0.000616
0.002184
0.005737
0.000704
0.000000
0.000000
0.000000
0.000946
0.001345
0.002020
0.002084
0.002024
0.000165
0.000000
0.000000
0.000000
0.001123
0.000506
0.000887
0.001514
0.003505
0.000964
0.000000
0.000000
0.000000
0.001013
0.000227
0.000616
0.002184
0.005737
0.000704
0.000000
0.000000
0.000000
0.000995
0.000632
0.000848
0.001490
0.003178
0.000601
0.000000
0.000000
0.000000
0.001123
0.000506
0.000887
0.001514
0.003505
0.000964
0.000000
0.000000
0.000000
0.000606
0.000790
0.001344
0.001678
0.002183
0.000280
0.000000
0.000000
0.000000
0.000995
0.000632
0.000848
0.001490
0.003178
0.000601
0.000000
0.000000
0.000000
0.001484
0.002802
0.002642
0.003928
0.004875
0.000294
0.000000
0.000000
0.000000
0.000606
0.000790
0.001344
0.001678
0.002183
0.000280
0.000000
0.000000
0.000000
0.001036
0.001913
0.002284
0.002184
0.001101
0.000087
0.000000
0.000000
0.000000
0.001484
0.002802
0.002642
0.003928
0.004875
0.000294
0.000000
0.000000
0.000000
0.000886
0.002239
0.005617
0.009638
0.005690
0.000497
0.000000
0.000000
0.000000
0.001036
0.001913
0.002284
0.002184
0.001101
0.000087
0.000000
0.000000
0.000000
0.001222
0.003030
0.003634
0.004290
0.003509
0.000361
0.000000
0.000000
0.000000
0.022596
0.019344
0.008017
0.006181
0.006245
0.000876
0.000000
0.000000
0.000000
0.001158
0.003131
0.001880
0.001969
0.000881
0.000083
0.000000
0.000000
0.000000
0.018257
0.029528
0.012737
0.006016
0.003691
0.000343
0.000000
0.000000
0.000000
0.000849
0.001726
0.002060
0.001631
0.000697
0.000025
0.000000
0.000000
0.000000
0.001158
0.003131
0.001880
0.001969
0.000881
0.000083
0.000000
0.000000
0.000000
0.011159
0.011764
0.002524
0.002081
0.000944
0.000064
0.000000
0.000000
0.000000
0.000849
0.001726
0.002060
0.001631
0.000697
0.000025
0.000000
0.000000
0.000000
0.020275
0.007732
0.001670
0.000935
0.001618
0.000380
0.000000
0.000000
0.000000
0.011159
0.011764
0.002524
0.002081
0.000944
0.000064
0.000000
0.000000
0.000000
0.000389
0.001679
0.002508
0.002566
0.002636
0.000142
0.000000
0.000000
0.000000
0.020275
0.007732
0.001670
0.000935
0.001618
0.000380
0.000000
0.000000
0.000000
0.000528
0.001679
0.001707
0.002896
0.002616
0.000278
0.000000
0.000000
0.000000
0.000389
0.001679
0.002508
0.002566
0.002636
0.000142
0.000000
0.000000
0.000000
0.000717
0.000304
0.001110
0.002434
0.003017
0.000227
0.000000
0.000000
0.000000
0.000528
0.001679
0.001707
0.002896
0.002616
0.000278
0.000000
0.000000
0.000000
0.000583
0.000454
0.000874
0.001522
0.001718
0.000111
0.000000
0.000000
0.000000
0.000717
0.000304
0.001110
0.002434
0.003017
0.000227
0.000000
0.000000
0.000000
0.003262
0.006041
0.003783
0.001807
0.000571
0.000000
0.000000
0.000000
0.000000
0.000583
0.000454
0.000874
0.001522
0.001718
0.000111
0.000000
0.000000
0.000000
0.001592
0.001984
0.002320
0.002098
0.000858
0.000056
0.000000
0.000000
0.000000
0.003262
0.006041
0.003783
0.001807
0.000571
0.000000
0.000000
0.000000
0.000000
0.000725
0.002321
0.002153
0.001406
0.000689
0.000083
0.000000
0.000000
0.000000
0.001592
0.001984
0.002320
0.002098
0.000858
0.000056
0.000000
0.000000
0.000000
0.001948
0.003095
0.003428
0.001733
0.000621
0.000046
0.000000
0.000000
0.000000
0.000725
0.002321
0.002153
0.001406
0.000689
0.000083
0.000000
0.000000
0.000000
0.000946
0.001345
0.002020
0.002084
0.002024
0.000165
0.000000
0.000000
0.000000
0.001948
0.003095
0.003428
0.001733
0.000621
0.000046
0.000000
0.000000
0.000000
0.001099
0.001291
0.002264
0.002206
0.001324
0.000099
0.000000
0.000000
0.000000
0.000946
0.001345
0.002020
0.002084
0.002024
0.000165
0.000000
0.000000
0.000000
0.001123
0.000506
0.000887
0.001514
0.003505
0.000964
0.000000
0.000000
0.000000
0.001099
0.001291
0.002264
0.002206
0.001324
0.000099
0.000000
0.000000
0.000000
0.000298
0.000879
0.001733
0.002429
0.002790
0.000368
0.000000
0.000000
0.000000
0.001123
0.000506
0.000887
0.001514
0.003505
0.000964
0.000000
0.000000
0.000000
0.000606
0.000790
0.001344
0.001678
0.002183
0.000280
0.000000
0.000000
0.000000
0.000298
0.000879
0.001733
0.002429
0.002790
0.000368
0.000000
0.000000
0.000000
0.000459
0.000812
0.002270
0.002708
0.002495
0.000228
0.000000
0.000000
0.000000
0.000606
0.000790
0.001344
0.001678
0.002183
0.000280
0.000000
0.000000
0.000000
0.001036
0.001913
0.002284
0.002184
0.001101
0.000087
0.000000
0.000000
0.000000
0.000459
0.000812
0.002270
0.002708
0.002495
0.000228
0.000000
0.000000
0.000000
0.000783
0.000504
0.001001
0.003634
0.006077
0.000359
0.000000
0.000000
0.000000
0.001036
0.001913
0.002284
0.002184
0.001101
0.000087
0.000000
0.000000
0.000000
0.001222
0.003030
0.003634
0.004290
0.003509
0.000361
0.000000
0.000000
0.000000
0.000783
0.000504
0.001001
0.003634
0.006077
0.000359
0.000000
0.000000
0.000000
0.000899
0.000205
0.000379
0.002385
0.005618
0.000758
0.000000
0.000000
0.000000
0.018257
0.029528
0.012737
0.006016
0.003691
0.000343
0.000000
0.000000
0.000000
0.000849
0.001726
0.002060
0.001631
0.000697
0.000025
0.000000
0.000000
0.000000
0.016712
0.024879
0.007753
0.009140
0.002857
0.000085
0.000000
0.000000
0.000000
0.000372
0.000584
0.002152
0.001472
0.000487
0.000001
0.000000
0.000000
0.000000
0.000849
0.001726
0.002060
0.001631
0.000697
0.000025
0.000000
0.000000
0.000000
0.020275
0.007732
0.001670
0.000935
0.001618
0.000380
0.000000
0.000000
0.000000
0.000372
0.000584
0.002152
0.001472
0.000487
0.000001
0.000000
0.000000
0.000000
0.014912
0.011360
0.002199
0.002017
0.002029
0.000202
0.000000
0.000000
0.000000
0.020275
0.007732
0.001670
0.000935
0.001618
0.000380
0.000000
0.000000
0.000000
0.000528
0.001679
0.001707
0.002896
0.002616
0.000278
0.000000
0.000000
0.000000
0.014912
0.011360
0.002199
0.002017
0.002029
0.000202
0.000000
0.000000
0.000000
0.000152
0.002063
0.002393
0.002523
0.002933
0.000117
0.000000
0.000000
0.000000
0.000528
0.001679
0.001707
0.002896
0.002616
0.000278
0.000000
0.000000
0.000000
0.000583
0.000454
0.000874
0.001522
0.001718
0.000111
0.000000
0.000000
0.000000
0.000152
0.002063
0.002393
0.002523
0.002933
0.000117
0.000000
0.000000
0.000000
0.000330
0.000532
0.001489
0.002580
0.001685
0.000135
0.000000
0.000000
0.000000
0.000583
0.000454
0.000874
0.001522
0.001718
0.000111
0.000000
0.000000
0.000000
0.001592
0.001984
0.002320
0.002098
0.000858
0.000056
0.000000
0.000000
0.000000
0.000330
0.000532
0.001489
0.002580
0.001685
0.000135
0.000000
0.000000
0.000000
0.000342
0.000894
0.001175
0.001236
0.001549
0.000218
0.000000
0.000000
0.000000
0.001592
0.001984
0.002320
0.002098
0.000858
0.000056
0.000000
0.000000
0.000000
0.001948
0.003095
0.003428
0.001733
0.000621
0.000046
0.000000
0.000000
0.000000
0.000342
0.000894
0.001175
0.001236
0.001549
0.000218
0.000000
0.000000
0.000000
0.001569
0.005845
0.004200
0.002073
0.000879
0.000058
0.000000
0.000000
0.000000
0.001948
0.003095
0.003428
0.001733
0.000621
0.000046
0.000000
0.000000
0.000000
0.001099
0.001291
0.002264
0.002206
0.001324
0.000099
0.000000
0.000000
0.000000
0.001569
0.005845
0.004200
0.002073
0.000879
0.000058
0.000000
0.000000
0.000000
0.000765
0.001508
0.002408
0.001133
0.001020
0.000047
0.000000
0.000000
0.000000
0.001099
0.001291
0.002264
0.002206
0.001324
0.000099
0.000000
0.000000
0.000000
0.000298
0.000879
0.001733
0.002429
0.002790
0.000368
0.000000
0.000000
0.000000
0.000765
0.001508
0.002408
0.001133
0.001020
0.000047
0.000000
0.000000
0.000000
0.000775
0.000921
0.001442
0.001592
0.001432
0.000007
0.000000
0.000000
0.000000
0.000298
0.000879
0.001733
0.002429
0.002790
0.000368
0.000000
0.000000
0.000000
0.000459
0.000812
0.002270
0.002708
0.002495
0.000228
0.000000
0.000000
0.000000
0.000775
0.000921
0.001442
0.001592
0.001432
0.000007
0.000000
0.000000
0.000000
0.000410
0.000677
0.001800
0.002496
0.002420
0.000176
0.000000
0.000000
0.000000
0.000459
0.000812
0.002270
0.002708
0.002495
0.000228
0.000000
0.000000
0.000000
0.000783
0.000504
0.001001
0.003634
0.006077
0.000359
0.000000
0.000000
0.000000
0.000410
0.000677
0.001800
0.002496
0.002420
0.000176
0.000000
0.000000
0.000000
0.001059
0.000430
0.000619
0.001321
0.001962
0.000347
0.000000
0.000000
0.000000
0.000783
0.000504
0.001001
0.003634
0.006077
0.000359
0.000000
0.000000
0.000000
0.000899
0.000205
0.000379
0.002385
0.005618
0.000758
0.000000
0.000000
0.000000
0.001059
0.000430
0.000619
0.001321
0.001962
0.000347
0.000000
0.000000
0.000000
0.000977
0.000640
0.000706
0.001702
0.002227
0.000219
0.000000
0.000000
0.000000
