0.000000
0.000000
0.000000
0.000000
0.000000
0.000000
0.000000
0.000000
0.000000
0.000000
0.000000
0.000000
0.000000
0.000000
0.000000
0.000000
0.000000
0.000000
0.000000
0.000000
0.000000
0.000000
0.000000
0.000000
0.000000
0.000000
0.000000
0.000000
0.000000
0.000000
0.000000
0.000000
0.000000
0.000000
0.000000
0.000000
0.000000
0.000000
0.000000
0.000000
0.000000
0.000000
0.000000
0.000000
0.000000
0.000000
0.000000
0.000000
0.000000
0.000000
0.000000
0.000000
0.000000
0.000000
0.000000
0.000000
0.000000
0.000000
0.000000
0.000000
0.000000
0.000000
0.000000
0.000000
0.000000
0.000000
0.000000
0.000000
0.000000
0.000000
0.000000
0.000000
0.000000
0.000000
0.000000
0.000000
0.000000
0.000000
0.000000
0.000000
0.000000
0.000000
0.000000
0.000000
0.000000
0.000000
0.000000
0.000000
0.000000
0.000000
0.000000
0.000000
0.000000
0.000000
0.000000
0.000000
0.000000
0.000000
0.000000
0.000000
0.000000
0.000000
0.000000
0.000000
0.000000
0.000000
0.000000
0.000000
0.000000
0.000000
0.000000
0.000000
0.000000
0.000000
0.000000
0.000000
0.000000
0.000000
0.000000
0.000000
0.000000
0.000000
0.000000
0.000000
0.000000
0.000000
0.000000
0.000000
0.000000
0.000000
0.000000
0.000000
0.000000
0.000000
0.000000
0.000000
0.000000
0.000000
0.000000
0.000000
0.000000
0.000000
0.000000
0.000000
0.000000
0.000000
0.000000
0.000000
0.000000
0.000000
0.000000
0.000000
0.000000
0.000000
0.000000
0.000000
0.000000
0.000000
0.000000
0.000000
0.000000
0.000000
0.000000
0.000000
0.000000
0.000000
0.000000
0.000000
0.000000
0.000000
0.000000
0.000000
0.000000
0.000000
0.000000
0.000000
0.000000
0.000000
0.000000
0.000000
0.000000
0.000000
0.000000
0.000000
0.000000
0.000000
0.000000
0.000000
0.000000
0.000143
0.000127
0.000039
0.000041
0.000013
0.000000
0.000000
0.000000
0.000000
0.000000
0.000000
0.000000
0.000000
0.000000
0.000000
0.000000
0.000000
0.000000
0.000156
0.000021
0.000029
0.000077
0.000002
0.000000
0.000000
0.000000
0.000000
0.000143
0.000127
0.000039
0.000041
0.000013
0.000000
0.000000
0.000000
0.000000
0.000268
0.000129
0.000228
0.000124
0.000002
0.000000
0.000000
0.000000
0.000000
0.000156
0.000021
0.000029
0.000077
0.000002
0.000000
0.000000
0.000000
0.000000
0.000285
0.000194
0.000282
0.000218
0.000007
0.000000
0.000000
0.000000
0.000000
0.000268
0.000129
0.000228
0.000124
0.000002
0.000000
0.000000
0.000000
0.000000
0.000182
0.000042
0.000034
0.000116
0.000015
0.000000
0.000000
0.000000
0.000000
0.000285
0.000194
0.000282
0.000218
0.000007
0.000000
0.000000
0.000000
0.000000
0.000242
0.000309
0.001299
0.000979
0.000559
0.000008
0.000000
0.000000
0.000000
0.000182
0.000042
0.000034
0.000116
0.000015
0.000000
0.000000
0.000000
0.000000
0.003635
0.006315
0.002393
0.002096
0.000032
0.000000
0.000000
0.000000
0.000000
0.000242
0.000309
0.001299
0.000979
0.000559
0.000008
0.000000
0.000000
0.000000
0.001117
0.002348
0.006359
0.003184
0.003316
0.000092
0.000000
0.000000
0.000000
0.003635
0.006315
0.002393
0.002096
0.000032
0.000000
0.000000
0.000000
0.000000
0.004314
0.005527
0.003786
0.000497
0.000398
0.000000
0.000000
0.000000
0.000000
0.001117
0.002348
0.006359
0.003184
0.003316
0.000092
0.000000
0.000000
0.000000
0.005329
0.006889
0.001373
0.001515
0.000642
0.000045
0.000000
0.000000
0.000000
0.004314
0.005527
0.003786
0.000497
0.000398
0.000000
0.000000
0.000000
0.000000
0.000252
0.000480
0.000852
0.000605
0.000197
0.000000
0.000000
0.000000
0.000000
0.005329
0.006889
0.001373
0.001515
0.000642
0.000045
0.000000
0.000000
0.000000
0.000150
0.000348
0.000609
0.001119
0.000289
0.000000
0.000000
0.000000
0.000000
0.000000
0.000000
0.000000
0.000000
0.000000
0.000000
0.000000
0.000000
0.000000
0.000000
0.000000
0.000000
0.000000
0.000000
0.000000
0.000000
0.000000
0.000000
0.000415
0.000021
0.000029
0.000027
0.000001
0.000000
0.000000
0.000000
0.000000
0.000160
0.000063
0.000058
0.000171
0.000041
0.000000
0.000000
0.000000
0.000000
0.000000
0.000000
0.000000
0.000000
0.000000
0.000000
0.000000
0.000000
0.000000
0.000000
0.000000
0.000000
0.000000
0.000000
0.000000
0.000000
0.000000
0.000000
0.000160
0.000063
0.000058
0.000171
0.000041
0.000000
0.000000
0.000000
0.000000
0.000765
0.001226
0.000711
0.001085
0.000461
0.000030
0.000000
0.000000
0.000000
0.000000
0.000000
0.000000
0.000000
0.000000
0.000000
0.000000
0.000000
0.000000
0.000000
0.000000
0.000000
0.000000
0.000000
0.000000
0.000000
0.000000
0.000000
0.000765
0.001226
0.000711
0.001085
0.000461
0.000030
0.000000
0.000000
0.000000
0.001215
0.002597
0.007820
0.007632
0.003267
0.000315
0.000000
0.000000
0.000000
0.000000
0.000000
0.000000
0.000000
0.000000
0.000000
0.000000
0.000000
0.000000
0.000000
0.000000
0.000000
0.000000
0.000000
0.000000
0.000000
0.000000
0.000000
0.001215
0.002597
0.007820
0.007632
0.003267
0.000315
0.000000
0.000000
0.000000
0.000264
0.000125
0.000049
0.000002
0.000000
0.000000
0.000000
0.000000
0.000000
0.000000
0.000000
0.000000
0.000000
0.000000
0.000000
0.000000
0.000000
0.000000
0.000000
0.000000
0.000000
0.000000
0.000000
0.000000
0.000000
0.000000
0.000000
0.000264
0.000125
0.000049
0.000002
0.000000
0.000000
0.000000
0.000000
0.000000
0.000000
0.000000
0.000000
0.000000
0.000000
0.000000
0.000000
0.000000
0.000000
0.000000
0.000000
0.000000
0.000000
0.000000
0.000000
0.000000
0.000000
0.000000
0.000156
0.000021
0.000029
0.000077
0.000002
0.000000
0.000000
0.000000
0.000000
0.000000
0.000000
0.000000
0.000000
0.000000
0.000000
0.000000
0.000000
0.000000
0.000000
0.000083
0.000116
0.000059
0.000002
0.000000
0.000000
0.000000
0.000000
0.000156
0.000021
0.000029
0.000077
0.000002
0.000000
0.000000
0.000000
0.000000
0.000285
0.000194
0.000282
0.000218
0.000007
0.000000
0.000000
0.000000
0.000000
0.000000
0.000083
0.000116
0.000059
0.000002
0.000000
0.000000
0.000000
0.000000
0.000156
0.000021
0.000029
0.000027
0.000001
0.000000
0.000000
0.000000
0.000000
0.000285
0.000194
0.000282
0.000218
0.000007
0.000000
0.000000
0.000000
0.000000
0.000242
0.000309
0.001299
0.000979
0.000559
0.000008
0.000000
0.000000
0.000000
0.000156
0.000021
0.000029
0.000027
0.000001
0.000000
0.000000
0.000000
0.000000
0.000472
0.000327
0.000308
0.000429
0.000246
0.000058
0.000000
0.000000
0.000000
0.000242
0.000309
0.001299
0.000979
0.000559
0.000008
0.000000
0.000000
0.000000
0.001117
0.002348
0.006359
0.003184
0.003316
0.000092
0.000000
0.000000
0.000000
0.000472
0.000327
0.000308
0.000429
0.000246
0.000058
0.000000
0.000000
0.000000
0.033421
0.017749
0.005781
0.002697
0.003935
0.000266
0.000000
0.000000
0.000000
0.001117
0.002348
0.006359
0.003184
0.003316
0.000092
0.000000
0.000000
0.000000
0.005329
0.006889
0.001373
0.001515
0.000642
0.000045
0.000000
0.000000
0.000000
0.033421
0.017749
0.005781
0.002697
0.003935
0.000266
0.000000
0.000000
0.000000
0.003158
0.002669
0.001778
0.001299
0.000703
0.000119
0.000000
0.000000
0.000000
0.005329
0.006889
0.001373
0.001515
0.000642
0.000045
0.000000
0.000000
0.000000
0.000150
0.000348
0.000609
0.001119
0.000289
0.000000
0.000000
0.000000
0.000000
0.003158
0.002669
0.001778
0.001299
0.000703
0.000119
0.000000
0.000000
0.000000
0.000117
0.000265
0.000466
0.001633
0.000982
0.000038
0.000000
0.000000
0.000000
0.000415
0.000021
0.000029
0.000027
0.000001
0.000000
0.000000
0.000000
0.000000
0.000160
0.000063
0.000058
0.000171
0.000041
0.000000
0.000000
0.000000
0.000000
0.000633
0.001339
0.003894
0.006440
0.002060
0.000000
0.000000
0.000000
0.000000
0.001325
0.002567
0.002743
0.000546
0.000805
0.000054
0.000000
0.000000
0.000000
0.000160
0.000063
0.000058
0.000171
0.000041
0.000000
0.000000
0.000000
0.000000
0.000765
0.001226
0.000711
0.001085
0.000461
0.000030
0.000000
0.000000
0.000000
0.001325
0.002567
0.002743
0.000546
0.000805
0.000054
0.000000
0.000000
0.000000
0.005362
0.005923
0.006915
0.006671
0.012921
0.003495
0.000000
0.000000
0.000000
0.000765
0.001226
0.000711
0.001085
0.000461
0.000030
0.000000
0.000000
0.000000
0.001215
0.002597
0.007820
0.007632
0.003267
0.000315
0.000000
0.000000
0.000000
0.005362
0.005923
0.006915
0.006671
0.012921
0.003495
0.000000
0.000000
0.000000
0.003260
0.021292
0.013490
0.022418
0.016086
0.000839
0.000000
0.000000
0.000000
0.001215
0.002597
0.007820
0.007632
0.003267
0.000315
0.000000
0.000000
0.000000
0.000264
0.000125
0.000049
0.000002
0.000000
0.000000
0.000000
0.000000
0.000000
0.003260
0.021292
0.013490
0.022418
0.016086
0.000839
0.000000
0.000000
0.000000
0.000751
0.009258
0.011373
0.002200
0.000380
0.000000
0.000000
0.000000
0.000000
0.000264
0.000125
0.000049
0.000002
0.000000
0.000000
0.000000
0.000000
0.000000
0.000000
0.000000
0.000000
0.000000
0.000000
0.000000
0.000000
0.000000
0.000000
0.000751
0.009258
0.011373
0.002200
0.000380
0.000000
0.000000
0.000000
0.000000
0.000000
0.000000
0.000000
0.000000
0.000000
0.000000
0.000000
0.000000
0.000000
0.000000
0.000000
0.000000
0.000000
0.000000
0.000000
0.000000
0.000000
0.000000
0.000000
0.000083
0.000116
0.000059
0.000002
0.000000
0.000000
0.000000
0.000000
0.000000
0.000000
0.000000
0.000000
0.000000
0.000000
0.000000
0.000000
0.000000
0.000000
0.000000
0.000000
0.000000
0.000000
0.000000
0.000000
0.000000
0.000000
0.000000
0.000083
0.000116
0.000059
0.000002
0.000000
0.000000
0.000000
0.000000
0.000156
0.000021
0.000029
0.000027
0.000001
0.000000
0.000000
0.000000
0.000000
0.000000
0.000000
0.000000
0.000000
0.000000
0.000000
0.000000
0.000000
0.000000
0.000000
0.000000
0.000000
0.000000
0.000000
0.000000
0.000000
0.000000
0.000000
0.000156
0.000021
0.000029
0.000027
0.000001
0.000000
0.000000
0.000000
0.000000
0.000472
0.000327
0.000308
0.000429
0.000246
0.000058
0.000000
0.000000
0.000000
0.000000
0.000000
0.000000
0.000000
0.000000
0.000000
0.000000
0.000000
0.000000
0.000935
0.000521
0.000092
0.000112
0.000026
0.000000
0.000000
0.000000
0.000000
0.000472
0.000327
0.000308
0.000429
0.000246
0.000058
0.000000
0.000000
0.000000
0.033421
0.017749
0.005781
0.002697
0.003935
0.000266
0.000000
0.000000
0.000000
0.000935
0.000521
0.000092
0.000112
0.000026
0.000000
0.000000
0.000000
0.000000
0.051563
0.004467
0.000644
0.000309
0.000123
0.000000
0.000000
0.000000
0.000000
0.033421
0.017749
0.005781
0.002697
0.003935
0.000266
0.000000
0.000000
0.000000
0.003158
0.002669
0.001778
0.001299
0.000703
0.000119
0.000000
0.000000
0.000000
0.051563
0.004467
0.000644
0.000309
0.000123
0.000000
0.000000
0.000000
0.000000
0.003666
0.003855
0.001110
0.000672
0.000200
0.000015
0.000000
0.000000
0.000000
0.003158
0.002669
0.001778
0.001299
0.000703
0.000119
0.000000
0.000000
0.000000
0.000117
0.000265
0.000466
0.001633
0.000982
0.000038
0.000000
0.000000
0.000000
0.003666
0.003855
0.001110
0.000672
0.000200
0.000015
0.000000
0.000000
0.000000
0.000418
0.000948
0.001190
0.000848
0.000201
0.000000
0.000000
0.000000
0.000000
0.000633
0.001339
0.003894
0.006440
0.002060
0.000000
0.000000
0.000000
0.000000
0.001325
0.002567
0.002743
0.000546
0.000805
0.000054
0.000000
0.000000
0.000000
0.027241
0.029108
0.012817
0.010640
0.003141
0.000013
0.000000
0.000000
0.000000
0.014558
0.005567
0.000676
0.000881
0.001551
0.000107
0.000000
0.000000
0.000000
0.001325
0.002567
0.002743
0.000546
0.000805
0.000054
0.000000
0.000000
0.000000
0.005362
0.005923
0.006915
0.006671
0.012921
0.003495
0.000000
0.000000
0.000000
0.014558
0.005567
0.000676
0.000881
0.001551
0.000107
0.000000
0.000000
0.000000
0.007584
0.016132
0.022136
0.004227
0.004159
0.002323
0.000000
0.000000
0.000000
0.005362
0.005923
0.006915
0.006671
0.012921
0.003495
0.000000
0.000000
0.000000
0.003260
0.021292
0.013490
0.022418
0.016086
0.000839
0.000000
0.000000
0.000000
0.007584
0.016132
0.022136
0.004227
0.004159
0.002323
0.000000
0.000000
0.000000
0.069446
0.029148
0.021122
0.022390
0.012224
0.000000
0.000000
0.000000
0.000000
0.003260
0.021292
0.013490
0.022418
0.016086
0.000839
0.000000
0.000000
0.000000
0.000751
0.009258
0.011373
0.002200
0.000380
0.000000
0.000000
0.000000
0.000000
0.069446
0.029148
0.021122
0.022390
0.012224
0.000000
0.000000
0.000000
0.000000
0.000578
0.006733
0.008781
0.004761
0.000287
0.000022
0.000000
0.000000
0.000000
0.000751
0.009258
0.011373
0.002200
0.000380
0.000000
0.000000
0.000000
0.000000
0.000000
0.000000
0.000000
0.000000
0.000000
0.000000
0.000000
0.000000
0.000000
0.000578
0.006733
0.008781
0.004761
0.000287
0.000022
0.000000
0.000000
0.000000
0.000706
0.000545
0.000777
0.000687
0.000293
0.000000
0.000000
0.000000
0.000000
0.000000
0.000000
0.000000
0.000000
0.000000
0.000000
0.000000
0.000000
0.000000
0.000000
0.000000
0.000000
0.000000
0.000000
0.000000
0.000000
0.000000
0.000000
0.000706
0.000545
0.000777
0.000687
0.000293
0.000000
0.000000
0.000000
0.000000
0.001354
0.002514
0.004742
0.005174
0.009418
0.000372
0.000000
0.000000
0.000000
0.000000
0.000000
0.000000
0.000000
0.000000
0.000000
0.000000
0.000000
0.000000
0.000000
0.000000
0.000000
0.000000
0.000000
0.000000
0.000000
0.000000
0.000000
0.001354
0.002514
0.004742
0.005174
0.009418
0.000372
0.000000
0.000000
0.000000
0.001050
0.002285
0.001652
0.006192
0.014569
0.001819
0.000000
0.000000
0.000000
0.000000
0.000000
0.000000
0.000000
0.000000
0.000000
0.000000
0.000000
0.000000
0.000935
0.000521
0.000092
0.000112
0.000026
0.000000
0.000000
0.000000
0.000000
0.001050
0.002285
0.001652
0.006192
0.014569
0.001819
0.000000
0.000000
0.000000
0.002636
0.002691
0.001631
0.006377
0.020396
0.004468
0.000000
0.000000
0.000000
0.000935
0.000521
0.000092
0.000112
0.000026
0.000000
0.000000
0.000000
0.000000
0.051563
0.004467
0.000644
0.000309
0.000123
0.000000
0.000000
0.000000
0.000000
0.002636
0.002691
0.001631
0.006377
0.020396
0.004468
0.000000
0.000000
0.000000
0.034692
0.037002
0.016704
0.002717
0.015054
0.004282
0.000000
0.000000
0.000000
0.051563
0.004467
0.000644
0.000309
0.000123
0.000000
0.000000
0.000000
0.000000
0.003666
0.003855
0.001110
0.000672
0.000200
0.000015
0.000000
0.000000
0.000000
0.034692
0.037002
0.016704
0.002717
0.015054
0.004282
0.000000
0.000000
0.000000
0.000887
0.003154
0.002787
0.006455
0.029794
0.007726
0.000000
0.000000
0.000000
0.003666
0.003855
0.001110
0.000672
0.000200
0.000015
0.000000
0.000000
0.000000
0.000418
0.000948
0.001190
0.000848
0.000201
0.000000
0.000000
0.000000
0.000000
0.000887
0.003154
0.002787
0.006455
0.029794
0.007726
0.000000
0.000000
0.000000
0.000888
0.001624
0.004794
0.009546
0.015322
0.002966
0.000000
0.000000
0.000000
0.027241
0.029108
0.012817
0.010640
0.003141
0.000013
0.000000
0.000000
0.000000
0.014558
0.005567
0.000676
0.000881
0.001551
0.000107
0.000000
0.000000
0.000000
0.038596
0.033071
0.008342
0.013559
0.010276
0.000252
0.000000
0.000000
0.000000
0.015369
0.003625
0.007453
0.013938
0.023690
0.006204
0.000000
0.000000
0.000000
0.014558
0.005567
0.000676
0.000881
0.001551
0.000107
0.000000
0.000000
0.000000
0.007584
0.016132
0.022136
0.004227
0.004159
0.002323
0.000000
0.000000
0.000000
0.015369
0.003625
0.007453
0.013938
0.023690
0.006204
0.000000
0.000000
0.000000
0.000294
0.000419
0.001051
0.010549
0.021131
0.003822
0.000000
0.000000
0.000000
0.007584
0.016132
0.022136
0.004227
0.004159
0.002323
0.000000
0.000000
0.000000
0.069446
0.029148
0.021122
0.022390
0.012224
0.000000
0.000000
0.000000
0.000000
0.000294
0.000419
0.001051
0.010549
0.021131
0.003822
0.000000
0.000000
0.000000
0.000633
0.001383
0.002112
0.003290
0.000673
0.000000
0.000000
0.000000
0.000000
0.069446
0.029148
0.021122
0.022390
0.012224
0.000000
0.000000
0.000000
0.000000
0.000578
0.006733
0.008781
0.004761
0.000287
0.000022
0.000000
0.000000
0.000000
0.000633
0.001383
0.002112
0.003290
0.000673
0.000000
0.000000
0.000000
0.000000
0.000565
0.000687
0.000925
0.000811
0.000512
0.000026
0.000000
0.000000
0.000000
0.000578
0.006733
0.008781
0.004761
0.000287
0.000022
0.000000
0.000000
0.000000
0.000706
0.000545
0.000777
0.000687
0.000293
0.000000
0.000000
0.000000
0.000000
0.000565
0.000687
0.000925
0.000811
0.000512
0.000026
0.000000
0.000000
0.000000
0.006179
0.019706
0.016412
0.005354
0.005716
0.000522
0.000000
0.000000
0.000000
0.000706
0.000545
0.000777
0.000687
0.000293
0.000000
0.000000
0.000000
0.000000
0.001354
0.002514
0.004742
0.005174
0.009418
0.000372
0.000000
0.000000
0.000000
0.006179
0.019706
0.016412
0.005354
0.005716
0.000522
0.000000
0.000000
0.000000
0.000839
0.002454
0.025163
0.018102
0.006994
0.000000
0.000000
0.000000
0.000000
0.001354
0.002514
0.004742
0.005174
0.009418
0.000372
0.000000
0.000000
0.000000
0.001050
0.002285
0.001652
0.006192
0.014569
0.001819
0.000000
0.000000
0.000000
0.000839
0.002454
0.025163
0.018102
0.006994
0.000000
0.000000
0.000000
0.000000
0.002181
0.011892
0.016024
0.013959
0.013133
0.001239
0.000000
0.000000
0.000000
0.001050
0.002285
0.001652
0.006192
0.014569
0.001819
0.000000
0.000000
0.000000
0.002636
0.002691
0.001631
0.006377
0.020396
0.004468
0.000000
0.000000
0.000000
0.002181
0.011892
0.016024
0.013959
0.013133
0.001239
0.000000
0.000000
0.000000
0.001910
0.005441
0.004774
0.003050
0.001812
0.000129
0.000000
0.000000
0.000000
0.002636
0.002691
0.001631
0.006377
0.020396
0.004468
0.000000
0.000000
0.000000
0.034692
0.037002
0.016704
0.002717
0.015054
0.004282
0.000000
0.000000
0.000000
0.001910
0.005441
0.004774
0.003050
0.001812
0.000129
0.000000
0.000000
0.000000
0.069460
0.044431
0.012262
0.000759
0.001622
0.000562
0.000000
0.000000
0.000000
0.034692
0.037002
0.016704
0.002717
0.015054
0.004282
0.000000
0.000000
0.000000
0.000887
0.003154
0.002787
0.006455
0.029794
0.007726
0.000000
0.000000
0.000000
0.069460
0.044431
0.012262
0.000759
0.001622
0.000562
0.000000
0.000000
0.000000
0.001637
0.005617
0.002839
0.003727
0.003817
0.000074
0.000000
0.000000
0.000000
0.000887
0.003154
0.002787
0.006455
0.029794
0.007726
0.000000
0.000000
0.000000
0.000888
0.001624
0.004794
0.009546
0.015322
0.002966
0.000000
0.000000
0.000000
0.001637
0.005617
0.002839
0.003727
0.003817
0.000074
0.000000
0.000000
0.000000
0.000938
0.004320
0.005337
0.001560
0.000746
0.000015
0.000000
0.000000
0.000000
0.038596
0.033071
0.008342
0.013559
0.010276
0.000252
0.000000
0.000000
0.000000
0.015369
0.003625
0.007453
0.013938
0.023690
0.006204
0.000000
0.000000
0.000000
0.005357
0.013032
0.017641
0.016568
0.034935
0.007617
0.000000
0.000000
0.000000
0.003926
0.015955
0.021454
0.027708
0.031619
0.006443
0.000000
0.000000
0.000000
0.015369
0.003625
0.007453
0.013938
0.023690
0.006204
0.000000
0.000000
0.000000
0.000294
0.000419
0.001051
0.010549
0.021131
0.003822
0.000000
0.000000
0.000000
0.003926
0.015955
0.021454
0.027708
0.031619
0.006443
0.000000
0.000000
0.000000
0.010030
0.022696
0.011362
0.022406
0.028228
0.003150
0.000000
0.000000
0.000000
0.000294
0.000419
0.001051
0.010549
0.021131
0.003822
0.000000
0.000000
0.000000
0.000633
0.001383
0.002112
0.003290
0.000673
0.000000
0.000000
0.000000
0.000000
0.010030
0.022696
0.011362
0.022406
0.028228
0.003150
0.000000
0.000000
0.000000
0.000966
0.017040
0.032262
0.040079
0.031753
0.006633
0.000000
0.000000
0.000000
0.000633
0.001383
0.002112
0.003290
0.000673
0.000000
0.000000
0.000000
0.000000
0.000565
0.000687
0.000925
0.000811
0.000512
0.000026
0.000000
0.000000
0.000000
0.000966
0.017040
0.032262
0.040079
0.031753
0.006633
0.000000
0.000000
0.000000
0.005294
0.012651
0.034962
0.034474
0.035916
0.005644
0.000000
0.000000
0.000000
0.000565
0.000687
0.000925
0.000811
0.000512
0.000026
0.000000
0.000000
0.000000
0.006179
0.019706
0.016412
0.005354
0.005716
0.000522
0.000000
0.000000
0.000000
0.005294
0.012651
0.034962
0.034474
0.035916
0.005644
0.000000
0.000000
0.000000
0.009156
0.006517
0.012260
0.031154
0.038358
0.007663
0.000000
0.000000
0.000000
0.006179
0.019706
0.016412
0.005354
0.005716
0.000522
0.000000
0.000000
0.000000
0.000839
0.002454
0.025163
0.018102
0.006994
0.000000
0.000000
0.000000
0.000000
0.009156
0.006517
0.012260
0.031154
0.038358
0.007663
0.000000
0.000000
0.000000
0.003494
0.013187
0.013612
0.037480
0.031161
0.001895
0.000000
0.000000
0.000000
0.000839
0.002454
0.025163
0.018102
0.006994
0.000000
0.000000
0.000000
0.000000
0.002181
0.011892
0.016024
0.013959
0.013133
0.001239
0.000000
0.000000
0.000000
0.003494
0.013187
0.013612
0.037480
0.031161
0.001895
0.000000
0.000000
0.000000
0.006538
0.009624
0.012375
0.011808
0.025561
0.006760
0.000000
0.000000
0.000000
0.002181
0.011892
0.016024
0.013959
0.013133
0.001239
0.000000
0.000000
0.000000
0.001910
0.005441
0.004774
0.003050
0.001812
0.000129
0.000000
0.000000
0.000000
0.006538
0.009624
0.012375
0.011808
0.025561
0.006760
0.000000
0.000000
0.000000
0.006259
0.008331
0.025287
0.032616
0.022804
0.001746
0.000000
0.000000
0.000000
0.001910
0.005441
0.004774
0.003050
0.001812
0.000129
0.000000
0.000000
0.000000
0.069460
0.044431
0.012262
0.000759
0.001622
0.000562
0.000000
0.000000
0.000000
0.006259
0.008331
0.025287
0.032616
0.022804
0.001746
0.000000
0.000000
0.000000
0.027131
0.036705
0.024555
0.026268
0.022904
0.004345
0.000000
0.000000
0.000000
0.069460
0.044431
0.012262
0.000759
0.001622
0.000562
0.000000
0.000000
0.000000
0.001637
0.005617
0.002839
0.003727
0.003817
0.000074
0.000000
0.000000
0.000000
0.027131
0.036705
0.024555
0.026268
0.022904
0.004345
0.000000
0.000000
0.000000
0.014518
0.022695
0.011282
0.021833
0.015080
0.000769
0.000000
0.000000
0.000000
0.001637
0.005617
0.002839
0.003727
0.003817
0.000074
0.000000
0.000000
0.000000
0.000938
0.004320
0.005337
0.001560
0.000746
0.000015
0.000000
0.000000
0.000000
0.014518
0.022695
0.011282
0.021833
0.015080
0.000769
0.000000
0.000000
0.000000
0.008713
0.010094
0.014579
0.010599
0.008103
0.001620
0.000000
0.000000
0.000000
0.005357
0.013032
0.017641
0.016568
0.034935
0.007617
0.000000
0.000000
0.000000
0.003926
0.015955
0.021454
0.027708
0.031619
0.006443
0.000000
0.000000
0.000000
0.012874
0.022631
0.018293
0.021049
0.009224
0.000862
0.000000
0.000000
0.000000
0.015461
0.028495
0.017422
0.006877
0.005764
0.000800
0.000000
0.000000
0.000000
0.003926
0.015955
0.021454
0.027708
0.031619
0.006443
0.000000
0.000000
0.000000
0.010030
0.022696
0.011362
0.022406
0.028228
0.003150
0.000000
0.000000
0.000000
0.015461
0.028495
0.017422
0.006877
0.005764
0.000800
0.000000
0.000000
0.000000
0.007727
0.017733
0.014530
0.021036
0.027598
0.002194
0.000000
0.000000
0.000000
0.010030
0.022696
0.011362
0.022406
0.028228
0.003150
0.000000
0.000000
0.000000
0.000966
0.017040
0.032262
0.040079
0.031753
0.006633
0.000000
0.000000
0.000000
0.007727
0.017733
0.014530
0.021036
0.027598
0.002194
0.000000
0.000000
0.000000
0.005176
0.007470
0.010985
0.022703
0.019469
0.001676
0.000000
0.000000
0.000000
0.000966
0.017040
0.032262
0.040079
0.031753
0.006633
0.000000
0.000000
0.000000
0.005294
0.012651
0.034962
0.034474
0.035916
0.005644
0.000000
0.000000
0.000000
0.005176
0.007470
0.010985
0.022703
0.019469
0.001676
0.000000
0.000000
0.000000
0.015481
0.024472
0.027040
0.019879
0.011410
0.001147
0.000000
0.000000
0.000000
0.005294
0.012651
0.034962
0.034474
0.035916
0.005644
0.000000
0.000000
0.000000
0.009156
0.006517
0.012260
0.031154
0.038358
0.007663
0.000000
0.000000
0.000000
0.015481
0.024472
0.027040
0.019879
0.011410
0.001147
0.000000
0.000000
0.000000
0.003415
0.009190
0.018916
0.037897
0.022359
0.004436
0.000000
0.000000
0.000000
0.009156
0.006517
0.012260
0.031154
0.038358
0.007663
0.000000
0.000000
0.000000
0.003494
0.013187
0.013612
0.037480
0.031161
0.001895
0.000000
0.000000
0.000000
0.003415
0.009190
0.018916
0.037897
0.022359
0.004436
0.000000
0.000000
0.000000
0.017121
0.021799
0.021933
0.025229
0.021674
0.001060
0.000000
0.000000
0.000000
0.003494
0.013187
0.013612
0.037480
0.031161
0.001895
0.000000
0.000000
0.000000
0.006538
0.009624
0.012375
0.011808
0.025561
0.006760
0.000000
0.000000
0.000000
0.017121
0.021799
0.021933
0.025229
0.021674
0.001060
0.000000
0.000000
0.000000
0.012901
0.016804
0.010096
0.013523
0.009476
0.002397
0.000000
0.000000
0.000000
0.006538
0.009624
0.012375
0.011808
0.025561
0.006760
0.000000
0.000000
0.000000
0.006259
0.008331
0.025287
0.032616
0.022804
0.001746
0.000000
0.000000
0.000000
0.012901
0.016804
0.010096
0.013523
0.009476
0.002397
0.000000
0.000000
0.000000
0.015628
0.012861
0.007986
0.005154
0.002558
0.000081
0.000000
0.000000
0.000000
0.006259
0.008331
0.025287
0.032616
0.022804
0.001746
0.000000
0.000000
0.000000
0.027131
0.036705
0.024555
0.026268
0.022904
0.004345
0.000000
0.000000
0.000000
0.015628
0.012861
0.007986
0.005154
0.002558
0.000081
0.000000
0.000000
0.000000
0.052233
0.034419
0.012279
0.004605
0.003528
0.001052
0.000000
0.000000
0.000000
0.027131
0.036705
0.024555
0.026268
0.022904
0.004345
0.000000
0.000000
0.000000
0.014518
0.022695
0.011282
0.021833
0.015080
0.000769
0.000000
0.000000
0.000000
0.052233
0.034419
0.012279
0.004605
0.003528
0.001052
0.000000
0.000000
0.000000
0.002665
0.012086
0.009693
0.023872
0.022406
0.003733
0.000000
0.000000
0.000000
0.014518
0.022695
0.011282
0.021833
0.015080
0.000769
0.000000
0.000000
0.000000
0.008713
0.010094
0.014579
0.010599
0.008103
0.001620
0.000000
0.000000
0.000000
0.002665
0.012086
0.009693
0.023872
0.022406
0.003733
0.000000
0.000000
0.000000
0.004830
0.009709
0.011890
0.016903
0.020019
0.002157
0.000000
0.000000
0.000000
0.012874
0.022631
0.018293
0.021049
0.009224
0.000862
0.000000
0.000000
0.000000
0.015461
0.028495
0.017422
0.006877
0.005764
0.000800
0.000000
0.000000
0.000000
0.011426
0.015515
0.017845
0.009795
0.006059
0.001262
0.000000
0.000000
0.000000
0.022215
0.020215
0.011988
0.005389
0.004406
0.000491
0.000000
0.000000
0.000000
0.015461
0.028495
0.017422
0.006877
0.005764
0.000800
0.000000
0.000000
0.000000
0.007727
0.017733
0.014530
0.021036
0.027598
0.002194
0.000000
0.000000
0.000000
0.022215
0.020215
0.011988
0.005389
0.004406
0.000491
0.000000
0.000000
0.000000
0.007229
0.012656
0.013170
0.014363
0.013010
0.001399
0.000000
0.000000
0.000000
0.007727
0.017733
0.014530
0.021036
0.027598
0.002194
0.000000
0.000000
0.000000
0.005176
0.007470
0.010985
0.022703
0.019469
0.001676
0.000000
0.000000
0.000000
0.007229
0.012656
0.013170
0.014363
0.013010
0.001399
0.000000
0.000000
0.000000
0.003688
0.015143
0.026555
0.013373
0.008242
0.001100
0.000000
0.000000
0.000000
0.005176
0.007470
0.010985
0.022703
0.019469
0.001676
0.000000
0.000000
0.000000
0.015481
0.024472
0.027040
0.019879
0.011410
0.001147
0.000000
0.000000
0.000000
0.003688
0.015143
0.026555
0.013373
0.008242
0.001100
0.000000
0.000000
0.000000
0.011882
0.019777
0.017175
0.024714
0.012161
0.002179
0.000000
0.000000
0.000000
0.015481
0.024472
0.027040
0.019879
0.011410
0.001147
0.000000
0.000000
0.000000
0.003415
0.009190
0.018916
0.037897
0.022359
0.004436
0.000000
0.000000
0.000000
0.011882
0.019777
0.017175
0.024714
0.012161
0.002179
0.000000
0.000000
0.000000
0.014841
0.039200
0.044219
0.027033
0.015428
0.005257
0.000000
0.000000
0.000000
0.003415
0.009190
0.018916
0.037897
0.022359
0.004436
0.000000
0.000000
0.000000
0.017121
0.021799
0.021933
0.025229
0.021674
0.001060
0.000000
0.000000
0.000000
0.014841
0.039200
0.044219
0.027033
0.015428
0.005257
0.000000
0.000000
0.000000
0.011262
0.018151
0.022312
0.029383
0.046364
0.004219
0.000000
0.000000
0.000000
0.017121
0.021799
0.021933
0.025229
0.021674
0.001060
0.000000
0.000000
0.000000
0.012901
0.016804
0.010096
0.013523
0.009476
0.002397
0.000000
0.000000
0.000000
0.011262
0.018151
0.022312
0.029383
0.046364
0.004219
0.000000
0.000000
0.000000
0.003886
0.019499
0.035194
0.026426
0.022342
0.003829
0.000000
0.000000
0.000000
0.012901
0.016804
0.010096
0.013523
0.009476
0.002397
0.000000
0.000000
0.000000
0.015628
0.012861
0.007986
0.005154
0.002558
0.000081
0.000000
0.000000
0.000000
0.003886
0.019499
0.035194
0.026426
0.022342
0.003829
0.000000
0.000000
0.000000
0.013646
0.044997
0.019354
0.014174
0.013340
0.002165
0.000000
0.000000
0.000000
0.015628
0.012861
0.007986
0.005154
0.002558
0.000081
0.000000
0.000000
0.000000
0.052233
0.034419
0.012279
0.004605
0.003528
0.001052
0.000000
0.000000
0.000000
0.013646
0.044997
0.019354
0.014174
0.013340
0.002165
0.000000
0.000000
0.000000
0.025699
0.025009
0.008913
0.013356
0.005325
0.000405
0.000000
0.000000
0.000000
0.052233
0.034419
0.012279
0.004605
0.003528
0.001052
0.000000
0.000000
0.000000
0.002665
0.012086
0.009693
0.023872
0.022406
0.003733
0.000000
0.000000
0.000000
0.025699
0.025009
0.008913
0.013356
0.005325
0.000405
0.000000
0.000000
0.000000
0.003071
0.010015
0.008815
0.014492
0.005434
0.000341
0.000000
0.000000
0.000000
0.002665
0.012086
0.009693
0.023872
0.022406
0.003733
0.000000
0.000000
0.000000
0.004830
0.009709
0.011890
0.016903
0.020019
0.002157
0.000000
0.000000
0.000000
0.003071
0.010015
0.008815
0.014492
0.005434
0.000341
0.000000
0.000000
0.000000
0.013330
0.016877
0.009461
0.003349
0.001338
0.000095
0.000000
0.000000
0.000000
0.011426
0.015515
0.017845
0.009795
0.006059
0.001262
0.000000
0.000000
0.000000
0.022215
0.020215
0.011988
0.005389
0.004406
0.000491
0.000000
0.000000
0.000000
0.006390
0.004334
0.008594
0.028581
0.043263
0.006269
0.000000
0.000000
0.000000
0.002011
0.003630
0.016341
0.036970
0.075501
0.016531
0.000000
0.000000
0.000000
0.022215
0.020215
0.011988
0.005389
0.004406
0.000491
0.000000
0.000000
0.000000
0.007229
0.012656
0.013170
0.014363
0.013010
0.001399
0.000000
0.000000
0.000000
0.002011
0.003630
0.016341
0.036970
0.075501
0.016531
0.000000
0.000000
0.000000
0.007777
0.011333
0.026346
0.018083
0.042339
0.017073
0.000000
0.000000
0.000000
0.007229
0.012656
0.013170
0.014363
0.013010
0.001399
0.000000
0.000000
0.000000
0.003688
0.015143
0.026555
0.013373
0.008242
0.001100
0.000000
0.000000
0.000000
0.007777
0.011333
0.026346
0.018083
0.042339
0.017073
0.000000
0.000000
0.000000
0.013305
0.032749
0.043405
0.026678
0.046298
0.012875
0.000000
0.000000
0.000000
0.003688
0.015143
0.026555
0.013373
0.008242
0.001100
0.000000
0.000000
0.000000
0.011882
0.019777
0.017175
0.024714
0.012161
0.002179
0.000000
0.000000
0.000000
0.013305
0.032749
0.043405
0.026678
0.046298
0.012875
0.000000
0.000000
0.000000
0.004308
0.005499
0.017739
0.031346
0.103473
0.017768
0.000000
0.000000
0.000000
0.011882
0.019777
0.017175
0.024714
0.012161
0.002179
0.000000
0.000000
0.000000
0.014841
0.039200
0.044219
0.027033
0.015428
0.005257
0.000000
0.000000
0.000000
0.004308
0.005499
0.017739
0.031346
0.103473
0.017768
0.000000
0.000000
0.000000
0.012340
0.018477
0.042951
0.038055
0.046458
0.005696
0.000000
0.000000
0.000000
0.014841
0.039200
0.044219
0.027033
0.015428
0.005257
0.000000
0.000000
0.000000
0.011262
0.018151
0.022312
0.029383
0.046364
0.004219
0.000000
0.000000
0.000000
0.012340
0.018477
0.042951
0.038055
0.046458
0.005696
0.000000
0.000000
0.000000
0.004889
0.041711
0.041121
0.034798
0.054783
0.006201
0.000000
0.000000
0.000000
0.011262
0.018151
0.022312
0.029383
0.046364
0.004219
0.000000
0.000000
0.000000
0.003886
0.019499
0.035194
0.026426
0.022342
0.003829
0.000000
0.000000
0.000000
0.004889
0.041711
0.041121
0.034798
0.054783
0.006201
0.000000
0.000000
0.000000
0.012653
0.017142
0.005697
0.011128
0.070639
0.017725
0.000000
0.000000
0.000000
0.003886
0.019499
0.035194
0.026426
0.022342
0.003829
0.000000
0.000000
0.000000
0.013646
0.044997
0.019354
0.014174
0.013340
0.002165
0.000000
0.000000
0.000000
0.012653
0.017142
0.005697
0.011128
0.070639
0.017725
0.000000
0.000000
0.000000
0.017127
0.022466
0.014997
0.014690
0.031799
0.013028
0.000000
0.000000
0.000000
0.013646
0.044997
0.019354
0.014174
0.013340
0.002165
0.000000
0.000000
0.000000
0.025699
0.025009
0.008913
0.013356
0.005325
0.000405
0.000000
0.000000
0.000000
0.017127
0.022466
0.014997
0.014690
0.031799
0.013028
0.000000
0.000000
0.000000
0.011481
0.032243
0.024024
0.026646
0.044119
0.006455
0.000000
0.000000
0.000000
0.025699
0.025009
0.008913
0.013356
0.005325
0.000405
0.000000
0.000000
0.000000
0.003071
0.010015
0.008815
0.014492
0.005434
0.000341
0.000000
0.000000
0.000000
0.011481
0.032243
0.024024
0.026646
0.044119
0.006455
0.000000
0.000000
0.000000
0.002784
0.005957
0.015229
0.033581
0.094216
0.011925
0.000000
0.000000
0.000000
0.003071
0.010015
0.008815
0.014492
0.005434
0.000341
0.000000
0.000000
0.000000
0.013330
0.016877
0.009461
0.003349
0.001338
0.000095
0.000000
0.000000
0.000000
0.002784
0.005957
0.015229
0.033581
0.094216
0.011925
0.000000
0.000000
0.000000
0.006635
0.012437
0.022411
0.021604
0.013892
0.004530
0.000000
0.000000
0.000000
0.006390
0.004334
0.008594
0.028581
0.043263
0.006269
0.000000
0.000000
0.000000
0.002011
0.003630
0.016341
0.036970
0.075501
0.016531
0.000000
0.000000
0.000000
0.001398
0.003322
0.003564
0.020070
0.070752
0.027995
0.000000
0.000000
0.000000
0.001124
0.003794
0.016729
0.020509
0.047668
0.014402
0.000000
0.000000
0.000000
0.002011
0.003630
0.016341
0.036970
0.075501
0.016531
0.000000
0.000000
0.000000
0.007777
0.011333
0.026346
0.018083
0.042339
0.017073
0.000000
0.000000
0.000000
0.001124
0.003794
0.016729
0.020509
0.047668
0.014402
0.000000
0.000000
0.000000
0.000235
0.000440
0.001075
0.007999
0.069767
0.026682
0.000000
0.000000
0.000000
0.007777
0.011333
0.026346
0.018083
0.042339
0.017073
0.000000
0.000000
0.000000
0.013305
0.032749
0.043405
0.026678
0.046298
0.012875
0.000000
0.000000
0.000000
0.000235
0.000440
0.001075
0.007999
0.069767
0.026682
0.000000
0.000000
0.000000
0.008480
0.017961
0.011902
0.019498
0.041990
0.018658
0.000000
0.000000
0.000000
0.013305
0.032749
0.043405
0.026678
0.046298
0.012875
0.000000
0.000000
0.000000
0.004308
0.005499
0.017739
0.031346
0.103473
0.017768
0.000000
0.000000
0.000000
0.008480
0.017961
0.011902
0.019498
0.041990
0.018658
0.000000
0.000000
0.000000
0.001182
0.003095
0.006554
0.009921
0.088803
0.017648
0.000000
0.000000
0.000000
0.004308
0.005499
0.017739
0.031346
0.103473
0.017768
0.000000
0.000000
0.000000
0.012340
0.018477
0.042951
0.038055
0.046458
0.005696
0.000000
0.000000
0.000000
0.001182
0.003095
0.006554
0.009921
0.088803
0.017648
0.000000
0.000000
0.000000
0.001822
0.002408
0.009854
0.045260
0.069823
0.004910
0.000000
0.000000
0.000000
0.012340
0.018477
0.042951
0.038055
0.046458
0.005696
0.000000
0.000000
0.000000
0.004889
0.041711
0.041121
0.034798
0.054783
0.006201
0.000000
0.000000
0.000000
0.001822
0.002408
0.009854
0.045260
0.069823
0.004910
0.000000
0.000000
0.000000
0.001167
0.003925
0.013953
0.022328
0.031372
0.003967
0.000000
0.000000
0.000000
0.004889
0.041711
0.041121
0.034798
0.054783
0.006201
0.000000
0.000000
0.000000
0.012653
0.017142
0.005697
0.011128
0.070639
0.017725
0.000000
0.000000
0.000000
0.001167
0.003925
0.013953
0.022328
0.031372
0.003967
0.000000
0.000000
0.000000
0.000956
0.000944
0.002134
0.007016
0.013681
0.001850
0.000000
0.000000
0.000000
0.012653
0.017142
0.005697
0.011128
0.070639
0.017725
0.000000
0.000000
0.000000
0.017127
0.022466
0.014997
0.014690
0.031799
0.013028
0.000000
0.000000
0.000000
0.000956
0.000944
0.002134
0.007016
0.013681
0.001850
0.000000
0.000000
0.000000
0.000889
0.002416
0.002571
0.010043
0.021743
0.005363
0.000000
0.000000
0.000000
0.017127
0.022466
0.014997
0.014690
0.031799
0.013028
0.000000
0.000000
0.000000
0.011481
0.032243
0.024024
0.026646
0.044119
0.006455
0.000000
0.000000
0.000000
0.000889
0.002416
0.002571
0.010043
0.021743
0.005363
0.000000
0.000000
0.000000
0.015610
0.020746
0.021053
0.017255
0.027458
0.007706
0.000000
0.000000
0.000000
0.011481
0.032243
0.024024
0.026646
0.044119
0.006455
0.000000
0.000000
0.000000
0.002784
0.005957
0.015229
0.033581
0.094216
0.011925
0.000000
0.000000
0.000000
0.015610
0.020746
0.021053
0.017255
0.027458
0.007706
0.000000
0.000000
0.000000
0.001129
0.003956
0.007843
0.008359
0.034109
0.009334
0.000000
0.000000
0.000000
0.002784
0.005957
0.015229
0.033581
0.094216
0.011925
0.000000
0.000000
0.000000
0.006635
0.012437
0.022411
0.021604
0.013892
0.004530
0.000000
0.000000
0.000000
0.001129
0.003956
0.007843
0.008359
0.034109
0.009334
0.000000
0.000000
0.000000
0.003633
0.005074
0.005361
0.004519
0.028827
0.006890
0.000000
0.000000
0.000000
0.001398
0.003322
0.003564
0.020070
0.070752
0.027995
0.000000
0.000000
0.000000
0.001124
0.003794
0.016729
0.020509
0.047668
0.014402
0.000000
0.000000
0.000000
0.001414
0.000496
0.000342
0.002199
0.004505
0.000535
0.000000
0.000000
0.000000
0.001025
0.000551
0.000580
0.002270
0.005823
0.000773
0.000000
0.000000
0.000000
0.001124
0.003794
0.016729
0.020509
0.047668
0.014402
0.000000
0.000000
0.000000
0.000235
0.000440
0.001075
0.007999
0.069767
0.026682
0.000000
0.000000
0.000000
0.001025
0.000551
0.000580
0.002270
0.005823
0.000773
0.000000
0.000000
0.000000
0.000574
0.000670
0.001562
0.003289
0.005042
0.000767
0.000000
0.000000
0.000000
0.000235
0.000440
0.001075
0.007999
0.069767
0.026682
0.000000
0.000000
0.000000
0.008480
0.017961
0.011902
0.019498
0.041990
0.018658
0.000000
0.000000
0.000000
0.000574
0.000670
0.001562
0.003289
0.005042
0.000767
0.000000
0.000000
0.000000
0.000212
0.000729
0.002041
0.002958
0.004364
0.000534
0.000000
0.000000
0.000000
0.008480
0.017961
0.011902
0.019498
0.041990
0.018658
0.000000
0.000000
0.000000
0.001182
0.003095
0.006554
0.009921
0.088803
0.017648
0.000000
0.000000
0.000000
0.000212
0.000729
0.002041
0.002958
0.004364
0.000534
0.000000
0.000000
0.000000
0.001422
0.000864
0.001701
0.005989
0.008415
0.001214
0.000000
0.000000
0.000000
0.001182
0.003095
0.006554
0.009921
0.088803
0.017648
0.000000
0.000000
0.000000
0.001822
0.002408
0.009854
0.045260
0.069823
0.004910
0.000000
0.000000
0.000000
0.001422
0.000864
0.001701
0.005989
0.008415
0.001214
0.000000
0.000000
0.000000
0.001865
0.002346
0.002980
0.004645
0.004915
0.000313
0.000000
0.000000
0.000000
0.001822
0.002408
0.009854
0.045260
0.069823
0.004910
0.000000
0.000000
0.000000
0.001167
0.003925
0.013953
0.022328
0.031372
0.003967
0.000000
0.000000
0.000000
0.001865
0.002346
0.002980
0.004645
0.004915
0.000313
0.000000
0.000000
0.000000
0.001234
0.000777
0.002192
0.005234
0.008225
0.000519
0.000000
0.000000
0.000000
0.001167
0.003925
0.013953
0.022328
0.031372
0.003967
0.000000
0.000000
0.000000
0.000956
0.000944
0.002134
0.007016
0.013681
0.001850
0.000000
0.000000
0.000000
0.001234
0.000777
0.002192
0.005234
0.008225
0.000519
0.000000
0.000000
0.000000
0.000339
0.000171
0.000774
0.002302
0.008661
0.001445
0.000000
0.000000
0.000000
0.000956
0.000944
0.002134
0.007016
0.013681
0.001850
0.000000
0.000000
0.000000
0.000889
0.002416
0.002571
0.010043
0.021743
0.005363
0.000000
0.000000
0.000000
0.000339
0.000171
0.000774
0.002302
0.008661
0.001445
0.000000
0.000000
0.000000
0.000605
0.001235
0.002235
0.002938
0.002761
0.000211
0.000000
0.000000
0.000000
0.000889
0.002416
0.002571
0.010043
0.021743
0.005363
0.000000
0.000000
0.000000
0.015610
0.020746
0.021053
0.017255
0.027458
0.007706
0.000000
0.000000
0.000000
0.000605
0.001235
0.002235
0.002938
0.002761
0.000211
0.000000
0.000000
0.000000
0.001677
0.002088
0.003425
0.004578
0.002816
0.000561
0.000000
0.000000
0.000000
0.015610
0.020746
0.021053
0.017255
0.027458
0.007706
0.000000
0.000000
0.000000
0.001129
0.003956
0.007843
0.008359
0.034109
0.009334
0.000000
0.000000
0.000000
0.001677
0.002088
0.003425
0.004578
0.002816
0.000561
0.000000
0.000000
0.000000
0.000249
0.000658
0.001823
0.003861
0.004568
0.000874
0.000000
0.000000
0.000000
0.001129
0.003956
0.007843
0.008359
0.034109
0.009334
0.000000
0.000000
0.000000
0.003633
0.005074
0.005361
0.004519
0.028827
0.006890
0.000000
0.000000
0.000000
0.000249
0.000658
0.001823
0.003861
0.004568
0.000874
0.000000
0.000000
0.000000
0.002003
0.005820
0.005781
0.003662
0.002622
0.000496
0.000000
0.000000
0.000000
0.001414
0.000496
0.000342
0.002199
0.004505
0.000535
0.000000
0.000000
0.000000
0.001025
0.000551
0.000580
0.002270
0.005823
0.000773
0.000000
0.000000
0.000000
0.000413
0.000480
0.001598
0.001888
0.004922
0.001046
0.000000
0.000000
0.000000
0.000374
0.001481
0.002189
0.002892
0.003275
0.000369
0.000000
0.000000
0.000000
0.001025
0.000551
0.000580
0.002270
0.005823
0.000773
0.000000
0.000000
0.000000
0.000574
0.000670
0.001562
0.003289
0.005042
0.000767
0.000000
0.000000
0.000000
0.000374
0.001481
0.002189
0.002892
0.003275
0.000369
0.000000
0.000000
0.000000
0.000240
0.000302
0.001423
0.005861
0.008429
0.000861
0.000000
0.000000
0.000000
0.000574
0.000670
0.001562
0.003289
0.005042
0.000767
0.000000
0.000000
0.000000
0.000212
0.000729
0.002041
0.002958
0.004364
0.000534
0.000000
0.000000
0.000000
0.000240
0.000302
0.001423
0.005861
0.008429
0.000861
0.000000
0.000000
0.000000
0.000381
0.000525
0.001699
0.007181
0.011832
0.001307
0.000000
0.000000
0.000000
0.000212
0.000729
0.002041
0.002958
0.004364
0.000534
0.000000
0.000000
0.000000
0.001422
0.000864
0.001701
0.005989
0.008415
0.001214
0.000000
0.000000
0.000000
0.000381
0.000525
0.001699
0.007181
0.011832
0.001307
0.000000
0.000000
0.000000
0.000858
0.000710
0.001419
0.003056
0.006735
0.001330
0.000000
0.000000
0.000000
0.001422
0.000864
0.001701
0.005989
0.008415
0.001214
0.000000
0.000000
0.000000
0.001865
0.002346
0.002980
0.004645
0.004915
0.000313
0.000000
0.000000
0.000000
0.000858
0.000710
0.001419
0.003056
0.006735
0.001330
0.000000
0.000000
0.000000
0.000630
0.000706
0.001438
0.003732
0.006169
0.000499
0.000000
0.000000
0.000000
0.001865
0.002346
0.002980
0.004645
0.004915
0.000313
0.000000
0.000000
0.000000
0.001234
0.000777
0.002192
0.005234
0.008225
0.000519
0.000000
0.000000
0.000000
0.000630
0.000706
0.001438
0.003732
0.006169
0.000499
0.000000
0.000000
0.000000
0.000953
0.000190
0.000883
0.003811
0.005151
0.000681
0.000000
0.000000
0.000000
0.001234
0.000777
0.002192
0.005234
0.008225
0.000519
0.000000
0.000000
0.000000
0.000339
0.000171
0.000774
0.002302
0.008661
0.001445
0.000000
0.000000
0.000000
0.000953
0.000190
0.000883
0.003811
0.005151
0.000681
0.000000
0.000000
0.000000
0.000941
0.000790
0.003254
0.007296
0.005491
0.000691
0.000000
0.000000
0.000000
0.000339
0.000171
0.000774
0.002302
0.008661
0.001445
0.000000
0.000000
0.000000
0.000605
0.001235
0.002235
0.002938
0.002761
0.000211
0.000000
0.000000
0.000000
0.000941
0.000790
0.003254
0.007296
0.005491
0.000691
0.000000
0.000000
0.000000
0.001126
0.004941
0.007076
0.010110
0.004102
0.000082
0.000000
0.000000
0.000000
0.000605
0.001235
0.002235
0.002938
0.002761
0.000211
0.000000
0.000000
0.000000
0.001677
0.002088
0.003425
0.004578
0.002816
0.000561
0.000000
0.000000
0.000000
0.001126
0.004941
0.007076
0.010110
0.004102
0.000082
0.000000
0.000000
0.000000
0.001031
0.001833
0.001314
0.002390
0.004754
0.000660
0.000000
0.000000
0.000000
0.001677
0.002088
0.003425
0.004578
0.002816
0.000561
0.000000
0.000000
0.000000
0.000249
0.000658
0.001823
0.003861
0.004568
0.000874
0.000000
0.000000
0.000000
0.001031
0.001833
0.001314
0.002390
0.004754
0.000660
0.000000
0.000000
0.000000
0.001284
0.003063
0.005637
0.005063
0.003541
0.000085
0.000000
0.000000
0.000000
0.000249
0.000658
0.001823
0.003861
0.004568
0.000874
0.000000
0.000000
0.000000
0.002003
0.005820
0.005781
0.003662
0.002622
0.000496
0.000000
0.000000
0.000000
0.001284
0.003063
0.005637
0.005063
0.003541
0.000085
0.000000
0.000000
0.000000
0.001901
0.002820
0.003985
0.003200
0.002040
0.000266
0.000000
0.000000
0.000000
0.000413
0.000480
0.001598
0.001888
0.004922
0.001046
0.000000
0.000000
0.000000
0.000374
0.001481
0.002189
0.002892
0.003275
0.000369
0.000000
0.000000
0.000000
0.001760
0.000850
0.001993
0.014016
0.015634
0.002988
0.000000
0.000000
0.000000
0.000951
0.002021
0.004911
0.009838
0.013043
0.001756
0.000000
0.000000
0.000000
0.000374
0.001481
0.002189
0.002892
0.003275
0.000369
0.000000
0.000000
0.000000
0.000240
0.000302
0.001423
0.005861
0.008429
0.000861
0.000000
0.000000
0.000000
0.000951
0.002021
0.004911
0.009838
0.013043
0.001756
0.000000
0.000000
0.000000
0.000712
0.001450
0.001399
0.003613
0.006097
0.000500
0.000000
0.000000
0.000000
0.000240
0.000302
0.001423
0.005861
0.008429
0.000861
0.000000
0.000000
0.000000
0.000381
0.000525
0.001699
0.007181
0.011832
0.001307
0.000000
0.000000
0.000000
0.000712
0.001450
0.001399
0.003613
0.006097
0.000500
0.000000
0.000000
0.000000
0.000452
0.000789
0.002273
0.003697
0.007481
0.001516
0.000000
0.000000
0.000000
0.000381
0.000525
0.001699
0.007181
0.011832
0.001307
0.000000
0.000000
0.000000
0.000858
0.000710
0.001419
0.003056
0.006735
0.001330
0.000000
0.000000
0.000000
0.000452
0.000789
0.002273
0.003697
0.007481
0.001516
0.000000
0.000000
0.000000
0.000344
0.000206
0.000352
0.005931
0.007928
0.000696
0.000000
0.000000
0.000000
0.000858
0.000710
0.001419
0.003056
0.006735
0.001330
0.000000
0.000000
0.000000
0.000630
0.000706
0.001438
0.003732
0.006169
0.000499
0.000000
0.000000
0.000000
0.000344
0.000206
0.000352
0.005931
0.007928
0.000696
0.000000
0.000000
0.000000
0.000371
0.001458
0.002339
0.004284
0.007354
0.001413
0.000000
0.000000
0.000000
0.000630
0.000706
0.001438
0.003732
0.006169
0.000499
0.000000
0.000000
0.000000
0.000953
0.000190
0.000883
0.003811
0.005151
0.000681
0.000000
0.000000
0.000000
0.000371
0.001458
0.002339
0.004284
0.007354
0.001413
0.000000
0.000000
0.000000
0.000253
0.003915
0.009689
0.010976
0.011334
0.001099
0.000000
0.000000
0.000000
0.000953
0.000190
0.000883
0.003811
0.005151
0.000681
0.000000
0.000000
0.000000
0.000941
0.000790
0.003254
0.007296
0.005491
0.000691
0.000000
0.000000
0.000000
0.000253
0.003915
0.009689
0.010976
0.011334
0.001099
0.000000
0.000000
0.000000
0.000706
0.003662
0.007525
0.013496
0.014131
0.001221
0.000000
0.000000
0.000000
0.000941
0.000790
0.003254
0.007296
0.005491
0.000691
0.000000
0.000000
0.000000
0.001126
0.004941
0.007076
0.010110
0.004102
0.000082
0.000000
0.000000
0.000000
0.000706
0.003662
0.007525
0.013496
0.014131
0.001221
0.000000
0.000000
0.000000
0.001168
0.001339
0.000954
0.005267
0.015982
0.002158
0.000000
0.000000
0.000000
0.001126
0.004941
0.007076
0.010110
0.004102
0.000082
0.000000
0.000000
0.000000
0.001031
0.001833
0.001314
0.002390
0.004754
0.000660
0.000000
0.000000
0.000000
0.001168
0.001339
0.000954
0.005267
0.015982
0.002158
0.000000
0.000000
0.000000
0.001293
0.000992
0.003222
0.004707
0.009192
0.001549
0.000000
0.000000
0.000000
0.001031
0.001833
0.001314
0.002390
0.004754
0.000660
0.000000
0.000000
0.000000
0.001284
0.003063
0.005637
0.005063
0.003541
0.000085
0.000000
0.000000
0.000000
0.001293
0.000992
0.003222
0.004707
0.009192
0.001549
0.000000
0.000000
0.000000
0.005094
0.012754
0.016869
0.013698
0.005748
0.000945
0.000000
0.000000
0.000000
0.001284
0.003063
0.005637
0.005063
0.003541
0.000085
0.000000
0.000000
0.000000
0.001901
0.002820
0.003985
0.003200
0.002040
0.000266
0.000000
0.000000
0.000000
0.005094
0.012754
0.016869
0.013698
0.005748
0.000945
0.000000
0.000000
0.000000
0.004574
0.010775
0.003982
0.008155
0.008027
0.001235
0.000000
0.000000
0.000000
0.001760
0.000850
0.001993
0.014016
0.015634
0.002988
0.000000
0.000000
0.000000
0.000951
0.002021
0.004911
0.009838
0.013043
0.001756
0.000000
0.000000
0.000000
0.001108
0.001387
0.002497
0.007545
0.004864
0.000156
0.000000
0.000000
0.000000
0.000287
0.000418
0.001804
0.012912
0.008273
0.000217
0.000000
0.000000
0.000000
0.000951
0.002021
0.004911
0.009838
0.013043
0.001756
0.000000
0.000000
0.000000
0.000712
0.001450
0.001399
0.003613
0.006097
0.000500
0.000000
0.000000
0.000000
0.000287
0.000418
0.001804
0.012912
0.008273
0.000217
0.000000
0.000000
0.000000
0.001262
0.001799
0.003023
0.012219
0.011595
0.001196
0.000000
0.000000
0.000000
0.000712
0.001450
0.001399
0.003613
0.006097
0.000500
0.000000
0.000000
0.000000
0.000452
0.000789
0.002273
0.003697
0.007481
0.001516
0.000000
0.000000
0.000000
0.001262
0.001799
0.003023
0.012219
0.011595
0.001196
0.000000
0.000000
0.000000
0.001951
0.002244
0.004517
0.008449
0.004787
0.000356
0.000000
0.000000
0.000000
0.000452
0.000789
0.002273
0.003697
0.007481
0.001516
0.000000
0.000000
0.000000
0.000344
0.000206
0.000352
0.005931
0.007928
0.000696
0.000000
0.000000
0.000000
0.001951
0.002244
0.004517
0.008449
0.004787
0.000356
0.000000
0.000000
0.000000
0.000456
0.002298
0.007941
0.011786
0.007368
0.000675
0.000000
0.000000
0.000000
0.000344
0.000206
0.000352
0.005931
0.007928
0.000696
0.000000
0.000000
0.000000
0.000371
0.001458
0.002339
0.004284
0.007354
0.001413
0.000000
0.000000
0.000000
0.000456
0.002298
0.007941
0.011786
0.007368
0.000675
0.000000
0.000000
0.000000
0.001370
0.006150
0.010432
0.011584
0.006932
0.000798
0.000000
0.000000
0.000000
0.000371
0.001458
0.002339
0.004284
0.007354
0.001413
0.000000
0.000000
0.000000
0.000253
0.003915
0.009689
0.010976
0.011334
0.001099
0.000000
0.000000
0.000000
0.001370
0.006150
0.010432
0.011584
0.006932
0.000798
0.000000
0.000000
0.000000
0.000877
0.001638
0.007214
0.007797
0.003610
0.000467
0.000000
0.000000
0.000000
0.000253
0.003915
0.009689
0.010976
0.011334
0.001099
0.000000
0.000000
0.000000
0.000706
0.003662
0.007525
0.013496
0.014131
0.001221
0.000000
0.000000
0.000000
0.000877
0.001638
0.007214
0.007797
0.003610
0.000467
0.000000
0.000000
0.000000
0.001039
0.003913
0.006100
0.006064
0.001983
0.000066
0.000000
0.000000
0.000000
0.000706
0.003662
0.007525
0.013496
0.014131
0.001221
0.000000
0.000000
0.000000
0.001168
0.001339
0.000954
0.005267
0.015982
0.002158
0.000000
0.000000
0.000000
0.001039
0.003913
0.006100
0.006064
0.001983
0.000066
0.000000
0.000000
0.000000
0.000481
0.003409
0.003686
0.008128
0.007332
0.000977
0.000000
0.000000
0.000000
0.001168
0.001339
0.000954
0.005267
0.015982
0.002158
0.000000
0.000000
0.000000
0.001293
0.000992
0.003222
0.004707
0.009192
0.001549
0.000000
0.000000
0.000000
0.000481
0.003409
0.003686
0.008128
0.007332
0.000977
0.000000
0.000000
0.000000
0.005617
0.018783
0.022553
0.008029
0.004235
0.000664
0.000000
0.000000
0.000000
0.001293
0.000992
0.003222
0.004707
0.009192
0.001549
0.000000
0.000000
0.000000
0.005094
0.012754
0.016869
0.013698
0.005748
0.000945
0.000000
0.000000
0.000000
0.005617
0.018783
0.022553
0.008029
0.004235
0.000664
0.000000
0.000000
0.000000
0.007933
0.014421
0.010368
0.008360
0.003498
0.000286
0.000000
0.000000
0.000000
0.005094
0.012754
0.016869
0.013698
0.005748
0.000945
0.000000
0.000000
0.000000
0.004574
0.010775
0.003982
0.008155
0.008027
0.001235
0.000000
0.000000
0.000000
0.007933
0.014421
0.010368
0.008360
0.003498
0.000286
0.000000
0.000000
0.000000
0.006825
0.011198
0.017538
0.006624
0.002193
0.000228
0.000000
0.000000
0.000000
0.001108
0.001387
0.002497
0.007545
0.004864
0.000156
0.000000
0.000000
0.000000
0.000287
0.000418
0.001804
0.012912
0.008273
0.000217
0.000000
0.000000
0.000000
0.000206
0.001366
0.004830
0.006578
0.014376
0.005086
0.000000
0.000000
0.000000
0.001236
0.001444
0.006078
0.014923
0.013451
0.001068
0.000000
0.000000
0.000000
0.000287
0.000418
0.001804
0.012912
0.008273
0.000217
0.000000
0.000000
0.000000
0.001262
0.001799
0.003023
0.012219
0.011595
0.001196
0.000000
0.000000
0.000000
0.001236
0.001444
0.006078
0.014923
0.013451
0.001068
0.000000
0.000000
0.000000
0.000601
0.002043
0.006461
0.007075
0.006413
0.000539
0.000000
0.000000
0.000000
0.001262
0.001799
0.003023
0.012219
0.011595
0.001196
0.000000
0.000000
0.000000
0.001951
0.002244
0.004517
0.008449
0.004787
0.000356
0.000000
0.000000
0.000000
0.000601
0.002043
0.006461
0.007075
0.006413
0.000539
0.000000
0.000000
0.000000
0.000833
0.003655
0.011329
0.021079
0.011392
0.001323
0.000000
0.000000
0.000000
0.001951
0.002244
0.004517
0.008449
0.004787
0.000356
0.000000
0.000000
0.000000
0.000456
0.002298
0.007941
0.011786
0.007368
0.000675
0.000000
0.000000
0.000000
0.000833
0.003655
0.011329
0.021079
0.011392
0.001323
0.000000
0.000000
0.000000
0.001903
0.007780
0.015019
0.016861
0.008104
0.000721
0.000000
0.000000
0.000000
0.000456
0.002298
0.007941
0.011786
0.007368
0.000675
0.000000
0.000000
0.000000
0.001370
0.006150
0.010432
0.011584
0.006932
0.000798
0.000000
0.000000
0.000000
0.001903
0.007780
0.015019
0.016861
0.008104
0.000721
0.000000
0.000000
0.000000
0.000478
0.000652
0.006194
0.008800
0.013558
0.002217
0.000000
0.000000
0.000000
0.001370
0.006150
0.010432
0.011584
0.006932
0.000798
0.000000
0.000000
0.000000
0.000877
0.001638
0.007214
0.007797
0.003610
0.000467
0.000000
0.000000
0.000000
0.000478
0.000652
0.006194
0.008800
0.013558
0.002217
0.000000
0.000000
0.000000
0.001002
0.000860
0.003414
0.006803
0.008589
0.000520
0.000000
0.000000
0.000000
0.000877
0.001638
0.007214
0.007797
0.003610
0.000467
0.000000
0.000000
0.000000
0.001039
0.003913
0.006100
0.006064
0.001983
0.000066
0.000000
0.000000
0.000000
0.001002
0.000860
0.003414
0.006803
0.008589
0.000520
0.000000
0.000000
0.000000
0.000774
0.001639
0.006727
0.007762
0.007279
0.000898
0.000000
0.000000
0.000000
0.001039
0.003913
0.006100
0.006064
0.001983
0.000066
0.000000
0.000000
0.000000
0.000481
0.003409
0.003686
0.008128
0.007332
0.000977
0.000000
0.000000
0.000000
0.000774
0.001639
0.006727
0.007762
0.007279
0.000898
0.000000
0.000000
0.000000
0.004687
0.012593
0.017718
0.008310
0.002911
0.000125
0.000000
0.000000
0.000000
0.000481
0.003409
0.003686
0.008128
0.007332
0.000977
0.000000
0.000000
0.000000
0.005617
0.018783
0.022553
0.008029
0.004235
0.000664
0.000000
0.000000
0.000000
0.004687
0.012593
0.017718
0.008310
0.002911
0.000125
0.000000
0.000000
0.000000
0.018256
0.030405
0.020011
0.002455
0.003587
0.000440
0.000000
0.000000
0.000000
0.005617
0.018783
0.022553
0.008029
0.004235
0.000664
0.000000
0.000000
0.000000
0.007933
0.014421
0.010368
0.008360
0.003498
0.000286
0.000000
0.000000
0.000000
0.018256
0.030405
0.020011
0.002455
0.003587
0.000440
0.000000
0.000000
0.000000
0.000870
0.002391
0.005013
0.007431
0.012283
0.000927
0.000000
0.000000
0.000000
0.007933
0.014421
0.010368
0.008360
0.003498
0.000286
0.000000
0.000000
0.000000
0.006825
0.011198
0.017538
0.006624
0.002193
0.000228
0.000000
0.000000
0.000000
0.000870
0.002391
0.005013
0.007431
0.012283
0.000927
0.000000
0.000000
0.000000
0.003906
0.006286
0.005388
0.005482
0.003860
0.000440
0.000000
0.000000
0.000000
0.000206
0.001366
0.004830
0.006578
0.014376
0.005086
0.000000
0.000000
0.000000
0.001236
0.001444
0.006078
0.014923
0.013451
0.001068
0.000000
0.000000
0.000000
0.000418
0.000407
0.000451
0.002014
0.007488
0.002110
0.000000
0.000000
0.000000
0.000852
0.001287
0.002912
0.004438
0.010304
0.002485
0.000000
0.000000
0.000000
0.001236
0.001444
0.006078
0.014923
0.013451
0.001068
0.000000
0.000000
0.000000
0.000601
0.002043
0.006461
0.007075
0.006413
0.000539
0.000000
0.000000
0.000000
0.000852
0.001287
0.002912
0.004438
0.010304
0.002485
0.000000
0.000000
0.000000
0.001217
0.004600
0.010488
0.011722
0.012019
0.002330
0.000000
0.000000
0.000000
0.000601
0.002043
0.006461
0.007075
0.006413
0.000539
0.000000
0.000000
0.000000
0.000833
0.003655
0.011329
0.021079
0.011392
0.001323
0.000000
0.000000
0.000000
0.001217
0.004600
0.010488
0.011722
0.012019
0.002330
0.000000
0.000000
0.000000
0.001499
0.002467
0.016666
0.024363
0.005974
0.000664
0.000000
0.000000
0.000000
0.000833
0.003655
0.011329
0.021079
0.011392
0.001323
0.000000
0.000000
0.000000
0.001903
0.007780
0.015019
0.016861
0.008104
0.000721
0.000000
0.000000
0.000000
0.001499
0.002467
0.016666
0.024363
0.005974
0.000664
0.000000
0.000000
0.000000
0.000668
0.001311
0.004005
0.007099
0.008783
0.000930
0.000000
0.000000
0.000000
0.001903
0.007780
0.015019
0.016861
0.008104
0.000721
0.000000
0.000000
0.000000
0.000478
0.000652
0.006194
0.008800
0.013558
0.002217
0.000000
0.000000
0.000000
0.000668
0.001311
0.004005
0.007099
0.008783
0.000930
0.000000
0.000000
0.000000
0.000802
0.001913
0.001963
0.003579
0.008398
0.001732
0.000000
0.000000
0.000000
0.000478
0.000652
0.006194
0.008800
0.013558
0.002217
0.000000
0.000000
0.000000
0.001002
0.000860
0.003414
0.006803
0.008589
0.000520
0.000000
0.000000
0.000000
0.000802
0.001913
0.001963
0.003579
0.008398
0.001732
0.000000
0.000000
0.000000
0.000839
0.001035
0.001942
0.003020
0.007540
0.001390
0.000000
0.000000
0.000000
0.001002
0.000860
0.003414
0.006803
0.008589
0.000520
0.000000
0.000000
0.000000
0.000774
0.001639
0.006727
0.007762
0.007279
0.000898
0.000000
0.000000
0.000000
0.000839
0.001035
0.001942
0.003020
0.007540
0.001390
0.000000
0.000000
0.000000
0.000911
0.003636
0.006155
0.004519
0.006260
0.000770
0.000000
0.000000
0.000000
0.000774
0.001639
0.006727
0.007762
0.007279
0.000898
0.000000
0.000000
0.000000
0.004687
0.012593
0.017718
0.008310
0.002911
0.000125
0.000000
0.000000
0.000000
0.000911
0.003636
0.006155
0.004519
0.006260
0.000770
0.000000
0.000000
0.000000
0.013013
0.053155
0.035687
0.003168
0.002186
0.000000
0.000000
0.000000
0.000000
0.004687
0.012593
0.017718
0.008310
0.002911
0.000125
0.000000
0.000000
0.000000
0.018256
0.030405
0.020011
0.002455
0.003587
0.000440
0.000000
0.000000
0.000000
0.013013
0.053155
0.035687
0.003168
0.002186
0.000000
0.000000
0.000000
0.000000
0.001883
0.004510
0.009443
0.011722
0.009662
0.001007
0.000000
0.000000
0.000000
0.018256
0.030405
0.020011
0.002455
0.003587
0.000440
0.000000
0.000000
0.000000
0.000870
0.002391
0.005013
0.007431
0.012283
0.000927
0.000000
0.000000
0.000000
0.001883
0.004510
0.009443
0.011722
0.009662
0.001007
0.000000
0.000000
0.000000
0.002032
0.002740
0.002211
0.004525
0.011287
0.001635
0.000000
0.000000
0.000000
0.000870
0.002391
0.005013
0.007431
0.012283
0.000927
0.000000
0.000000
0.000000
0.003906
0.006286
0.005388
0.005482
0.003860
0.000440
0.000000
0.000000
0.000000
0.002032
0.002740
0.002211
0.004525
0.011287
0.001635
0.000000
0.000000
0.000000
0.004040
0.004436
0.011679
0.006333
0.001746
0.000138
0.000000
0.000000
0.000000
0.000418
0.000407
0.000451
0.002014
0.007488
0.002110
0.000000
0.000000
0.000000
0.000852
0.001287
0.002912
0.004438
0.010304
0.002485
0.000000
0.000000
0.000000
0.001374
0.002068
0.003386
0.008241
0.004962
0.000300
0.000000
0.000000
0.000000
0.001379
0.003800
0.015612
0.021917
0.010069
0.000983
0.000000
0.000000
0.000000
0.000852
0.001287
0.002912
0.004438
0.010304
0.002485
0.000000
0.000000
0.000000
0.001217
0.004600
0.010488
0.011722
0.012019
0.002330
0.000000
0.000000
0.000000
0.001379
0.003800
0.015612
0.021917
0.010069
0.000983
0.000000
0.000000
0.000000
0.000491
0.001510
0.006585
0.011019
0.010387
0.000895
0.000000
0.000000
0.000000
0.001217
0.004600
0.010488
0.011722
0.012019
0.002330
0.000000
0.000000
0.000000
0.001499
0.002467
0.016666
0.024363
0.005974
0.000664
0.000000
0.000000
0.000000
0.000491
0.001510
0.006585
0.011019
0.010387
0.000895
0.000000
0.000000
0.000000
0.001596
0.001316
0.001617
0.004218
0.004721
0.000147
0.000000
0.000000
0.000000
0.001499
0.002467
0.016666
0.024363
0.005974
0.000664
0.000000
0.000000
0.000000
0.000668
0.001311
0.004005
0.007099
0.008783
0.000930
0.000000
0.000000
0.000000
0.001596
0.001316
0.001617
0.004218
0.004721
0.000147
0.000000
0.000000
0.000000
0.000774
0.001019
0.001621
0.001737
0.004327
0.000610
0.000000
0.000000
0.000000
0.000668
0.001311
0.004005
0.007099
0.008783
0.000930
0.000000
0.000000
0.000000
0.000802
0.001913
0.001963
0.003579
0.008398
0.001732
0.000000
0.000000
0.000000
0.000774
0.001019
0.001621
0.001737
0.004327
0.000610
0.000000
0.000000
0.000000
0.001987
0.000600
0.000757
0.001416
0.002734
0.000597
0.000000
0.000000
0.000000
0.000802
0.001913
0.001963
0.003579
0.008398
0.001732
0.000000
0.000000
0.000000
0.000839
0.001035
0.001942
0.003020
0.007540
0.001390
0.000000
0.000000
0.000000
0.001987
0.000600
0.000757
0.001416
0.002734
0.000597
0.000000
0.000000
0.000000
0.000720
0.001622
0.001603
0.002388
0.005314
0.000749
0.000000
0.000000
0.000000
0.000839
0.001035
0.001942
0.003020
0.007540
0.001390
0.000000
0.000000
0.000000
0.000911
0.003636
0.006155
0.004519
0.006260
0.000770
0.000000
0.000000
0.000000
0.000720
0.001622
0.001603
0.002388
0.005314
0.000749
0.000000
0.000000
0.000000
0.005852
0.050106
0.040594
0.007621
0.002980
0.000082
0.000000
0.000000
0.000000
0.000911
0.003636
0.006155
0.004519
0.006260
0.000770
0.000000
0.000000
0.000000
0.013013
0.053155
0.035687
0.003168
0.002186
0.000000
0.000000
0.000000
0.000000
0.005852
0.050106
0.040594
0.007621
0.002980
0.000082
0.000000
0.000000
0.000000
0.008406
0.029439
0.017081
0.007535
0.003898
0.000445
0.000000
0.000000
0.000000
0.013013
0.053155
0.035687
0.003168
0.002186
0.000000
0.000000
0.000000
0.000000
0.001883
0.004510
0.009443
0.011722
0.009662
0.001007
0.000000
0.000000
0.000000
0.008406
0.029439
0.017081
0.007535
0.003898
0.000445
0.000000
0.000000
0.000000
0.000314
0.000815
0.006179
0.008265
0.012719
0.001896
0.000000
0.000000
0.000000
0.001883
0.004510
0.009443
0.011722
0.009662
0.001007
0.000000
0.000000
0.000000
0.002032
0.002740
0.002211
0.004525
0.011287
0.001635
0.000000
0.000000
0.000000
0.000314
0.000815
0.006179
0.008265
0.012719
0.001896
0.000000
0.000000
0.000000
0.002077
0.002967
0.005829
0.003629
0.003840
0.000434
0.000000
0.000000
0.000000
0.002032
0.002740
0.002211
0.004525
0.011287
0.001635
0.000000
0.000000
0.000000
0.004040
0.004436
0.011679
0.006333
0.001746
0.000138
0.000000
0.000000
0.000000
0.002077
0.002967
0.005829
0.003629
0.003840
0.000434
0.000000
0.000000
0.000000
0.003151
0.007601
0.005369
0.002547
0.001881
0.000353
0.000000
0.000000
0.000000
0.001374
0.002068
0.003386
0.008241
0.004962
0.000300
0.000000
0.000000
0.000000
0.001379
0.003800
0.015612
0.021917
0.010069
0.000983
0.000000
0.000000
0.000000
0.000608
0.001396
0.012952
0.023859
0.009859
0.001896
0.000000
0.000000
0.000000
0.001544
0.003295
0.005745
0.004918
0.004271
0.000325
0.000000
0.000000
0.000000
0.001379
0.003800
0.015612
0.021917
0.010069
0.000983
0.000000
0.000000
0.000000
0.000491
0.001510
0.006585
0.011019
0.010387
0.000895
0.000000
0.000000
0.000000
0.001544
0.003295
0.005745
0.004918
0.004271
0.000325
0.000000
0.000000
0.000000
0.001114
0.002283
0.005652
0.007758
0.003350
0.000332
0.000000
0.000000
0.000000
0.000491
0.001510
0.006585
0.011019
0.010387
0.000895
0.000000
0.000000
0.000000
0.001596
0.001316
0.001617
0.004218
0.004721
0.000147
0.000000
0.000000
0.000000
0.001114
0.002283
0.005652
0.007758
0.003350
0.000332
0.000000
0.000000
0.000000
0.000843
0.002544
0.003951
0.004344
0.001780
0.000075
0.000000
0.000000
0.000000
0.001596
0.001316
0.001617
0.004218
0.004721
0.000147
0.000000
0.000000
0.000000
0.000774
0.001019
0.001621
0.001737
0.004327
0.000610
0.000000
0.000000
0.000000
0.000843
0.002544
0.003951
0.004344
0.001780
0.000075
0.000000
0.000000
0.000000
0.001641
0.002750
0.003818
0.003594
0.003097
0.000089
0.000000
0.000000
0.000000
0.000774
0.001019
0.001621
0.001737
0.004327
0.000610
0.000000
0.000000
0.000000
0.001987
0.000600
0.000757
0.001416
0.002734
0.000597
0.000000
0.000000
0.000000
0.001641
0.002750
0.003818
0.003594
0.003097
0.000089
0.000000
0.000000
0.000000
0.000818
0.002647
0.003457
0.004235
0.005570
0.000986
0.000000
0.000000
0.000000
0.001987
0.000600
0.000757
0.001416
0.002734
0.000597
0.000000
0.000000
0.000000
0.000720
0.001622
0.001603
0.002388
0.005314
0.000749
0.000000
0.000000
0.000000
0.000818
0.002647
0.003457
0.004235
0.005570
0.000986
0.000000
0.000000
0.000000
0.002727
0.022478
0.029112
0.006212
0.006267
0.000864
0.000000
0.000000
0.000000
0.000720
0.001622
0.001603
0.002388
0.005314
0.000749
0.000000
0.000000
0.000000
0.005852
0.050106
0.040594
0.007621
0.002980
0.000082
0.000000
0.000000
0.000000
0.002727
0.022478
0.029112
0.006212
0.006267
0.000864
0.000000
0.000000
0.000000
0.006933
0.067206
0.047449
0.006660
0.001249
0.000093
0.000000
0.000000
0.000000
0.005852
0.050106
0.040594
0.007621
0.002980
0.000082
0.000000
0.000000
0.000000
0.008406
0.029439
0.017081
0.007535
0.003898
0.000445
0.000000
0.000000
0.000000
0.006933
0.067206
0.047449
0.006660
0.001249
0.000093
0.000000
0.000000
0.000000
0.003068
0.003792
0.007625
0.006503
0.011240
0.001874
0.000000
0.000000
0.000000
0.008406
0.029439
0.017081
0.007535
0.003898
0.000445
0.000000
0.000000
0.000000
0.000314
0.000815
0.006179
0.008265
0.012719
0.001896
0.000000
0.000000
0.000000
0.003068
0.003792
0.007625
0.006503
0.011240
0.001874
0.000000
0.000000
0.000000
0.001380
0.002967
0.006292
0.009594
0.009323
0.000864
0.000000
0.000000
0.000000
0.000314
0.000815
0.006179
0.008265
0.012719
0.001896
0.000000
0.000000
0.000000
0.002077
0.002967
0.005829
0.003629
0.003840
0.000434
0.000000
0.000000
0.000000
0.001380
0.002967
0.006292
0.009594
0.009323
0.000864
0.000000
0.000000
0.000000
0.002279
0.004084
0.002883
0.001593
0.001868
0.000260
0.000000
0.000000
0.000000
0.002077
0.002967
0.005829
0.003629
0.003840
0.000434
0.000000
0.000000
0.000000
0.003151
0.007601
0.005369
0.002547
0.001881
0.000353
0.000000
0.000000
0.000000
0.002279
0.004084
0.002883
0.001593
0.001868
0.000260
0.000000
0.000000
0.000000
0.002659
0.003736
0.003174
0.002615
0.001010
0.000085
0.000000
0.000000
0.000000
0.000608
0.001396
0.012952
0.023859
0.009859
0.001896
0.000000
0.000000
0.000000
0.001544
0.003295
0.005745
0.004918
0.004271
0.000325
0.000000
0.000000
0.000000
0.000508
0.002131
0.006911
0.007085
0.004839
0.000310
0.000000
0.000000
0.000000
0.001610
0.003379
0.007127
0.007995
0.006475
0.000773
0.000000
0.000000
0.000000
0.001544
0.003295
0.005745
0.004918
0.004271
0.000325
0.000000
0.000000
0.000000
0.001114
0.002283
0.005652
0.007758
0.003350
0.000332
0.000000
0.000000
0.000000
0.001610
0.003379
0.007127
0.007995
0.006475
0.000773
0.000000
0.000000
0.000000
0.001115
0.004442
0.004192
0.004346
0.002720
0.000068
0.000000
0.000000
0.000000
0.001114
0.002283
0.005652
0.007758
0.003350
0.000332
0.000000
0.000000
0.000000
0.000843
0.002544
0.003951
0.004344
0.001780
0.000075
0.000000
0.000000
0.000000
0.001115
0.004442
0.004192
0.004346
0.002720
0.000068
0.000000
0.000000
0.000000
0.001181
0.001612
0.004701
0.007012
0.004518
0.000115
0.000000
0.000000
0.000000
0.000843
0.002544
0.003951
0.004344
0.001780
0.000075
0.000000
0.000000
0.000000
0.001641
0.002750
0.003818
0.003594
0.003097
0.000089
0.000000
0.000000
0.000000
0.001181
0.001612
0.004701
0.007012
0.004518
0.000115
0.000000
0.000000
0.000000
0.001042
0.003036
0.002089
0.004865
0.004033
0.000210
0.000000
0.000000
0.000000
0.001641
0.002750
0.003818
0.003594
0.003097
0.000089
0.000000
0.000000
0.000000
0.000818
0.002647
0.003457
0.004235
0.005570
0.000986
0.000000
0.000000
0.000000
0.001042
0.003036
0.002089
0.004865
0.004033
0.000210
0.000000
0.000000
0.000000
0.004208
0.007414
0.007887
0.005905
0.005761
0.001113
0.000000
0.000000
0.000000
0.000818
0.002647
0.003457
0.004235
0.005570
0.000986
0.000000
0.000000
0.000000
0.002727
0.022478
0.029112
0.006212
0.006267
0.000864
0.000000
0.000000
0.000000
0.004208
0.007414
0.007887
0.005905
0.005761
0.001113
0.000000
0.000000
0.000000
0.003575
0.060048
0.063629
0.008451
0.002706
0.000102
0.000000
0.000000
0.000000
0.002727
0.022478
0.029112
0.006212
0.006267
0.000864
0.000000
0.000000
0.000000
0.006933
0.067206
0.047449
0.006660
0.001249
0.000093
0.000000
0.000000
0.000000
0.003575
0.060048
0.063629
0.008451
0.002706
0.000102
0.000000
0.000000
0.000000
0.006589
0.018260
0.013235
0.004361
0.002558
0.000044
0.000000
0.000000
0.000000
0.006933
0.067206
0.047449
0.006660
0.001249
0.000093
0.000000
0.000000
0.000000
0.003068
0.003792
0.007625
0.006503
0.011240
0.001874
0.000000
0.000000
0.000000
0.006589
0.018260
0.013235
0.004361
0.002558
0.000044
0.000000
0.000000
0.000000
0.003173
0.007526
0.004838
0.009835
0.008365
0.000885
0.000000
0.000000
0.000000
0.003068
0.003792
0.007625
0.006503
0.011240
0.001874
0.000000
0.000000
0.000000
0.001380
0.002967
0.006292
0.009594
0.009323
0.000864
0.000000
0.000000
0.000000
0.003173
0.007526
0.004838
0.009835
0.008365
0.000885
0.000000
0.000000
0.000000
0.001806
0.004165
0.003942
0.007005
0.004380
0.000356
0.000000
0.000000
0.000000
0.001380
0.002967
0.006292
0.009594
0.009323
0.000864
0.000000
0.000000
0.000000
0.002279
0.004084
0.002883
0.001593
0.001868
0.000260
0.000000
0.000000
0.000000
0.001806
0.004165
0.003942
0.007005
0.004380
0.000356
0.000000
0.000000
0.000000
0.000451
0.003400
0.006038
0.007929
0.003186
0.000236
0.000000
0.000000
0.000000
0.002279
0.004084
0.002883
0.001593
0.001868
0.000260
0.000000
0.000000
0.000000
0.002659
0.003736
0.003174
0.002615
0.001010
0.000085
0.000000
0.000000
0.000000
0.000451
0.003400
0.006038
0.007929
0.003186
0.000236
0.000000
0.000000
0.000000
0.000977
0.004389
0.005490
0.002946
0.001520
0.000030
0.000000
0.000000
0.000000
