0.000482
0.000930
0.001445
0.002376
0.000796
0.000019
0.000000
0.000000
0.000000
0.000507
0.000063
0.000690
0.002434
0.005349
0.000853
0.000000
0.000000
0.000000
0.002617
0.005080
0.004516
0.007184
0.004322
0.000390
0.000000
0.000000
0.000000
0.000432
0.000345
0.001434
0.002450
0.001734
0.000210
0.000000
0.000000
0.000000
0.000507
0.000063
0.000690
0.002434
0.005349
0.000853
0.000000
0.000000
0.000000
0.000948
0.000468
0.002154
0.005266
0.004088
0.000648
0.000000
0.000000
0.000000
0.000432
0.000345
0.001434
0.002450
0.001734
0.000210
0.000000
0.000000
0.000000
0.001489
0.002092
0.002369
0.001797
0.004189
0.000481
0.000000
0.000000
0.000000
0.000948
0.000468
0.002154
0.005266
0.004088
0.000648
0.000000
0.000000
0.000000
0.000219
0.002510
0.004428
0.003056
0.000724
0.000028
0.000000
0.000000
0.000000
0.001489
0.002092
0.002369
0.001797
0.004189
0.000481
0.000000
0.000000
0.000000
0.001591
0.001763
0.000459
0.000431
0.000393
0.000000
0.000000
0.000000
0.000000
0.000219
0.002510
0.004428
0.003056
0.000724
0.000028
0.000000
0.000000
0.000000
0.000269
0.000353
0.000899
0.000715
0.001418
0.000108
0.000000
0.000000
0.000000
0.001591
0.001763
0.000459
0.000431
0.000393
0.000000
0.000000
0.000000
0.000000
0.000876
0.001482
0.001773
0.001158
0.001673
0.000091
0.000000
0.000000
0.000000
0.000269
0.000353
0.000899
0.000715
0.001418
0.000108
0.000000
0.000000
0.000000
0.000942
0.000699
0.003018
0.002845
0.001386
0.000065
0.000000
0.000000
0.000000
0.000876
0.001482
0.001773
0.001158
0.001673
0.000091
0.000000
0.000000
0.000000
0.001143
0.002747
0.003599
0.003832
0.001683
0.000033
0.000000
0.000000
0.000000
0.000942
0.000699
0.003018
0.002845
0.001386
0.000065
0.000000
0.000000
0.000000
0.000021
0.000317
0.001698
0.005014
0.006322
0.000370
0.000000
0.000000
0.000000
0.001143
0.002747
0.003599
0.003832
0.001683
0.000033
0.000000
0.000000
0.000000
0.001651
0.001300
0.001171
0.002135
0.001457
0.000066
0.000000
0.000000
0.000000
0.000021
0.000317
0.001698
0.005014
0.006322
0.000370
0.000000
0.000000
0.000000
0.001377
0.001495
0.001258
0.003305
0.003342
0.000231
0.000000
0.000000
0.000000
0.001651
0.001300
0.001171
0.002135
0.001457
0.000066
0.000000
0.000000
0.000000
0.002362
0.005691
0.005018
0.003143
0.001695
0.000172
0.000000
0.000000
0.000000
0.001377
0.001495
0.001258
0.003305
0.003342
0.000231
0.000000
0.000000
0.000000
0.000894
0.000922
0.001687
0.002276
0.002472
0.000277
0.000000
0.000000
0.000000
0.002362
0.005691
0.005018
0.003143
0.001695
0.000172
0.000000
0.000000
0.000000
0.002697
0.004777
0.003662
0.002647
0.002191
0.000183
0.000000
0.000000
0.000000
0.000894
0.000922
0.001687
0.002276
0.002472
0.000277
0.000000
0.000000
0.000000
0.001427
0.003769
0.003438
0.007603
0.003945
0.000249
0.000000
0.000000
0.000000
0.002697
0.004777
0.003662
0.002647
0.002191
0.000183
0.000000
0.000000
0.000000
0.001714
0.001836
0.002221
0.005038
0.003524
0.000349
0.000000
0.000000
0.000000
0.001427
0.003769
0.003438
0.007603
0.003945
0.000249
0.000000
0.000000
0.000000
0.000991
0.000651
0.001110
0.003207
0.002542
0.000368
0.000000
0.000000
0.000000
0.001714
0.001836
0.002221
0.005038
0.003524
0.000349
0.000000
0.000000
0.000000
0.000758
0.002547
0.001486
0.002292
0.005073
0.000731
0.000000
0.000000
0.000000
0.000991
0.000651
0.001110
0.003207
0.002542
0.000368
0.000000
0.000000
0.000000
0.000382
0.000557
0.001621
0.002252
0.001549
0.000029
0.000000
0.000000
0.000000
0.000758
0.002547
0.001486
0.002292
0.005073
0.000731
0.000000
0.000000
0.000000
0.000534
0.000833
0.000964
0.003434
0.005068
0.000323
0.000000
0.000000
0.000000
0.002617
0.005080
0.004516
0.007184
0.004322
0.000390
0.000000
0.000000
0.000000
0.000432
0.000345
0.001434
0.002450
0.001734
0.000210
0.000000
0.000000
0.000000
0.004032
0.008037
0.007827
0.012510
0.034602
0.006428
0.000000
0.000000
0.000000
0.001941
0.004861
0.007949
0.007213
0.029575
0.009415
0.000000
0.000000
0.000000
0.000432
0.000345
0.001434
0.002450
0.001734
0.000210
0.000000
0.000000
0.000000
0.001489
0.002092
0.002369
0.001797
0.004189
0.000481
0.000000
0.000000
0.000000
0.001941
0.004861
0.007949
0.007213
0.029575
0.009415
0.000000
0.000000
0.000000
0.009781
0.021656
0.019022
0.026244
0.023881
0.005424
0.000000
0.000000
0.000000
0.001489
0.002092
0.002369
0.001797
0.004189
0.000481
0.000000
0.000000
0.000000
0.001591
0.001763
0.000459
0.000431
0.000393
0.000000
0.000000
0.000000
0.000000
0.009781
0.021656
0.019022
0.026244
0.023881
0.005424
0.000000
0.000000
0.000000
0.004330
0.012280
0.019797
0.017359
0.026666
0.004332
0.000000
0.000000
0.000000
0.001591
0.001763
0.000459
0.000431
0.000393
0.000000
0.000000
0.000000
0.000000
0.000876
0.001482
0.001773
0.001158
0.001673
0.000091
0.000000
0.000000
0.000000
0.004330
0.012280
0.019797
0.017359
0.026666
0.004332
0.000000
0.000000
0.000000
0.006165
0.017476
0.016198
0.008632
0.024739
0.006852
0.000000
0.000000
0.000000
0.000876
0.001482
0.001773
0.001158
0.001673
0.000091
0.000000
0.000000
0.000000
0.001143
0.002747
0.003599
0.003832
0.001683
0.000033
0.000000
0.000000
0.000000
0.006165
0.017476
0.016198
0.008632
0.024739
0.006852
0.000000
0.000000
0.000000
0.003434
0.007365
0.007452
0.010260
0.013134
0.003537
0.000000
0.000000
0.000000
0.001143
0.002747
0.003599
0.003832
0.001683
0.000033
0.000000
0.000000
0.000000
0.001651
0.001300
0.001171
0.002135
0.001457
0.000066
0.000000
0.000000
0.000000
0.003434
0.007365
0.007452
0.010260
0.013134
0.003537
0.000000
0.000000
0.000000
0.004701
0.021580
0.022702
0.014701
0.013768
0.000836
0.000000
0.000000
0.000000
0.001651
0.001300
0.001171
0.002135
0.001457
0.000066
0.000000
0.000000
0.000000
0.002362
0.005691
0.005018
0.003143
0.001695
0.000172
0.000000
0.000000
0.000000
0.004701
0.021580
0.022702
0.014701
0.013768
0.000836
0.000000
0.000000
0.000000
0.002670
0.007588
0.010967
0.008363
0.031301
0.015368
0.000000
0.000000
0.000000
0.002362
0.005691
0.005018
0.003143
0.001695
0.000172
0.000000
0.000000
0.000000
0.002697
0.004777
0.003662
0.002647
0.002191
0.000183
0.000000
0.000000
0.000000
0.002670
0.007588
0.010967
0.008363
0.031301
0.015368
0.000000
0.000000
0.000000
0.012965
0.012996
0.006584
0.006716
0.009148
0.001027
0.000000
0.000000
0.000000
0.002697
0.004777
0.003662
0.002647
0.002191
0.000183
0.000000
0.000000
0.000000
0.001714
0.001836
0.002221
0.005038
0.003524
0.000349
0.000000
0.000000
0.000000
0.012965
0.012996
0.006584
0.006716
0.009148
0.001027
0.000000
0.000000
0.000000
0.010264
0.010117
0.008332
0.005421
0.006428
0.000324
0.000000
0.000000
0.000000
0.001714
0.001836
0.002221
0.005038
0.003524
0.000349
0.000000
0.000000
0.000000
0.000758
0.002547
0.001486
0.002292
0.005073
0.000731
0.000000
0.000000
0.000000
0.010264
0.010117
0.008332
0.005421
0.006428
0.000324
0.000000
0.000000
0.000000
0.004066
0.009574
0.006833
0.007730
0.014155
0.004213
0.000000
0.000000
0.000000
0.000758
0.002547
0.001486
0.002292
0.005073
0.000731
0.000000
0.000000
0.000000
0.000534
0.000833
0.000964
0.003434
0.005068
0.000323
0.000000
0.000000
0.000000
0.004066
0.009574
0.006833
0.007730
0.014155
0.004213
0.000000
0.000000
0.000000
0.002036
0.004270
0.004262
0.007996
0.016669
0.001230
0.000000
0.000000
0.000000
0.004032
0.008037
0.007827
0.012510
0.034602
0.006428
0.000000
0.000000
0.000000
0.001941
0.004861
0.007949
0.007213
0.029575
0.009415
0.000000
0.000000
0.000000
0.010463
0.016170
0.007067
0.007650
0.035440
0.006328
0.000000
0.000000
0.000000
0.008347
0.010857
0.010970
0.014978
0.053563
0.005326
0.000000
0.000000
0.000000
0.001941
0.004861
0.007949
0.007213
0.029575
0.009415
0.000000
0.000000
0.000000
0.009781
0.021656
0.019022
0.026244
0.023881
0.005424
0.000000
0.000000
0.000000
0.008347
0.010857
0.010970
0.014978
0.053563
0.005326
0.000000
0.000000
0.000000
0.006865
0.019159
0.020666
0.015943
0.043905
0.004235
0.000000
0.000000
0.000000
0.009781
0.021656
0.019022
0.026244
0.023881
0.005424
0.000000
0.000000
0.000000
0.004330
0.012280
0.019797
0.017359
0.026666
0.004332
0.000000
0.000000
0.000000
0.006865
0.019159
0.020666
0.015943
0.043905
0.004235
0.000000
0.000000
0.000000
0.006499
0.020232
0.028628
0.024588
0.027967
0.006151
0.000000
0.000000
0.000000
0.004330
0.012280
0.019797
0.017359
0.026666
0.004332
0.000000
0.000000
0.000000
0.006165
0.017476
0.016198
0.008632
0.024739
0.006852
0.000000
0.000000
0.000000
0.006499
0.020232
0.028628
0.024588
0.027967
0.006151
0.000000
0.000000
0.000000
0.001785
0.005182
0.009057
0.020606
0.039164
0.008777
0.000000
0.000000
0.000000
0.006165
0.017476
0.016198
0.008632
0.024739
0.006852
0.000000
0.000000
0.000000
0.003434
0.007365
0.007452
0.010260
0.013134
0.003537
0.000000
0.000000
0.000000
0.001785
0.005182
0.009057
0.020606
0.039164
0.008777
0.000000
0.000000
0.000000
0.004590
0.012277
0.011570
0.016347
0.026739
0.003389
0.000000
0.000000
0.000000
0.003434
0.007365
0.007452
0.010260
0.013134
0.003537
0.000000
0.000000
0.000000
0.004701
0.021580
0.022702
0.014701
0.013768
0.000836
0.000000
0.000000
0.000000
0.004590
0.012277
0.011570
0.016347
0.026739
0.003389
0.000000
0.000000
0.000000
0.018103
0.030753
0.022455
0.019625
0.022896
0.002242
0.000000
0.000000
0.000000
0.004701
0.021580
0.022702
0.014701
0.013768
0.000836
0.000000
0.000000
0.000000
0.002670
0.007588
0.010967
0.008363
0.031301
0.015368
0.000000
0.000000
0.000000
0.018103
0.030753
0.022455
0.019625
0.022896
0.002242
0.000000
0.000000
0.000000
0.004697
0.010068
0.006116
0.019528
0.030243
0.009431
0.000000
0.000000
0.000000
0.002670
0.007588
0.010967
0.008363
0.031301
0.015368
0.000000
0.000000
0.000000
0.012965
0.012996
0.006584
0.006716
0.009148
0.001027
0.000000
0.000000
0.000000
0.004697
0.010068
0.006116
0.019528
0.030243
0.009431
0.000000
0.000000
0.000000
0.001436
0.014329
0.083243
0.035200
0.023699
0.006577
0.000000
0.000000
0.000000
0.012965
0.012996
0.006584
0.006716
0.009148
0.001027
0.000000
0.000000
0.000000
0.010264
0.010117
0.008332
0.005421
0.006428
0.000324
0.000000
0.000000
0.000000
0.001436
0.014329
0.083243
0.035200
0.023699
0.006577
0.000000
0.000000
0.000000
0.007395
0.014627
0.024674
0.017500
0.046816
0.013506
0.000000
0.000000
0.000000
0.010264
0.010117
0.008332
0.005421
0.006428
0.000324
0.000000
0.000000
0.000000
0.004066
0.009574
0.006833
0.007730
0.014155
0.004213
0.000000
0.000000
0.000000
0.007395
0.014627
0.024674
0.017500
0.046816
0.013506
0.000000
0.000000
0.000000
0.004605
0.020043
0.035073
0.029267
0.025780
0.004171
0.000000
0.000000
0.000000
0.004066
0.009574
0.006833
0.007730
0.014155
0.004213
0.000000
0.000000
0.000000
0.002036
0.004270
0.004262
0.007996
0.016669
0.001230
0.000000
0.000000
0.000000
0.004605
0.020043
0.035073
0.029267
0.025780
0.004171
0.000000
0.000000
0.000000
0.014350
0.021290
0.028176
0.031932
0.018680
0.001667
0.000000
0.000000
0.000000
0.010463
0.016170
0.007067
0.007650
0.035440
0.006328
0.000000
0.000000
0.000000
0.008347
0.010857
0.010970
0.014978
0.053563
0.005326
0.000000
0.000000
0.000000
0.006302
0.007159
0.003073
0.010194
0.031890
0.004003
0.000000
0.000000
0.000000
0.010434
0.011006
0.002700
0.011895
0.031397
0.008377
0.000000
0.000000
0.000000
0.008347
0.010857
0.010970
0.014978
0.053563
0.005326
0.000000
0.000000
0.000000
0.006865
0.019159
0.020666
0.015943
0.043905
0.004235
0.000000
0.000000
0.000000
0.010434
0.011006
0.002700
0.011895
0.031397
0.008377
0.000000
0.000000
0.000000
0.010353
0.015493
0.009313
0.014073
0.028312
0.003608
0.000000
0.000000
0.000000
0.006865
0.019159
0.020666
0.015943
0.043905
0.004235
0.000000
0.000000
0.000000
0.006499
0.020232
0.028628
0.024588
0.027967
0.006151
0.000000
0.000000
0.000000
0.010353
0.015493
0.009313
0.014073
0.028312
0.003608
0.000000
0.000000
0.000000
0.004000
0.008794
0.017230
0.033728
0.016988
0.001224
0.000000
0.000000
0.000000
0.006499
0.020232
0.028628
0.024588
0.027967
0.006151
0.000000
0.000000
0.000000
0.001785
0.005182
0.009057
0.020606
0.039164
0.008777
0.000000
0.000000
0.000000
0.004000
0.008794
0.017230
0.033728
0.016988
0.001224
0.000000
0.000000
0.000000
0.001737
0.006631
0.014812
0.021689
0.035327
0.004674
0.000000
0.000000
0.000000
0.001785
0.005182
0.009057
0.020606
0.039164
0.008777
0.000000
0.000000
0.000000
0.004590
0.012277
0.011570
0.016347
0.026739
0.003389
0.000000
0.000000
0.000000
0.001737
0.006631
0.014812
0.021689
0.035327
0.004674
0.000000
0.000000
0.000000
0.002736
0.002744
0.005975
0.023481
0.043799
0.007504
0.000000
0.000000
0.000000
0.004590
0.012277
0.011570
0.016347
0.026739
0.003389
0.000000
0.000000
0.000000
0.018103
0.030753
0.022455
0.019625
0.022896
0.002242
0.000000
0.000000
0.000000
0.002736
0.002744
0.005975
0.023481
0.043799
0.007504
0.000000
0.000000
0.000000
0.004392
0.006064
0.013616
0.017134
0.041656
0.006667
0.000000
0.000000
0.000000
0.018103
0.030753
0.022455
0.019625
0.022896
0.002242
0.000000
0.000000
0.000000
0.004697
0.010068
0.006116
0.019528
0.030243
0.009431
0.000000
0.000000
0.000000
0.004392
0.006064
0.013616
0.017134
0.041656
0.006667
0.000000
0.000000
0.000000
0.003512
0.007879
0.005997
0.031643
0.042728
0.004589
0.000000
0.000000
0.000000
0.004697
0.010068
0.006116
0.019528
0.030243
0.009431
0.000000
0.000000
0.000000
0.001436
0.014329
0.083243
0.035200
0.023699
0.006577
0.000000
0.000000
0.000000
0.003512
0.007879
0.005997
0.031643
0.042728
0.004589
0.000000
0.000000
0.000000
0.006811
0.008945
0.007894
0.015328
0.033328
0.003737
0.000000
0.000000
0.000000
0.001436
0.014329
0.083243
0.035200
0.023699
0.006577
0.000000
0.000000
0.000000
0.007395
0.014627
0.024674
0.017500
0.046816
0.013506
0.000000
0.000000
0.000000
0.006811
0.008945
0.007894
0.015328
0.033328
0.003737
0.000000
0.000000
0.000000
0.015256
0.014576
0.015577
0.018685
0.017204
0.001670
0.000000
0.000000
0.000000
0.007395
0.014627
0.024674
0.017500
0.046816
0.013506
0.000000
0.000000
0.000000
0.004605
0.020043
0.035073
0.029267
0.025780
0.004171
0.000000
0.000000
0.000000
0.015256
0.014576
0.015577
0.018685
0.017204
0.001670
0.000000
0.000000
0.000000
0.006955
0.009782
0.004991
0.014756
0.019230
0.003788
0.000000
0.000000
0.000000
0.004605
0.020043
0.035073
0.029267
0.025780
0.004171
0.000000
0.000000
0.000000
0.014350
0.021290
0.028176
0.031932
0.018680
0.001667
0.000000
0.000000
0.000000
0.006955
0.009782
0.004991
0.014756
0.019230
0.003788
0.000000
0.000000
0.000000
0.004084
0.004294
0.008378
0.011862
0.022305
0.003278
0.000000
0.000000
0.000000
0.006302
0.007159
0.003073
0.010194
0.031890
0.004003
0.000000
0.000000
0.000000
0.010434
0.011006
0.002700
0.011895
0.031397
0.008377
0.000000
0.000000
0.000000
0.006634
0.019958
0.020805
0.011568
0.029981
0.005885
0.000000
0.000000
0.000000
0.004034
0.018065
0.013555
0.029377
0.039505
0.011453
0.000000
0.000000
0.000000
0.010434
0.011006
0.002700
0.011895
0.031397
0.008377
0.000000
0.000000
0.000000
0.010353
0.015493
0.009313
0.014073
0.028312
0.003608
0.000000
0.000000
0.000000
0.004034
0.018065
0.013555
0.029377
0.039505
0.011453
0.000000
0.000000
0.000000
0.012091
0.028199
0.020608
0.014693
0.016330
0.004127
0.000000
0.000000
0.000000
0.010353
0.015493
0.009313
0.014073
0.028312
0.003608
0.000000
0.000000
0.000000
0.004000
0.008794
0.017230
0.033728
0.016988
0.001224
0.000000
0.000000
0.000000
0.012091
0.028199
0.020608
0.014693
0.016330
0.004127
0.000000
0.000000
0.000000
0.020776
0.024988
0.011233
0.009911
0.007102
0.000709
0.000000
0.000000
0.000000
0.004000
0.008794
0.017230
0.033728
0.016988
0.001224
0.000000
0.000000
0.000000
0.001737
0.006631
0.014812
0.021689
0.035327
0.004674
0.000000
0.000000
0.000000
0.020776
0.024988
0.011233
0.009911
0.007102
0.000709
0.000000
0.000000
0.000000
0.007640
0.007954
0.010401
0.014976
0.021524
0.002670
0.000000
0.000000
0.000000
0.001737
0.006631
0.014812
0.021689
0.035327
0.004674
0.000000
0.000000
0.000000
0.002736
0.002744
0.005975
0.023481
0.043799
0.007504
0.000000
0.000000
0.000000
0.007640
0.007954
0.010401
0.014976
0.021524
0.002670
0.000000
0.000000
0.000000
0.016249
0.028232
0.014535
0.015329
0.013891
0.002255
0.000000
0.000000
0.000000
0.002736
0.002744
0.005975
0.023481
0.043799
0.007504
0.000000
0.000000
0.000000
0.004392
0.006064
0.013616
0.017134
0.041656
0.006667
0.000000
0.000000
0.000000
0.016249
0.028232
0.014535
0.015329
0.013891
0.002255
0.000000
0.000000
0.000000
0.011794
0.035477
0.017525
0.021752
0.016454
0.001872
0.000000
0.000000
0.000000
0.004392
0.006064
0.013616
0.017134
0.041656
0.006667
0.000000
0.000000
0.000000
0.003512
0.007879
0.005997
0.031643
0.042728
0.004589
0.000000
0.000000
0.000000
0.011794
0.035477
0.017525
0.021752
0.016454
0.001872
0.000000
0.000000
0.000000
0.029619
0.049590
0.020902
0.011137
0.006970
0.000806
0.000000
0.000000
0.000000
0.003512
0.007879
0.005997
0.031643
0.042728
0.004589
0.000000
0.000000
0.000000
0.006811
0.008945
0.007894
0.015328
0.033328
0.003737
0.000000
0.000000
0.000000
0.029619
0.049590
0.020902
0.011137
0.006970
0.000806
0.000000
0.000000
0.000000
0.011333
0.009644
0.014301
0.010401
0.019183
0.002825
0.000000
0.000000
0.000000
0.006811
0.008945
0.007894
0.015328
0.033328
0.003737
0.000000
0.000000
0.000000
0.015256
0.014576
0.015577
0.018685
0.017204
0.001670
0.000000
0.000000
0.000000
0.011333
0.009644
0.014301
0.010401
0.019183
0.002825
0.000000
0.000000
0.000000
0.015744
0.022752
0.016529
0.009726
0.006367
0.000309
0.000000
0.000000
0.000000
0.015256
0.014576
0.015577
0.018685
0.017204
0.001670
0.000000
0.000000
0.000000
0.006955
0.009782
0.004991
0.014756
0.019230
0.003788
0.000000
0.000000
0.000000
0.015744
0.022752
0.016529
0.009726
0.006367
0.000309
0.000000
0.000000
0.000000
0.008362
0.008529
0.013897
0.018359
0.029237
0.004456
0.000000
0.000000
0.000000
0.006955
0.009782
0.004991
0.014756
0.019230
0.003788
0.000000
0.000000
0.000000
0.004084
0.004294
0.008378
0.011862
0.022305
0.003278
0.000000
0.000000
0.000000
0.008362
0.008529
0.013897
0.018359
0.029237
0.004456
0.000000
0.000000
0.000000
0.015550
0.013732
0.014149
0.015161
0.013953
0.001874
0.000000
0.000000
0.000000
0.006634
0.019958
0.020805
0.011568
0.029981
0.005885
0.000000
0.000000
0.000000
0.004034
0.018065
0.013555
0.029377
0.039505
0.011453
0.000000
0.000000
0.000000
0.008084
0.010151
0.009709
0.008757
0.010242
0.001488
0.000000
0.000000
0.000000
0.005011
0.014040
0.012339
0.010266
0.013487
0.001602
0.000000
0.000000
0.000000
0.004034
0.018065
0.013555
0.029377
0.039505
0.011453
0.000000
0.000000
0.000000
0.012091
0.028199
0.020608
0.014693
0.016330
0.004127
0.000000
0.000000
0.000000
0.005011
0.014040
0.012339
0.010266
0.013487
0.001602
0.000000
0.000000
0.000000
0.042588
0.048617
0.010238
0.007773
0.003441
0.000638
0.000000
0.000000
0.000000
0.012091
0.028199
0.020608
0.014693
0.016330
0.004127
0.000000
0.000000
0.000000
0.020776
0.024988
0.011233
0.009911
0.007102
0.000709
0.000000
0.000000
0.000000
0.042588
0.048617
0.010238
0.007773
0.003441
0.000638
0.000000
0.000000
0.000000
0.004525
0.010588
0.010954
0.007606
0.008208
0.000864
0.000000
0.000000
0.000000
0.020776
0.024988
0.011233
0.009911
0.007102
0.000709
0.000000
0.000000
0.000000
0.007640
0.007954
0.010401
0.014976
0.021524
0.002670
0.000000
0.000000
0.000000
0.004525
0.010588
0.010954
0.007606
0.008208
0.000864
0.000000
0.000000
0.000000
0.009970
0.016527
0.016503
0.011997
0.010320
0.000404
0.000000
0.000000
0.000000
0.007640
0.007954
0.010401
0.014976
0.021524
0.002670
0.000000
0.000000
0.000000
0.016249
0.028232
0.014535
0.015329
0.013891
0.002255
0.000000
0.000000
0.000000
0.009970
0.016527
0.016503
0.011997
0.010320
0.000404
0.000000
0.000000
0.000000
0.020898
0.028852
0.015131
0.012617
0.007478
0.000663
0.000000
0.000000
0.000000
0.016249
0.028232
0.014535
0.015329
0.013891
0.002255
0.000000
0.000000
0.000000
0.011794
0.035477
0.017525
0.021752
0.016454
0.001872
0.000000
0.000000
0.000000
0.020898
0.028852
0.015131
0.012617
0.007478
0.000663
0.000000
0.000000
0.000000
0.020519
0.025914
0.019457
0.017232
0.008388
0.000692
0.000000
0.000000
0.000000
0.011794
0.035477
0.017525
0.021752
0.016454
0.001872
0.000000
0.000000
0.000000
0.029619
0.049590
0.020902
0.011137
0.006970
0.000806
0.000000
0.000000
0.000000
0.020519
0.025914
0.019457
0.017232
0.008388
0.000692
0.000000
0.000000
0.000000
0.010393
0.022907
0.018185
0.009121
0.005449
0.000649
0.000000
0.000000
0.000000
0.029619
0.049590
0.020902
0.011137
0.006970
0.000806
0.000000
0.000000
0.000000
0.011333
0.009644
0.014301
0.010401
0.019183
0.002825
0.000000
0.000000
0.000000
0.010393
0.022907
0.018185
0.009121
0.005449
0.000649
0.000000
0.000000
0.000000
0.013716
0.028277
0.019996
0.022644
0.008237
0.001341
0.000000
0.000000
0.000000
0.011333
0.009644
0.014301
0.010401
0.019183
0.002825
0.000000
0.000000
0.000000
0.015744
0.022752
0.016529
0.009726
0.006367
0.000309
0.000000
0.000000
0.000000
0.013716
0.028277
0.019996
0.022644
0.008237
0.001341
0.000000
0.000000
0.000000
0.013041
0.021726
0.018384
0.017867
0.011293
0.001511
0.000000
0.000000
0.000000
0.015744
0.022752
0.016529
0.009726
0.006367
0.000309
0.000000
0.000000
0.000000
0.008362
0.008529
0.013897
0.018359
0.029237
0.004456
0.000000
0.000000
0.000000
0.013041
0.021726
0.018384
0.017867
0.011293
0.001511
0.000000
0.000000
0.000000
0.017412
0.028150
0.019089
0.017212
0.019953
0.003807
0.000000
0.000000
0.000000
0.008362
0.008529
0.013897
0.018359
0.029237
0.004456
0.000000
0.000000
0.000000
0.015550
0.013732
0.014149
0.015161
0.013953
0.001874
0.000000
0.000000
0.000000
0.017412
0.028150
0.019089
0.017212
0.019953
0.003807
0.000000
0.000000
0.000000
0.033851
0.059421
0.024800
0.010300
0.008349
0.001517
0.000000
0.000000
0.000000
0.008084
0.010151
0.009709
0.008757
0.010242
0.001488
0.000000
0.000000
0.000000
0.005011
0.014040
0.012339
0.010266
0.013487
0.001602
0.000000
0.000000
0.000000
0.018256
0.017462
0.003898
0.003529
0.003714
0.001016
0.000000
0.000000
0.000000
0.021394
0.015633
0.007847
0.002505
0.004450
0.001133
0.000000
0.000000
0.000000
0.005011
0.014040
0.012339
0.010266
0.013487
0.001602
0.000000
0.000000
0.000000
0.042588
0.048617
0.010238
0.007773
0.003441
0.000638
0.000000
0.000000
0.000000
0.021394
0.015633
0.007847
0.002505
0.004450
0.001133
0.000000
0.000000
0.000000
0.024136
0.019907
0.007005
0.004628
0.003132
0.000543
0.000000
0.000000
0.000000
0.042588
0.048617
0.010238
0.007773
0.003441
0.000638
0.000000
0.000000
0.000000
0.004525
0.010588
0.010954
0.007606
0.008208
0.000864
0.000000
0.000000
0.000000
0.024136
0.019907
0.007005
0.004628
0.003132
0.000543
0.000000
0.000000
0.000000
0.015102
0.013833
0.005772
0.004116
0.006445
0.001409
0.000000
0.000000
0.000000
0.004525
0.010588
0.010954
0.007606
0.008208
0.000864
0.000000
0.000000
0.000000
0.009970
0.016527
0.016503
0.011997
0.010320
0.000404
0.000000
0.000000
0.000000
0.015102
0.013833
0.005772
0.004116
0.006445
0.001409
0.000000
0.000000
0.000000
0.017887
0.016637
0.008899
0.006241
0.003455
0.000463
0.000000
0.000000
0.000000
0.009970
0.016527
0.016503
0.011997
0.010320
0.000404
0.000000
0.000000
0.000000
0.020898
0.028852
0.015131
0.012617
0.007478
0.000663
0.000000
0.000000
0.000000
0.017887
0.016637
0.008899
0.006241
0.003455
0.000463
0.000000
0.000000
0.000000
0.012291
0.027496
0.015573
0.011530
0.010302
0.000818
0.000000
0.000000
0.000000
0.020898
0.028852
0.015131
0.012617
0.007478
0.000663
0.000000
0.000000
0.000000
0.020519
0.025914
0.019457
0.017232
0.008388
0.000692
0.000000
0.000000
0.000000
0.012291
0.027496
0.015573
0.011530
0.010302
0.000818
0.000000
0.000000
0.000000
0.012813
0.028777
0.026287
0.017267
0.009338
0.001652
0.000000
0.000000
0.000000
0.020519
0.025914
0.019457
0.017232
0.008388
0.000692
0.000000
0.000000
0.000000
0.010393
0.022907
0.018185
0.009121
0.005449
0.000649
0.000000
0.000000
0.000000
0.012813
0.028777
0.026287
0.017267
0.009338
0.001652
0.000000
0.000000
0.000000
0.005855
0.021924
0.014760
0.011386
0.006620
0.000730
0.000000
0.000000
0.000000
0.010393
0.022907
0.018185
0.009121
0.005449
0.000649
0.000000
0.000000
0.000000
0.013716
0.028277
0.019996
0.022644
0.008237
0.001341
0.000000
0.000000
0.000000
0.005855
0.021924
0.014760
0.011386
0.006620
0.000730
0.000000
0.000000
0.000000
0.035060
0.035319
0.007805
0.005839
0.003226
0.000976
0.000000
0.000000
0.000000
0.013716
0.028277
0.019996
0.022644
0.008237
0.001341
0.000000
0.000000
0.000000
0.013041
0.021726
0.018384
0.017867
0.011293
0.001511
0.000000
0.000000
0.000000
0.035060
0.035319
0.007805
0.005839
0.003226
0.000976
0.000000
0.000000
0.000000
0.043126
0.038474
0.013264
0.004311
0.001144
0.000302
0.000000
0.000000
0.000000
0.013041
0.021726
0.018384
0.017867
0.011293
0.001511
0.000000
0.000000
0.000000
0.017412
0.028150
0.019089
0.017212
0.019953
0.003807
0.000000
0.000000
0.000000
0.043126
0.038474
0.013264
0.004311
0.001144
0.000302
0.000000
0.000000
0.000000
0.026736
0.033150
0.014355
0.008115
0.002471
0.000299
0.000000
0.000000
0.000000
0.017412
0.028150
0.019089
0.017212
0.019953
0.003807
0.000000
0.000000
0.000000
0.033851
0.059421
0.024800
0.010300
0.008349
0.001517
0.000000
0.000000
0.000000
0.026736
0.033150
0.014355
0.008115
0.002471
0.000299
0.000000
0.000000
0.000000
0.052089
0.052846
0.016717
0.004672
0.001099
0.000000
0.000000
0.000000
0.000000
0.018256
0.017462
0.003898
0.003529
0.003714
0.001016
0.000000
0.000000
0.000000
0.021394
0.015633
0.007847
0.002505
0.004450
0.001133
0.000000
0.000000
0.000000
0.005327
0.012650
0.015564
0.012187
0.019733
0.003272
0.000000
0.000000
0.000000
0.012864
0.023749
0.008358
0.018767
0.011592
0.000607
0.000000
0.000000
0.000000
0.021394
0.015633
0.007847
0.002505
0.004450
0.001133
0.000000
0.000000
0.000000
0.024136
0.019907
0.007005
0.004628
0.003132
0.000543
0.000000
0.000000
0.000000
0.012864
0.023749
0.008358
0.018767
0.011592
0.000607
0.000000
0.000000
0.000000
0.011984
0.020503
0.009396
0.014238
0.015220
0.002308
0.000000
0.000000
0.000000
0.024136
0.019907
0.007005
0.004628
0.003132
0.000543
0.000000
0.000000
0.000000
0.015102
0.013833
0.005772
0.004116
0.006445
0.001409
0.000000
0.000000
0.000000
0.011984
0.020503
0.009396
0.014238
0.015220
0.002308
0.000000
0.000000
0.000000
0.007316
0.015108
0.011508
0.005090
0.009789
0.000667
0.000000
0.000000
0.000000
0.015102
0.013833
0.005772
0.004116
0.006445
0.001409
0.000000
0.000000
0.000000
0.017887
0.016637
0.008899
0.006241
0.003455
0.000463
0.000000
0.000000
0.000000
0.007316
0.015108
0.011508
0.005090
0.009789
0.000667
0.000000
0.000000
0.000000
0.008607
0.013215
0.012371
0.009208
0.007080
0.000599
0.000000
0.000000
0.000000
0.017887
0.016637
0.008899
0.006241
0.003455
0.000463
0.000000
0.000000
0.000000
0.012291
0.027496
0.015573
0.011530
0.010302
0.000818
0.000000
0.000000
0.000000
0.008607
0.013215
0.012371
0.009208
0.007080
0.000599
0.000000
0.000000
0.000000
0.008808
0.014778
0.017479
0.008208
0.004987
0.000496
0.000000
0.000000
0.000000
0.012291
0.027496
0.015573
0.011530
0.010302
0.000818
0.000000
0.000000
0.000000
0.012813
0.028777
0.026287
0.017267
0.009338
0.001652
0.000000
0.000000
0.000000
0.008808
0.014778
0.017479
0.008208
0.004987
0.000496
0.000000
0.000000
0.000000
0.011378
0.016395
0.010432
0.013406
0.007136
0.000860
0.000000
0.000000
0.000000
0.012813
0.028777
0.026287
0.017267
0.009338
0.001652
0.000000
0.000000
0.000000
0.005855
0.021924
0.014760
0.011386
0.006620
0.000730
0.000000
0.000000
0.000000
0.011378
0.016395
0.010432
0.013406
0.007136
0.000860
0.000000
0.000000
0.000000
0.008609
0.010465
0.013332
0.007112
0.004530
0.000984
0.000000
0.000000
0.000000
0.005855
0.021924
0.014760
0.011386
0.006620
0.000730
0.000000
0.000000
0.000000
0.035060
0.035319
0.007805
0.005839
0.003226
0.000976
0.000000
0.000000
0.000000
0.008609
0.010465
0.013332
0.007112
0.004530
0.000984
0.000000
0.000000
0.000000
0.013799
0.020655
0.015597
0.010237
0.005384
0.000732
0.000000
0.000000
0.000000
0.035060
0.035319
0.007805
0.005839
0.003226
0.000976
0.000000
0.000000
0.000000
0.043126
0.038474
0.013264
0.004311
0.001144
0.000302
0.000000
0.000000
0.000000
0.013799
0.020655
0.015597
0.010237
0.005384
0.000732
0.000000
0.000000
0.000000
0.026137
0.025560
0.011687
0.004831
0.002407
0.000441
0.000000
0.000000
0.000000
0.043126
0.038474
0.013264
0.004311
0.001144
0.000302
0.000000
0.000000
0.000000
0.026736
0.033150
0.014355
0.008115
0.002471
0.000299
0.000000
0.000000
0.000000
0.026137
0.025560
0.011687
0.004831
0.002407
0.000441
0.000000
0.000000
0.000000
0.019271
0.031537
0.009651
0.003060
0.001031
0.000188
0.000000
0.000000
0.000000
0.026736
0.033150
0.014355
0.008115
0.002471
0.000299
0.000000
0.000000
0.000000
0.052089
0.052846
0.016717
0.004672
0.001099
0.000000
0.000000
0.000000
0.000000
0.019271
0.031537
0.009651
0.003060
0.001031
0.000188
0.000000
0.000000
0.000000
0.048843
0.031812
0.009572
0.004284
0.000406
0.000000
0.000000
0.000000
0.000000
0.005327
0.012650
0.015564
0.012187
0.019733
0.003272
0.000000
0.000000
0.000000
0.012864
0.023749
0.008358
0.018767
0.011592
0.000607
0.000000
0.000000
0.000000
0.017058
0.014831
0.007026
0.013425
0.012451
0.002747
0.000000
0.000000
0.000000
0.024872
0.016936
0.010643
0.015514
0.019531
0.002076
0.000000
0.000000
0.000000
0.012864
0.023749
0.008358
0.018767
0.011592
0.000607
0.000000
0.000000
0.000000
0.011984
0.020503
0.009396
0.014238
0.015220
0.002308
0.000000
0.000000
0.000000
0.024872
0.016936
0.010643
0.015514
0.019531
0.002076
0.000000
0.000000
0.000000
0.020758
0.027772
0.023342
0.012469
0.008769
0.000908
0.000000
0.000000
0.000000
0.011984
0.020503
0.009396
0.014238
0.015220
0.002308
0.000000
0.000000
0.000000
0.007316
0.015108
0.011508
0.005090
0.009789
0.000667
0.000000
0.000000
0.000000
0.020758
0.027772
0.023342
0.012469
0.008769
0.000908
0.000000
0.000000
0.000000
0.022773
0.016778
0.010322
0.009285
0.002518
0.000818
0.000000
0.000000
0.000000
0.007316
0.015108
0.011508
0.005090
0.009789
0.000667
0.000000
0.000000
0.000000
0.008607
0.013215
0.012371
0.009208
0.007080
0.000599
0.000000
0.000000
0.000000
0.022773
0.016778
0.010322
0.009285
0.002518
0.000818
0.000000
0.000000
0.000000
0.007512
0.013406
0.007283
0.004764
0.008681
0.000972
0.000000
0.000000
0.000000
0.008607
0.013215
0.012371
0.009208
0.007080
0.000599
0.000000
0.000000
0.000000
0.008808
0.014778
0.017479
0.008208
0.004987
0.000496
0.000000
0.000000
0.000000
0.007512
0.013406
0.007283
0.004764
0.008681
0.000972
0.000000
0.000000
0.000000
0.005880
0.009639
0.007545
0.007113
0.004675
0.000264
0.000000
0.000000
0.000000
0.008808
0.014778
0.017479
0.008208
0.004987
0.000496
0.000000
0.000000
0.000000
0.011378
0.016395
0.010432
0.013406
0.007136
0.000860
0.000000
0.000000
0.000000
0.005880
0.009639
0.007545
0.007113
0.004675
0.000264
0.000000
0.000000
0.000000
0.021398
0.048071
0.019682
0.008169
0.005033
0.000000
0.000000
0.000000
0.000000
0.011378
0.016395
0.010432
0.013406
0.007136
0.000860
0.000000
0.000000
0.000000
0.008609
0.010465
0.013332
0.007112
0.004530
0.000984
0.000000
0.000000
0.000000
0.021398
0.048071
0.019682
0.008169
0.005033
0.000000
0.000000
0.000000
0.000000
0.009753
0.013273
0.011967
0.006937
0.003410
0.000633
0.000000
0.000000
0.000000
0.008609
0.010465
0.013332
0.007112
0.004530
0.000984
0.000000
0.000000
0.000000
0.013799
0.020655
0.015597
0.010237
0.005384
0.000732
0.000000
0.000000
0.000000
0.009753
0.013273
0.011967
0.006937
0.003410
0.000633
0.000000
0.000000
0.000000
0.012238
0.021459
0.015310
0.011932
0.019337
0.000363
0.000000
0.000000
0.000000
0.013799
0.020655
0.015597
0.010237
0.005384
0.000732
0.000000
0.000000
0.000000
0.026137
0.025560
0.011687
0.004831
0.002407
0.000441
0.000000
0.000000
0.000000
0.012238
0.021459
0.015310
0.011932
0.019337
0.000363
0.000000
0.000000
0.000000
0.007718
0.026375
0.014009
0.011424
0.010931
0.001313
0.000000
0.000000
0.000000
0.026137
0.025560
0.011687
0.004831
0.002407
0.000441
0.000000
0.000000
0.000000
0.019271
0.031537
0.009651
0.003060
0.001031
0.000188
0.000000
0.000000
0.000000
0.007718
0.026375
0.014009
0.011424
0.010931
0.001313
0.000000
0.000000
0.000000
0.008736
0.019234
0.014051
0.009102
0.004556
0.000722
0.000000
0.000000
0.000000
0.019271
0.031537
0.009651
0.003060
0.001031
0.000188
0.000000
0.000000
0.000000
0.048843
0.031812
0.009572
0.004284
0.000406
0.000000
0.000000
0.000000
0.000000
0.008736
0.019234
0.014051
0.009102
0.004556
0.000722
0.000000
0.000000
0.000000
0.011470
0.022898
0.010222
0.006269
0.006027
0.000478
0.000000
0.000000
0.000000
0.017058
0.014831
0.007026
0.013425
0.012451
0.002747
0.000000
0.000000
0.000000
0.024872
0.016936
0.010643
0.015514
0.019531
0.002076
0.000000
0.000000
0.000000
0.075370
0.031423
0.014577
0.004529
0.013795
0.001343
0.000000
0.000000
0.000000
0.073807
0.026965
0.012904
0.004207
0.012431
0.002751
0.000000
0.000000
0.000000
0.024872
0.016936
0.010643
0.015514
0.019531
0.002076
0.000000
0.000000
0.000000
0.020758
0.027772
0.023342
0.012469
0.008769
0.000908
0.000000
0.000000
0.000000
0.073807
0.026965
0.012904
0.004207
0.012431
0.002751
0.000000
0.000000
0.000000
0.058991
0.033358
0.017091
0.007811
0.005623
0.000210
0.000000
0.000000
0.000000
0.020758
0.027772
0.023342
0.012469
0.008769
0.000908
0.000000
0.000000
0.000000
0.022773
0.016778
0.010322
0.009285
0.002518
0.000818
0.000000
0.000000
0.000000
0.058991
0.033358
0.017091
0.007811
0.005623
0.000210
0.000000
0.000000
0.000000
0.047876
0.037204
0.005027
0.000773
0.001953
0.000052
0.000000
0.000000
0.000000
0.022773
0.016778
0.010322
0.009285
0.002518
0.000818
0.000000
0.000000
0.000000
0.007512
0.013406
0.007283
0.004764
0.008681
0.000972
0.000000
0.000000
0.000000
0.047876
0.037204
0.005027
0.000773
0.001953
0.000052
0.000000
0.000000
0.000000
0.020716
0.033305
0.006876
0.002466
0.001076
0.000000
0.000000
0.000000
0.000000
0.007512
0.013406
0.007283
0.004764
0.008681
0.000972
0.000000
0.000000
0.000000
0.005880
0.009639
0.007545
0.007113
0.004675
0.000264
0.000000
0.000000
0.000000
0.020716
0.033305
0.006876
0.002466
0.001076
0.000000
0.000000
0.000000
0.000000
0.011017
0.014698
0.009218
0.004619
0.001737
0.000046
0.000000
0.000000
0.000000
0.005880
0.009639
0.007545
0.007113
0.004675
0.000264
0.000000
0.000000
0.000000
0.021398
0.048071
0.019682
0.008169
0.005033
0.000000
0.000000
0.000000
0.000000
0.011017
0.014698
0.009218
0.004619
0.001737
0.000046
0.000000
0.000000
0.000000
0.034069
0.031988
0.012507
0.008797
0.002914
0.000216
0.000000
0.000000
0.000000
0.021398
0.048071
0.019682
0.008169
0.005033
0.000000
0.000000
0.000000
0.000000
0.009753
0.013273
0.011967
0.006937
0.003410
0.000633
0.000000
0.000000
0.000000
0.034069
0.031988
0.012507
0.008797
0.002914
0.000216
0.000000
0.000000
0.000000
0.010401
0.015802
0.017436
0.008145
0.006502
0.000297
0.000000
0.000000
0.000000
0.009753
0.013273
0.011967
0.006937
0.003410
0.000633
0.000000
0.000000
0.000000
0.012238
0.021459
0.015310
0.011932
0.019337
0.000363
0.000000
0.000000
0.000000
0.010401
0.015802
0.017436
0.008145
0.006502
0.000297
0.000000
0.000000
0.000000
0.028456
0.036776
0.023892
0.011752
0.003341
0.000316
0.000000
0.000000
0.000000
0.012238
0.021459
0.015310
0.011932
0.019337
0.000363
0.000000
0.000000
0.000000
0.007718
0.026375
0.014009
0.011424
0.010931
0.001313
0.000000
0.000000
0.000000
0.028456
0.036776
0.023892
0.011752
0.003341
0.000316
0.000000
0.000000
0.000000
0.038485
0.048311
0.015412
0.009173
0.005845
0.000388
0.000000
0.000000
0.000000
0.007718
0.026375
0.014009
0.011424
0.010931
0.001313
0.000000
0.000000
0.000000
0.008736
0.019234
0.014051
0.009102
0.004556
0.000722
0.000000
0.000000
0.000000
0.038485
0.048311
0.015412
0.009173
0.005845
0.000388
0.000000
0.000000
0.000000
0.029444
0.032008
0.010453
0.007944
0.011408
0.000431
0.000000
0.000000
0.000000
0.008736
0.019234
0.014051
0.009102
0.004556
0.000722
0.000000
0.000000
0.000000
0.011470
0.022898
0.010222
0.006269
0.006027
0.000478
0.000000
0.000000
0.000000
0.029444
0.032008
0.010453
0.007944
0.011408
0.000431
0.000000
0.000000
0.000000
0.037529
0.032540
0.015504
0.008464
0.002685
0.000160
0.000000
0.000000
0.000000
0.075370
0.031423
0.014577
0.004529
0.013795
0.001343
0.000000
0.000000
0.000000
0.073807
0.026965
0.012904
0.004207
0.012431
0.002751
0.000000
0.000000
0.000000
0.014163
0.020758
0.026986
0.025566
0.017248
0.003383
0.000000
0.000000
0.000000
0.052631
0.040564
0.022922
0.014662
0.011320
0.001481
0.000000
0.000000
0.000000
0.073807
0.026965
0.012904
0.004207
0.012431
0.002751
0.000000
0.000000
0.000000
0.058991
0.033358
0.017091
0.007811
0.005623
0.000210
0.000000
0.000000
0.000000
0.052631
0.040564
0.022922
0.014662
0.011320
0.001481
0.000000
0.000000
0.000000
0.041169
0.044623
0.026429
0.029477
0.010091
0.000000
0.000000
0.000000
0.000000
0.058991
0.033358
0.017091
0.007811
0.005623
0.000210
0.000000
0.000000
0.000000
0.047876
0.037204
0.005027
0.000773
0.001953
0.000052
0.000000
0.000000
0.000000
0.041169
0.044623
0.026429
0.029477
0.010091
0.000000
0.000000
0.000000
0.000000
0.011417
0.014266
0.009843
0.020867
0.013593
0.000800
0.000000
0.000000
0.000000
0.047876
0.037204
0.005027
0.000773
0.001953
0.000052
0.000000
0.000000
0.000000
0.020716
0.033305
0.006876
0.002466
0.001076
0.000000
0.000000
0.000000
0.000000
0.011417
0.014266
0.009843
0.020867
0.013593
0.000800
0.000000
0.000000
0.000000
0.007754
0.015395
0.015937
0.015104
0.014653
0.000982
0.000000
0.000000
0.000000
0.020716
0.033305
0.006876
0.002466
0.001076
0.000000
0.000000
0.000000
0.000000
0.011017
0.014698
0.009218
0.004619
0.001737
0.000046
0.000000
0.000000
0.000000
0.007754
0.015395
0.015937
0.015104
0.014653
0.000982
0.000000
0.000000
0.000000
0.016024
0.020361
0.012654
0.019697
0.026325
0.006459
0.000000
0.000000
0.000000
0.011017
0.014698
0.009218
0.004619
0.001737
0.000046
0.000000
0.000000
0.000000
0.034069
0.031988
0.012507
0.008797
0.002914
0.000216
0.000000
0.000000
0.000000
0.016024
0.020361
0.012654
0.019697
0.026325
0.006459
0.000000
0.000000
0.000000
0.012318
0.027770
0.024794
0.015899
0.037867
0.008947
0.000000
0.000000
0.000000
0.034069
0.031988
0.012507
0.008797
0.002914
0.000216
0.000000
0.000000
0.000000
0.010401
0.015802
0.017436
0.008145
0.006502
0.000297
0.000000
0.000000
0.000000
0.012318
0.027770
0.024794
0.015899
0.037867
0.008947
0.000000
0.000000
0.000000
0.012755
0.022991
0.027940
0.028981
0.019966
0.002160
0.000000
0.000000
0.000000
0.010401
0.015802
0.017436
0.008145
0.006502
0.000297
0.000000
0.000000
0.000000
0.028456
0.036776
0.023892
0.011752
0.003341
0.000316
0.000000
0.000000
0.000000
0.012755
0.022991
0.027940
0.028981
0.019966
0.002160
0.000000
0.000000
0.000000
0.016264
0.034051
0.031298
0.016959
0.016567
0.001918
0.000000
0.000000
0.000000
0.028456
0.036776
0.023892
0.011752
0.003341
0.000316
0.000000
0.000000
0.000000
0.038485
0.048311
0.015412
0.009173
0.005845
0.000388
0.000000
0.000000
0.000000
0.016264
0.034051
0.031298
0.016959
0.016567
0.001918
0.000000
0.000000
0.000000
0.036113
0.054007
0.022395
0.011239
0.013332
0.002969
0.000000
0.000000
0.000000
0.038485
0.048311
0.015412
0.009173
0.005845
0.000388
0.000000
0.000000
0.000000
0.029444
0.032008
0.010453
0.007944
0.011408
0.000431
0.000000
0.000000
0.000000
0.036113
0.054007
0.022395
0.011239
0.013332
0.002969
0.000000
0.000000
0.000000
0.019573
0.035397
0.021043
0.025526
0.016850
0.004440
0.000000
0.000000
0.000000
0.029444
0.032008
0.010453
0.007944
0.011408
0.000431
0.000000
0.000000
0.000000
0.037529
0.032540
0.015504
0.008464
0.002685
0.000160
0.000000
0.000000
0.000000
0.019573
0.035397
0.021043
0.025526
0.016850
0.004440
0.000000
0.000000
0.000000
0.006432
0.015358
0.016761
0.011986
0.011241
0.000246
0.000000
0.000000
0.000000
0.014163
0.020758
0.026986
0.025566
0.017248
0.003383
0.000000
0.000000
0.000000
0.052631
0.040564
0.022922
0.014662
0.011320
0.001481
0.000000
0.000000
0.000000
0.001488
0.000283
0.004294
0.009579
0.042412
0.011235
0.000000
0.000000
0.000000
0.003719
0.001796
0.009213
0.020072
0.049772
0.010750
0.000000
0.000000
0.000000
0.052631
0.040564
0.022922
0.014662
0.011320
0.001481
0.000000
0.000000
0.000000
0.041169
0.044623
0.026429
0.029477
0.010091
0.000000
0.000000
0.000000
0.000000
0.003719
0.001796
0.009213
0.020072
0.049772
0.010750
0.000000
0.000000
0.000000
0.003670
0.003582
0.009996
0.025556
0.040902
0.008432
0.000000
0.000000
0.000000
0.041169
0.044623
0.026429
0.029477
0.010091
0.000000
0.000000
0.000000
0.000000
0.011417
0.014266
0.009843
0.020867
0.013593
0.000800
0.000000
0.000000
0.000000
0.003670
0.003582
0.009996
0.025556
0.040902
0.008432
0.000000
0.000000
0.000000
0.005996
0.003730
0.004730
0.009655
0.041712
0.006866
0.000000
0.000000
0.000000
0.011417
0.014266
0.009843
0.020867
0.013593
0.000800
0.000000
0.000000
0.000000
0.007754
0.015395
0.015937
0.015104
0.014653
0.000982
0.000000
0.000000
0.000000
0.005996
0.003730
0.004730
0.009655
0.041712
0.006866
0.000000
0.000000
0.000000
0.000492
0.002896
0.005317
0.011673
0.045531
0.015541
0.000000
0.000000
0.000000
0.007754
0.015395
0.015937
0.015104
0.014653
0.000982
0.000000
0.000000
0.000000
0.016024
0.020361
0.012654
0.019697
0.026325
0.006459
0.000000
0.000000
0.000000
0.000492
0.002896
0.005317
0.011673
0.045531
0.015541
0.000000
0.000000
0.000000
0.003132
0.005766
0.012884
0.038752
0.055096
0.018952
0.000000
0.000000
0.000000
0.016024
0.020361
0.012654
0.019697
0.026325
0.006459
0.000000
0.000000
0.000000
0.012318
0.027770
0.024794
0.015899
0.037867
0.008947
0.000000
0.000000
0.000000
0.003132
0.005766
0.012884
0.038752
0.055096
0.018952
0.000000
0.000000
0.000000
0.006163
0.008415
0.002067
0.019731
0.065382
0.031266
0.000000
0.000000
0.000000
0.012318
0.027770
0.024794
0.015899
0.037867
0.008947
0.000000
0.000000
0.000000
0.012755
0.022991
0.027940
0.028981
0.019966
0.002160
0.000000
0.000000
0.000000
0.006163
0.008415
0.002067
0.019731
0.065382
0.031266
0.000000
0.000000
0.000000
0.011744
0.023678
0.009589
0.009936
0.023677
0.005092
0.000000
0.000000
0.000000
0.012755
0.022991
0.027940
0.028981
0.019966
0.002160
0.000000
0.000000
0.000000
0.016264
0.034051
0.031298
0.016959
0.016567
0.001918
0.000000
0.000000
0.000000
0.011744
0.023678
0.009589
0.009936
0.023677
0.005092
0.000000
0.000000
0.000000
0.000000
0.001692
0.004339
0.017448
0.031773
0.002859
0.000000
0.000000
0.000000
0.016264
0.034051
0.031298
0.016959
0.016567
0.001918
0.000000
0.000000
0.000000
0.036113
0.054007
0.022395
0.011239
0.013332
0.002969
0.000000
0.000000
0.000000
0.000000
0.001692
0.004339
0.017448
0.031773
0.002859
0.000000
0.000000
0.000000
0.003110
0.008560
0.009095
0.007525
0.022761
0.009050
0.000000
0.000000
0.000000
0.036113
0.054007
0.022395
0.011239
0.013332
0.002969
0.000000
0.000000
0.000000
0.019573
0.035397
0.021043
0.025526
0.016850
0.004440
0.000000
0.000000
0.000000
0.003110
0.008560
0.009095
0.007525
0.022761
0.009050
0.000000
0.000000
0.000000
0.001696
0.004126
0.005556
0.007007
0.025703
0.008447
0.000000
0.000000
0.000000
0.019573
0.035397
0.021043
0.025526
0.016850
0.004440
0.000000
0.000000
0.000000
0.006432
0.015358
0.016761
0.011986
0.011241
0.000246
0.000000
0.000000
0.000000
0.001696
0.004126
0.005556
0.007007
0.025703
0.008447
0.000000
0.000000
0.000000
0.002372
0.000025
0.001273
0.005993
0.021261
0.009405
0.000000
0.000000
0.000000
0.001488
0.000283
0.004294
0.009579
0.042412
0.011235
0.000000
0.000000
0.000000
0.003719
0.001796
0.009213
0.020072
0.049772
0.010750
0.000000
0.000000
0.000000
0.000600
0.001333
0.001520
0.001621
0.002807
0.000198
0.000000
0.000000
0.000000
0.000449
0.000768
0.000753
0.001843
0.003999
0.000310
0.000000
0.000000
0.000000
0.003719
0.001796
0.009213
0.020072
0.049772
0.010750
0.000000
0.000000
0.000000
0.003670
0.003582
0.009996
0.025556
0.040902
0.008432
0.000000
0.000000
0.000000
0.000449
0.000768
0.000753
0.001843
0.003999
0.000310
0.000000
0.000000
0.000000
0.001186
0.001433
0.001895
0.003205
0.003465
0.000336
0.000000
0.000000
0.000000
0.003670
0.003582
0.009996
0.025556
0.040902
0.008432
0.000000
0.000000
0.000000
0.005996
0.003730
0.004730
0.009655
0.041712
0.006866
0.000000
0.000000
0.000000
0.001186
0.001433
0.001895
0.003205
0.003465
0.000336
0.000000
0.000000
0.000000
0.001869
0.000991
0.001029
0.001463
0.003953
0.000996
0.000000
0.000000
0.000000
0.005996
0.003730
0.004730
0.009655
0.041712
0.006866
0.000000
0.000000
0.000000
0.000492
0.002896
0.005317
0.011673
0.045531
0.015541
0.000000
0.000000
0.000000
0.001869
0.000991
0.001029
0.001463
0.003953
0.000996
0.000000
0.000000
0.000000
0.000382
0.000389
0.000708
0.002168
0.006272
0.001002
0.000000
0.000000
0.000000
0.000492
0.002896
0.005317
0.011673
0.045531
0.015541
0.000000
0.000000
0.000000
0.003132
0.005766
0.012884
0.038752
0.055096
0.018952
0.000000
0.000000
0.000000
0.000382
0.000389
0.000708
0.002168
0.006272
0.001002
0.000000
0.000000
0.000000
0.001080
0.001334
0.001176
0.003493
0.004007
0.000238
0.000000
0.000000
0.000000
0.003132
0.005766
0.012884
0.038752
0.055096
0.018952
0.000000
0.000000
0.000000
0.006163
0.008415
0.002067
0.019731
0.065382
0.031266
0.000000
0.000000
0.000000
0.001080
0.001334
0.001176
0.003493
0.004007
0.000238
0.000000
0.000000
0.000000
0.001060
0.002110
0.001796
0.003158
0.004570
0.000600
0.000000
0.000000
0.000000
0.006163
0.008415
0.002067
0.019731
0.065382
0.031266
0.000000
0.000000
0.000000
0.011744
0.023678
0.009589
0.009936
0.023677
0.005092
0.000000
0.000000
0.000000
0.001060
0.002110
0.001796
0.003158
0.004570
0.000600
0.000000
0.000000
0.000000
0.001337
0.000823
0.001035
0.003248
0.006430
0.001256
0.000000
0.000000
0.000000
0.011744
0.023678
0.009589
0.009936
0.023677
0.005092
0.000000
0.000000
0.000000
0.000000
0.001692
0.004339
0.017448
0.031773
0.002859
0.000000
0.000000
0.000000
0.001337
0.000823
0.001035
0.003248
0.006430
0.001256
0.000000
0.000000
0.000000
0.000358
0.000374
0.000558
0.002908
0.006969
0.001123
0.000000
0.000000
0.000000
0.000000
0.001692
0.004339
0.017448
0.031773
0.002859
0.000000
0.000000
0.000000
0.003110
0.008560
0.009095
0.007525
0.022761
0.009050
0.000000
0.000000
0.000000
0.000358
0.000374
0.000558
0.002908
0.006969
0.001123
0.000000
0.000000
0.000000
0.000612
0.000942
0.001103
0.001824
0.004409
0.000749
0.000000
0.000000
0.000000
0.003110
0.008560
0.009095
0.007525
0.022761
0.009050
0.000000
0.000000
0.000000
0.001696
0.004126
0.005556
0.007007
0.025703
0.008447
0.000000
0.000000
0.000000
0.000612
0.000942
0.001103
0.001824
0.004409
0.000749
0.000000
0.000000
0.000000
0.000674
0.000157
0.001116
0.003377
0.005818
0.001296
0.000000
0.000000
0.000000
0.001696
0.004126
0.005556
0.007007
0.025703
0.008447
0.000000
0.000000
0.000000
0.002372
0.000025
0.001273
0.005993
0.021261
0.009405
0.000000
0.000000
0.000000
0.000674
0.000157
0.001116
0.003377
0.005818
0.001296
0.000000
0.000000
0.000000
0.001073
0.000659
0.002338
0.002441
0.003820
0.001017
0.000000
0.000000
0.000000
0.000600
0.001333
0.001520
0.001621
0.002807
0.000198
0.000000
0.000000
0.000000
0.000449
0.000768
0.000753
0.001843
0.003999
0.000310
0.000000
0.000000
0.000000
0.002192
0.000159
0.000338
0.002610
0.006909
0.001321
0.000000
0.000000
0.000000
0.000973
0.000685
0.000966
0.003547
0.008641
0.002201
0.000000
0.000000
0.000000
0.000449
0.000768
0.000753
0.001843
0.003999
0.000310
0.000000
0.000000
0.000000
0.001186
0.001433
0.001895
0.003205
0.003465
0.000336
0.000000
0.000000
0.000000
0.000973
0.000685
0.000966
0.003547
0.008641
0.002201
0.000000
0.000000
0.000000
0.000853
0.000699
0.001127
0.003639
0.009659
0.001634
0.000000
0.000000
0.000000
0.001186
0.001433
0.001895
0.003205
0.003465
0.000336
0.000000
0.000000
0.000000
0.001869
0.000991
0.001029
0.001463
0.003953
0.000996
0.000000
0.000000
0.000000
0.000853
0.000699
0.001127
0.003639
0.009659
0.001634
0.000000
0.000000
0.000000
0.001235
0.000524
0.000838
0.004060
0.008419
0.001124
0.000000
0.000000
0.000000
0.001869
0.000991
0.001029
0.001463
0.003953
0.000996
0.000000
0.000000
0.000000
0.000382
0.000389
0.000708
0.002168
0.006272
0.001002
0.000000
0.000000
0.000000
0.001235
0.000524
0.000838
0.004060
0.008419
0.001124
0.000000
0.000000
0.000000
0.003398
0.000131
0.000181
0.002062
0.008274
0.002219
0.000000
0.000000
0.000000
0.000382
0.000389
0.000708
0.002168
0.006272
0.001002
0.000000
0.000000
0.000000
0.001080
0.001334
0.001176
0.003493
0.004007
0.000238
0.000000
0.000000
0.000000
0.003398
0.000131
0.000181
0.002062
0.008274
0.002219
0.000000
0.000000
0.000000
0.001941
0.000343
0.000454
0.001597
0.007961
0.001830
0.000000
0.000000
0.000000
0.001080
0.001334
0.001176
0.003493
0.004007
0.000238
0.000000
0.000000
0.000000
0.001060
0.002110
0.001796
0.003158
0.004570
0.000600
0.000000
0.000000
0.000000
0.001941
0.000343
0.000454
0.001597
0.007961
0.001830
0.000000
0.000000
0.000000
0.001009
0.000424
0.000736
0.002110
0.006731
0.001088
0.000000
0.000000
0.000000
0.001060
0.002110
0.001796
0.003158
0.004570
0.000600
0.000000
0.000000
0.000000
0.001337
0.000823
0.001035
0.003248
0.006430
0.001256
0.000000
0.000000
0.000000
0.001009
0.000424
0.000736
0.002110
0.006731
0.001088
0.000000
0.000000
0.000000
0.000161
0.000234
0.000762
0.003790
0.009667
0.001331
0.000000
0.000000
0.000000
0.001337
0.000823
0.001035
0.003248
0.006430
0.001256
0.000000
0.000000
0.000000
0.000358
0.000374
0.000558
0.002908
0.006969
0.001123
0.000000
0.000000
0.000000
0.000161
0.000234
0.000762
0.003790
0.009667
0.001331
0.000000
0.000000
0.000000
0.001043
0.000228
0.000338
0.003189
0.010806
0.001580
0.000000
0.000000
0.000000
0.000358
0.000374
0.000558
0.002908
0.006969
0.001123
0.000000
0.000000
0.000000
0.000612
0.000942
0.001103
0.001824
0.004409
0.000749
0.000000
0.000000
0.000000
0.001043
0.000228
0.000338
0.003189
0.010806
0.001580
0.000000
0.000000
0.000000
0.003281
0.000287
0.000442
0.002095
0.008796
0.001875
0.000000
0.000000
0.000000
0.000612
0.000942
0.001103
0.001824
0.004409
0.000749
0.000000
0.000000
0.000000
0.000674
0.000157
0.001116
0.003377
0.005818
0.001296
0.000000
0.000000
0.000000
0.003281
0.000287
0.000442
0.002095
0.008796
0.001875
0.000000
0.000000
0.000000
0.001034
0.000136
0.000284
0.002532
0.012150
0.002994
0.000000
0.000000
0.000000
0.000674
0.000157
0.001116
0.003377
0.005818
0.001296
0.000000
0.000000
0.000000
0.001073
0.000659
0.002338
0.002441
0.003820
0.001017
0.000000
0.000000
0.000000
0.001034
0.000136
0.000284
0.002532
0.012150
0.002994
0.000000
0.000000
0.000000
0.000661
0.000095
0.000679
0.003428
0.013554
0.001801
0.000000
0.000000
0.000000
0.002192
0.000159
0.000338
0.002610
0.006909
0.001321
0.000000
0.000000
0.000000
0.000973
0.000685
0.000966
0.003547
0.008641
0.002201
0.000000
0.000000
0.000000
0.001183
0.002358
0.001766
0.001823
0.003378
0.000543
0.000000
0.000000
0.000000
0.001380
0.001210
0.001565
0.002048
0.004190
0.000828
0.000000
0.000000
0.000000
0.000973
0.000685
0.000966
0.003547
0.008641
0.002201
0.000000
0.000000
0.000000
0.000853
0.000699
0.001127
0.003639
0.009659
0.001634
0.000000
0.000000
0.000000
0.001380
0.001210
0.001565
0.002048
0.004190
0.000828
0.000000
0.000000
0.000000
0.001243
0.000821
0.001596
0.001781
0.004218
0.000577
0.000000
0.000000
0.000000
0.000853
0.000699
0.001127
0.003639
0.009659
0.001634
0.000000
0.000000
0.000000
0.001235
0.000524
0.000838
0.004060
0.008419
0.001124
0.000000
0.000000
0.000000
0.001243
0.000821
0.001596
0.001781
0.004218
0.000577
0.000000
0.000000
0.000000
0.000632
0.001250
0.001449
0.001655
0.003361
0.000480
0.000000
0.000000
0.000000
0.001235
0.000524
0.000838
0.004060
0.008419
0.001124
0.000000
0.000000
0.000000
0.003398
0.000131
0.000181
0.002062
0.008274
0.002219
0.000000
0.000000
0.000000
0.000632
0.001250
0.001449
0.001655
0.003361
0.000480
0.000000
0.000000
0.000000
0.001032
0.001065
0.001449
0.002320
0.003249
0.000461
0.000000
0.000000
0.000000
0.003398
0.000131
0.000181
0.002062
0.008274
0.002219
0.000000
0.000000
0.000000
0.001941
0.000343
0.000454
0.001597
0.007961
0.001830
0.000000
0.000000
0.000000
0.001032
0.001065
0.001449
0.002320
0.003249
0.000461
0.000000
0.000000
0.000000
0.001610
0.000441
0.000990
0.002971
0.004912
0.000468
0.000000
0.000000
0.000000
0.001941
0.000343
0.000454
0.001597
0.007961
0.001830
0.000000
0.000000
0.000000
0.001009
0.000424
0.000736
0.002110
0.006731
0.001088
0.000000
0.000000
0.000000
0.001610
0.000441
0.000990
0.002971
0.004912
0.000468
0.000000
0.000000
0.000000
0.001810
0.000510
0.000469
0.001797
0.005941
0.000886
0.000000
0.000000
0.000000
0.001009
0.000424
0.000736
0.002110
0.006731
0.001088
0.000000
0.000000
0.000000
0.000161
0.000234
0.000762
0.003790
0.009667
0.001331
0.000000
0.000000
0.000000
0.001810
0.000510
0.000469
0.001797
0.005941
0.000886
0.000000
0.000000
0.000000
0.000560
0.000226
0.000387
0.002370
0.006396
0.001495
0.000000
0.000000
0.000000
0.000161
0.000234
0.000762
0.003790
0.009667
0.001331
0.000000
0.000000
0.000000
0.001043
0.000228
0.000338
0.003189
0.010806
0.001580
0.000000
0.000000
0.000000
0.000560
0.000226
0.000387
0.002370
0.006396
0.001495
0.000000
0.000000
0.000000
0.001210
0.000173
0.001715
0.003645
0.005169
0.000570
0.000000
0.000000
0.000000
0.001043
0.000228
0.000338
0.003189
0.010806
0.001580
0.000000
0.000000
0.000000
0.003281
0.000287
0.000442
0.002095
0.008796
0.001875
0.000000
0.000000
0.000000
0.001210
0.000173
0.001715
0.003645
0.005169
0.000570
0.000000
0.000000
0.000000
0.000744
0.001179
0.002054
0.001965
0.002189
0.000227
0.000000
0.000000
0.000000
0.003281
0.000287
0.000442
0.002095
0.008796
0.001875
0.000000
0.000000
0.000000
0.001034
0.000136
0.000284
0.002532
0.012150
0.002994
0.000000
0.000000
0.000000
0.000744
0.001179
0.002054
0.001965
0.002189
0.000227
0.000000
0.000000
0.000000
0.000624
0.000542
0.002034
0.004671
0.002709
0.000191
0.000000
0.000000
0.000000
0.001034
0.000136
0.000284
0.002532
0.012150
0.002994
0.000000
0.000000
0.000000
0.000661
0.000095
0.000679
0.003428
0.013554
0.001801
0.000000
0.000000
0.000000
0.000624
0.000542
0.002034
0.004671
0.002709
0.000191
0.000000
0.000000
0.000000
0.000283
0.000550
0.001565
0.003586
0.003312
0.000385
0.000000
0.000000
0.000000
0.001183
0.002358
0.001766
0.001823
0.003378
0.000543
0.000000
0.000000
0.000000
0.001380
0.001210
0.001565
0.002048
0.004190
0.000828
0.000000
0.000000
0.000000
0.000479
0.000514
0.001993
0.002852
0.002825
0.000228
0.000000
0.000000
0.000000
0.000426
0.000967
0.001831
0.002901
0.003194
0.000278
0.000000
0.000000
0.000000
0.001380
0.001210
0.001565
0.002048
0.004190
0.000828
0.000000
0.000000
0.000000
0.001243
0.000821
0.001596
0.001781
0.004218
0.000577
0.000000
0.000000
0.000000
0.000426
0.000967
0.001831
0.002901
0.003194
0.000278
0.000000
0.000000
0.000000
0.000576
0.000805
0.001479
0.001869
0.002241
0.000127
0.000000
0.000000
0.000000
0.001243
0.000821
0.001596
0.001781
0.004218
0.000577
0.000000
0.000000
0.000000
0.000632
0.001250
0.001449
0.001655
0.003361
0.000480
0.000000
0.000000
0.000000
0.000576
0.000805
0.001479
0.001869
0.002241
0.000127
0.000000
0.000000
0.000000
0.001065
0.000353
0.001273
0.003487
0.009167
0.001797
0.000000
0.000000
0.000000
0.000632
0.001250
0.001449
0.001655
0.003361
0.000480
0.000000
0.000000
0.000000
0.001032
0.001065
0.001449
0.002320
0.003249
0.000461
0.000000
0.000000
0.000000
0.001065
0.000353
0.001273
0.003487
0.009167
0.001797
0.000000
0.000000
0.000000
0.000898
0.000479
0.000865
0.002314
0.011218
0.002030
0.000000
0.000000
0.000000
0.001032
0.001065
0.001449
0.002320
0.003249
0.000461
0.000000
0.000000
0.000000
0.001610
0.000441
0.000990
0.002971
0.004912
0.000468
0.000000
0.000000
0.000000
0.000898
0.000479
0.000865
0.002314
0.011218
0.002030
0.000000
0.000000
0.000000
0.001276
0.000714
0.002005
0.003468
0.009315
0.001773
0.000000
0.000000
0.000000
0.001610
0.000441
0.000990
0.002971
0.004912
0.000468
0.000000
0.000000
0.000000
0.001810
0.000510
0.000469
0.001797
0.005941
0.000886
0.000000
0.000000
0.000000
0.001276
0.000714
0.002005
0.003468
0.009315
0.001773
0.000000
0.000000
0.000000
0.001858
0.000059
0.000515
0.002038
0.009222
0.002530
0.000000
0.000000
0.000000
0.001810
0.000510
0.000469
0.001797
0.005941
0.000886
0.000000
0.000000
0.000000
0.000560
0.000226
0.000387
0.002370
0.006396
0.001495
0.000000
0.000000
0.000000
0.001858
0.000059
0.000515
0.002038
0.009222
0.002530
0.000000
0.000000
0.000000
0.000545
0.000808
0.002634
0.004984
0.007012
0.001094
0.000000
0.000000
0.000000
0.000560
0.000226
0.000387
0.002370
0.006396
0.001495
0.000000
0.000000
0.000000
0.001210
0.000173
0.001715
0.003645
0.005169
0.000570
0.000000
0.000000
0.000000
0.000545
0.000808
0.002634
0.004984
0.007012
0.001094
0.000000
0.000000
0.000000
0.000622
0.001493
0.002204
0.001868
0.001329
0.000071
0.000000
0.000000
0.000000
0.001210
0.000173
0.001715
0.003645
0.005169
0.000570
0.000000
0.000000
0.000000
0.000744
0.001179
0.002054
0.001965
0.002189
0.000227
0.000000
0.000000
0.000000
0.000622
0.001493
0.002204
0.001868
0.001329
0.000071
0.000000
0.000000
0.000000
0.000962
0.000850
0.000585
0.002026
0.002278
0.000119
0.000000
0.000000
0.000000
0.000744
0.001179
0.002054
0.001965
0.002189
0.000227
0.000000
0.000000
0.000000
0.000624
0.000542
0.002034
0.004671
0.002709
0.000191
0.000000
0.000000
0.000000
0.000962
0.000850
0.000585
0.002026
0.002278
0.000119
0.000000
0.000000
0.000000
0.001813
0.003974
0.005206
0.003723
0.002437
0.000095
0.000000
0.000000
0.000000
0.000624
0.000542
0.002034
0.004671
0.002709
0.000191
0.000000
0.000000
0.000000
0.000283
0.000550
0.001565
0.003586
0.003312
0.000385
0.000000
0.000000
0.000000
0.001813
0.003974
0.005206
0.003723
0.002437
0.000095
0.000000
0.000000
0.000000
0.001107
0.002581
0.001808
0.002380
0.001443
0.000085
0.000000
0.000000
0.000000
0.000479
0.000514
0.001993
0.002852
0.002825
0.000228
0.000000
0.000000
0.000000
0.000426
0.000967
0.001831
0.002901
0.003194
0.000278
0.000000
0.000000
0.000000
0.000846
0.001223
0.001987
0.002950
0.002066
0.000183
0.000000
0.000000
0.000000
0.000832
0.001126
0.001191
0.001309
0.001803
0.000108
0.000000
0.000000
0.000000
0.000426
0.000967
0.001831
0.002901
0.003194
0.000278
0.000000
0.000000
0.000000
0.000576
0.000805
0.001479
0.001869
0.002241
0.000127
0.000000
0.000000
0.000000
0.000832
0.001126
0.001191
0.001309
0.001803
0.000108
0.000000
0.000000
0.000000
0.000507
0.000992
0.002165
0.001972
0.001770
0.000052
0.000000
0.000000
0.000000
0.000576
0.000805
0.001479
0.001869
0.002241
0.000127
0.000000
0.000000
0.000000
0.001065
0.000353
0.001273
0.003487
0.009167
0.001797
0.000000
0.000000
0.000000
0.000507
0.000992
0.002165
0.001972
0.001770
0.000052
0.000000
0.000000
0.000000
0.000589
0.000859
0.002147
0.001781
0.002099
0.000113
0.000000
0.000000
0.000000
0.001065
0.000353
0.001273
0.003487
0.009167
0.001797
0.000000
0.000000
0.000000
0.000898
0.000479
0.000865
0.002314
0.011218
0.002030
0.000000
0.000000
0.000000
0.000589
0.000859
0.002147
0.001781
0.002099
0.000113
0.000000
0.000000
0.000000
0.000697
0.000648
0.001174
0.002920
0.001338
0.000062
0.000000
0.000000
0.000000
0.000898
0.000479
0.000865
0.002314
0.011218
0.002030
0.000000
0.000000
0.000000
0.001276
0.000714
0.002005
0.003468
0.009315
0.001773
0.000000
0.000000
0.000000
0.000697
0.000648
0.001174
0.002920
0.001338
0.000062
0.000000
0.000000
0.000000
0.000460
0.000946
0.001286
0.003262
0.003864
0.000334
0.000000
0.000000
0.000000
0.001276
0.000714
0.002005
0.003468
0.009315
0.001773
0.000000
0.000000
0.000000
0.001858
0.000059
0.000515
0.002038
0.009222
0.002530
0.000000
0.000000
0.000000
0.000460
0.000946
0.001286
0.003262
0.003864
0.000334
0.000000
0.000000
0.000000
0.001050
0.001059
0.002169
0.002456
0.001985
0.000065
0.000000
0.000000
0.000000
0.001858
0.000059
0.000515
0.002038
0.009222
0.002530
0.000000
0.000000
0.000000
0.000545
0.000808
0.002634
0.004984
0.007012
0.001094
0.000000
0.000000
0.000000
0.001050
0.001059
0.002169
0.002456
0.001985
0.000065
0.000000
0.000000
0.000000
0.000674
0.001729
0.001745
0.002619
0.002473
0.000334
0.000000
0.000000
0.000000
0.000545
0.000808
0.002634
0.004984
0.007012
0.001094
0.000000
0.000000
0.000000
0.000622
0.001493
0.002204
0.001868
0.001329
0.000071
0.000000
0.000000
0.000000
0.000674
0.001729
0.001745
0.002619
0.002473
0.000334
0.000000
0.000000
0.000000
0.000526
0.000197
0.000795
0.002410
0.003544
0.000093
0.000000
0.000000
0.000000
0.000622
0.001493
0.002204
0.001868
0.001329
0.000071
0.000000
0.000000
0.000000
0.000962
0.000850
0.000585
0.002026
0.002278
0.000119
0.000000
0.000000
0.000000
0.000526
0.000197
0.000795
0.002410
0.003544
0.000093
0.000000
0.000000
0.000000
0.000825
0.000658
0.000700
0.002530
0.002738
0.000137
0.000000
0.000000
0.000000
0.000962
0.000850
0.000585
0.002026
0.002278
0.000119
0.000000
0.000000
0.000000
0.001813
0.003974
0.005206
0.003723
0.002437
0.000095
0.000000
0.000000
0.000000
0.000825
0.000658
0.000700
0.002530
0.002738
0.000137
0.000000
0.000000
0.000000
0.001679
0.000699
0.001027
0.001194
0.001950
0.000355
0.000000
0.000000
0.000000
0.001813
0.003974
0.005206
0.003723
0.002437
0.000095
0.000000
0.000000
0.000000
0.001107
0.002581
0.001808
0.002380
0.001443
0.000085
0.000000
0.000000
0.000000
0.001679
0.000699
0.001027
0.001194
0.001950
0.000355
0.000000
0.000000
0.000000
0.000939
0.000867
0.001368
0.001636
0.001326
0.000126
0.000000
0.000000
0.000000
0.000846
0.001223
0.001987
0.002950
0.002066
0.000183
0.000000
0.000000
0.000000
0.000832
0.001126
0.001191
0.001309
0.001803
0.000108
0.000000
0.000000
0.000000
0.000661
0.000256
0.000441
0.001366
0.020467
0.004679
0.000000
0.000000
0.000000
0.001069
0.000229
0.000566
0.003121
0.022324
0.004685
0.000000
0.000000
0.000000
0.000832
0.001126
0.001191
0.001309
0.001803
0.000108
0.000000
0.000000
0.000000
0.000507
0.000992
0.002165
0.001972
0.001770
0.000052
0.000000
0.000000
0.000000
0.001069
0.000229
0.000566
0.003121
0.022324
0.004685
0.000000
0.000000
0.000000
0.000512
0.000121
0.000657
0.003119
0.018432
0.004281
0.000000
0.000000
0.000000
0.000507
0.000992
0.002165
0.001972
0.001770
0.000052
0.000000
0.000000
0.000000
0.000589
0.000859
0.002147
0.001781
0.002099
0.000113
0.000000
0.000000
0.000000
0.000512
0.000121
0.000657
0.003119
0.018432
0.004281
0.000000
0.000000
0.000000
0.001218
0.000028
0.001449
0.003417
0.012959
0.003029
0.000000
0.000000
0.000000
0.000589
0.000859
0.002147
0.001781
0.002099
0.000113
0.000000
0.000000
0.000000
0.000697
0.000648
0.001174
0.002920
0.001338
0.000062
0.000000
0.000000
0.000000
0.001218
0.000028
0.001449
0.003417
0.012959
0.003029
0.000000
0.000000
0.000000
0.001762
0.000257
0.000894
0.001726
0.010737
0.003410
0.000000
0.000000
0.000000
0.000697
0.000648
0.001174
0.002920
0.001338
0.000062
0.000000
0.000000
0.000000
0.000460
0.000946
0.001286
0.003262
0.003864
0.000334
0.000000
0.000000
0.000000
0.001762
0.000257
0.000894
0.001726
0.010737
0.003410
0.000000
0.000000
0.000000
0.001605
0.000935
0.000620
0.001158
0.008332
0.001840
0.000000
0.000000
0.000000
0.000460
0.000946
0.001286
0.003262
0.003864
0.000334
0.000000
0.000000
0.000000
0.001050
0.001059
0.002169
0.002456
0.001985
0.000065
0.000000
0.000000
0.000000
0.001605
0.000935
0.000620
0.001158
0.008332
0.001840
0.000000
0.000000
0.000000
0.001480
0.000601
0.001097
0.001937
0.006730
0.001620
0.000000
0.000000
0.000000
0.001050
0.001059
0.002169
0.002456
0.001985
0.000065
0.000000
0.000000
0.000000
0.000674
0.001729
0.001745
0.002619
0.002473
0.000334
0.000000
0.000000
0.000000
0.001480
0.000601
0.001097
0.001937
0.006730
0.001620
0.000000
0.000000
0.000000
0.000287
0.001137
0.002197
0.003210
0.011063
0.002111
0.000000
0.000000
0.000000
0.000674
0.001729
0.001745
0.002619
0.002473
0.000334
0.000000
0.000000
0.000000
0.000526
0.000197
0.000795
0.002410
0.003544
0.000093
0.000000
0.000000
0.000000
0.000287
0.001137
0.002197
0.003210
0.011063
0.002111
0.000000
0.000000
0.000000
0.000539
0.000128
0.000793
0.001604
0.011467
0.005153
0.000000
0.000000
0.000000
0.000526
0.000197
0.000795
0.002410
0.003544
0.000093
0.000000
0.000000
0.000000
0.000825
0.000658
0.000700
0.002530
0.002738
0.000137
0.000000
0.000000
0.000000
0.000539
0.000128
0.000793
0.001604
0.011467
0.005153
0.000000
0.000000
0.000000
0.000494
0.000636
0.002102
0.002156
0.017148
0.005675
0.000000
0.000000
0.000000
0.000825
0.000658
0.000700
0.002530
0.002738
0.000137
0.000000
0.000000
0.000000
0.001679
0.000699
0.001027
0.001194
0.001950
0.000355
0.000000
0.000000
0.000000
0.000494
0.000636
0.002102
0.002156
0.017148
0.005675
0.000000
0.000000
0.000000
0.001327
0.000718
0.001255
0.003634
0.013346
0.002503
0.000000
0.000000
0.000000
0.001679
0.000699
0.001027
0.001194
0.001950
0.000355
0.000000
0.000000
0.000000
0.000939
0.000867
0.001368
0.001636
0.001326
0.000126
0.000000
0.000000
0.000000
0.001327
0.000718
0.001255
0.003634
0.013346
0.002503
0.000000
0.000000
0.000000
0.000269
0.000815
0.004527
0.005534
0.008981
0.001994
0.000000
0.000000
0.000000
0.000661
0.000256
0.000441
0.001366
0.020467
0.004679
0.000000
0.000000
0.000000
0.001069
0.000229
0.000566
0.003121
0.022324
0.004685
0.000000
0.000000
0.000000
0.000663
0.000784
0.001680
0.001755
0.001715
0.000092
0.000000
0.000000
0.000000
0.000465
0.000371
0.001261
0.003366
0.001740
0.000171
0.000000
0.000000
0.000000
0.001069
0.000229
0.000566
0.003121
0.022324
0.004685
0.000000
0.000000
0.000000
0.000512
0.000121
0.000657
0.003119
0.018432
0.004281
0.000000
0.000000
0.000000
0.000465
0.000371
0.001261
0.003366
0.001740
0.000171
0.000000
0.000000
0.000000
0.000682
0.001008
0.001753
0.002632
0.001653
0.000031
0.000000
0.000000
0.000000
0.000512
0.000121
0.000657
0.003119
0.018432
0.004281
0.000000
0.000000
0.000000
0.001218
0.000028
0.001449
0.003417
0.012959
0.003029
0.000000
0.000000
0.000000
0.000682
0.001008
0.001753
0.002632
0.001653
0.000031
0.000000
0.000000
0.000000
0.000769
0.001719
0.001838
0.003811
0.001918
0.000055
0.000000
0.000000
0.000000
0.001218
0.000028
0.001449
0.003417
0.012959
0.003029
0.000000
0.000000
0.000000
0.001762
0.000257
0.000894
0.001726
0.010737
0.003410
0.000000
0.000000
0.000000
0.000769
0.001719
0.001838
0.003811
0.001918
0.000055
0.000000
0.000000
0.000000
0.000696
0.001296
0.002508
0.005515
0.004071
0.000618
0.000000
0.000000
0.000000
0.001762
0.000257
0.000894
0.001726
0.010737
0.003410
0.000000
0.000000
0.000000
0.001605
0.000935
0.000620
0.001158
0.008332
0.001840
0.000000
0.000000
0.000000
0.000696
0.001296
0.002508
0.005515
0.004071
0.000618
0.000000
0.000000
0.000000
0.002119
0.005601
0.004985
0.006794
0.005220
0.000502
0.000000
0.000000
0.000000
0.001605
0.000935
0.000620
0.001158
0.008332
0.001840
0.000000
0.000000
0.000000
0.001480
0.000601
0.001097
0.001937
0.006730
0.001620
0.000000
0.000000
0.000000
0.002119
0.005601
0.004985
0.006794
0.005220
0.000502
0.000000
0.000000
0.000000
0.001226
0.002578
0.004672
0.001241
0.001125
0.000080
0.000000
0.000000
0.000000
0.001480
0.000601
0.001097
0.001937
0.006730
0.001620
0.000000
0.000000
0.000000
0.000287
0.001137
0.002197
0.003210
0.011063
0.002111
0.000000
0.000000
0.000000
0.001226
0.002578
0.004672
0.001241
0.001125
0.000080
0.000000
0.000000
0.000000
0.000652
0.000958
0.000836
0.001420
0.000811
0.000004
0.000000
0.000000
0.000000
0.000287
0.001137
0.002197
0.003210
0.011063
0.002111
0.000000
0.000000
0.000000
0.000539
0.000128
0.000793
0.001604
0.011467
0.005153
0.000000
0.000000
0.000000
0.000652
0.000958
0.000836
0.001420
0.000811
0.000004
0.000000
0.000000
0.000000
0.000747
0.001501
0.001748
0.002016
0.001548
0.000113
0.000000
0.000000
0.000000
0.000539
0.000128
0.000793
0.001604
0.011467
0.005153
0.000000
0.000000
0.000000
0.000494
0.000636
0.002102
0.002156
0.017148
0.005675
0.000000
0.000000
0.000000
0.000747
0.001501
0.001748
0.002016
0.001548
0.000113
0.000000
0.000000
0.000000
0.000817
0.001672
0.001576
0.002208
0.001815
0.000163
0.000000
0.000000
0.000000
0.000494
0.000636
0.002102
0.002156
0.017148
0.005675
0.000000
0.000000
0.000000
0.001327
0.000718
0.001255
0.003634
0.013346
0.002503
0.000000
0.000000
0.000000
0.000817
0.001672
0.001576
0.002208
0.001815
0.000163
0.000000
0.000000
0.000000
0.001069
0.000817
0.001121
0.001471
0.001255
0.000058
0.000000
0.000000
0.000000
0.001327
0.000718
0.001255
0.003634
0.013346
0.002503
0.000000
0.000000
0.000000
0.000269
0.000815
0.004527
0.005534
0.008981
0.001994
0.000000
0.000000
0.000000
0.001069
0.000817
0.001121
0.001471
0.001255
0.000058
0.000000
0.000000
0.000000
0.000784
0.000968
0.001506
0.002221
0.001447
0.000041
0.000000
0.000000
0.000000
