0.000597
0.001021
0.000542
0.000625
0.000693
0.000004
0.000000
0.000000
0.000000
0.001360
0.000368
0.000257
0.000960
0.001868
0.000115
0.000000
0.000000
0.000000
0.001189
0.000679
0.000719
0.000673
0.000902
0.000088
0.000000
0.000000
0.000000
0.000785
0.000593
0.001315
0.002501
0.001250
0.000050
0.000000
0.000000
0.000000
0.001360
0.000368
0.000257
0.000960
0.001868
0.000115
0.000000
0.000000
0.000000
0.000620
0.001114
0.001520
0.001090
0.001266
0.000057
0.000000
0.000000
0.000000
0.000785
0.000593
0.001315
0.002501
0.001250
0.000050
0.000000
0.000000
0.000000
0.000285
0.000609
0.001571
0.002289
0.001278
0.000018
0.000000
0.000000
0.000000
0.000620
0.001114
0.001520
0.001090
0.001266
0.000057
0.000000
0.000000
0.000000
0.003195
0.000380
0.000215
0.000345
0.000562
0.000026
0.000000
0.000000
0.000000
0.000285
0.000609
0.001571
0.002289
0.001278
0.000018
0.000000
0.000000
0.000000
0.001631
0.000531
0.000633
0.001320
0.000784
0.000000
0.000000
0.000000
0.000000
0.003195
0.000380
0.000215
0.000345
0.000562
0.000026
0.000000
0.000000
0.000000
0.000514
0.000961
0.001452
0.001561
0.001177
0.000001
0.000000
0.000000
0.000000
0.001631
0.000531
0.000633
0.001320
0.000784
0.000000
0.000000
0.000000
0.000000
0.001339
0.000894
0.000765
0.001256
0.000548
0.000009
0.000000
0.000000
0.000000
0.000514
0.000961
0.001452
0.001561
0.001177
0.000001
0.000000
0.000000
0.000000
0.000540
0.001305
0.001214
0.001344
0.002378
0.000183
0.000000
0.000000
0.000000
0.001339
0.000894
0.000765
0.001256
0.000548
0.000009
0.000000
0.000000
0.000000
0.000555
0.001548
0.002052
0.002015
0.002007
0.000086
0.000000
0.000000
0.000000
0.000540
0.001305
0.001214
0.001344
0.002378
0.000183
0.000000
0.000000
0.000000
0.000632
0.000749
0.000906
0.001315
0.000826
0.000029
0.000000
0.000000
0.000000
0.000555
0.001548
0.002052
0.002015
0.002007
0.000086
0.000000
0.000000
0.000000
0.001598
0.000203
0.000312
0.000615
0.002863
0.000754
0.000000
0.000000
0.000000
0.000632
0.000749
0.000906
0.001315
0.000826
0.000029
0.000000
0.000000
0.000000
0.000885
0.000070
0.000391
0.000345
0.001409
0.000117
0.000000
0.000000
0.000000
0.001598
0.000203
0.000312
0.000615
0.002863
0.000754
0.000000
0.000000
0.000000
0.002163
0.001988
0.001005
0.000355
0.000185
0.000000
0.000000
0.000000
0.000000
0.000885
0.000070
0.000391
0.000345
0.001409
0.000117
0.000000
0.000000
0.000000
0.000697
0.000351
0.000464
0.001320
0.002258
0.000193
0.000000
0.000000
0.000000
0.002163
0.001988
0.001005
0.000355
0.000185
0.000000
0.000000
0.000000
0.000000
0.000385
0.000850
0.002847
0.008466
0.006972
0.000401
0.000000
0.000000
0.000000
0.000697
0.000351
0.000464
0.001320
0.002258
0.000193
0.000000
0.000000
0.000000
0.001583
0.000118
0.000164
0.000395
0.000130
0.000000
0.000000
0.000000
0.000000
0.000385
0.000850
0.002847
0.008466
0.006972
0.000401
0.000000
0.000000
0.000000
0.001462
0.000381
0.001131
0.003559
0.019338
0.005000
0.000000
0.000000
0.000000
0.001583
0.000118
0.000164
0.000395
0.000130
0.000000
0.000000
0.000000
0.000000
0.002331
0.000002
0.000257
0.000248
0.000230
0.000001
0.000000
0.000000
0.000000
0.001462
0.000381
0.001131
0.003559
0.019338
0.005000
0.000000
0.000000
0.000000
0.000989
0.000717
0.002051
0.003898
0.001141
0.000087
0.000000
0.000000
0.000000
0.002331
0.000002
0.000257
0.000248
0.000230
0.000001
0.000000
0.000000
0.000000
0.000249
0.000051
0.000881
0.001917
0.001085
0.000037
0.000000
0.000000
0.000000
0.000989
0.000717
0.002051
0.003898
0.001141
0.000087
0.000000
0.000000
0.000000
0.000806
0.000889
0.000749
0.000407
0.000263
0.000014
0.000000
0.000000
0.000000
0.001189
0.000679
0.000719
0.000673
0.000902
0.000088
0.000000
0.000000
0.000000
0.000785
0.000593
0.001315
0.002501
0.001250
0.000050
0.000000
0.000000
0.000000
0.000731
0.000600
0.000473
0.000611
0.001007
0.000031
0.000000
0.000000
0.000000
0.000231
0.000616
0.001391
0.001240
0.001546
0.000052
0.000000
0.000000
0.000000
0.000785
0.000593
0.001315
0.002501
0.001250
0.000050
0.000000
0.000000
0.000000
0.000285
0.000609
0.001571
0.002289
0.001278
0.000018
0.000000
0.000000
0.000000
0.000231
0.000616
0.001391
0.001240
0.001546
0.000052
0.000000
0.000000
0.000000
0.001494
0.000192
0.000323
0.000860
0.000715
0.000017
0.000000
0.000000
0.000000
0.000285
0.000609
0.001571
0.002289
0.001278
0.000018
0.000000
0.000000
0.000000
0.001631
0.000531
0.000633
0.001320
0.000784
0.000000
0.000000
0.000000
0.000000
0.001494
0.000192
0.000323
0.000860
0.000715
0.000017
0.000000
0.000000
0.000000
0.000845
0.000617
0.000382
0.000489
0.000756
0.000010
0.000000
0.000000
0.000000
0.001631
0.000531
0.000633
0.001320
0.000784
0.000000
0.000000
0.000000
0.000000
0.001339
0.000894
0.000765
0.001256
0.000548
0.000009
0.000000
0.000000
0.000000
0.000845
0.000617
0.000382
0.000489
0.000756
0.000010
0.000000
0.000000
0.000000
0.000723
0.000272
0.000825
0.000527
0.000191
0.000000
0.000000
0.000000
0.000000
0.001339
0.000894
0.000765
0.001256
0.000548
0.000009
0.000000
0.000000
0.000000
0.000555
0.001548
0.002052
0.002015
0.002007
0.000086
0.000000
0.000000
0.000000
0.000723
0.000272
0.000825
0.000527
0.000191
0.000000
0.000000
0.000000
0.000000
0.001271
0.000259
0.000676
0.000781
0.001220
0.000073
0.000000
0.000000
0.000000
0.000555
0.001548
0.002052
0.002015
0.002007
0.000086
0.000000
0.000000
0.000000
0.001598
0.000203
0.000312
0.000615
0.002863
0.000754
0.000000
0.000000
0.000000
0.001271
0.000259
0.000676
0.000781
0.001220
0.000073
0.000000
0.000000
0.000000
0.001127
0.001019
0.004859
0.004367
0.001474
0.000112
0.000000
0.000000
0.000000
0.001598
0.000203
0.000312
0.000615
0.002863
0.000754
0.000000
0.000000
0.000000
0.002163
0.001988
0.001005
0.000355
0.000185
0.000000
0.000000
0.000000
0.000000
0.001127
0.001019
0.004859
0.004367
0.001474
0.000112
0.000000
0.000000
0.000000
0.001529
0.003087
0.010611
0.013335
0.016358
0.000589
0.000000
0.000000
0.000000
0.002163
0.001988
0.001005
0.000355
0.000185
0.000000
0.000000
0.000000
0.000000
0.000385
0.000850
0.002847
0.008466
0.006972
0.000401
0.000000
0.000000
0.000000
0.001529
0.003087
0.010611
0.013335
0.016358
0.000589
0.000000
0.000000
0.000000
0.005413
0.018029
0.029497
0.018212
0.011060
0.001930
0.000000
0.000000
0.000000
0.000385
0.000850
0.002847
0.008466
0.006972
0.000401
0.000000
0.000000
0.000000
0.001462
0.000381
0.001131
0.003559
0.019338
0.005000
0.000000
0.000000
0.000000
0.005413
0.018029
0.029497
0.018212
0.011060
0.001930
0.000000
0.000000
0.000000
0.008268
0.009175
0.010770
0.012489
0.012043
0.000968
0.000000
0.000000
0.000000
0.001462
0.000381
0.001131
0.003559
0.019338
0.005000
0.000000
0.000000
0.000000
0.000989
0.000717
0.002051
0.003898
0.001141
0.000087
0.000000
0.000000
0.000000
0.008268
0.009175
0.010770
0.012489
0.012043
0.000968
0.000000
0.000000
0.000000
0.001286
0.001228
0.008100
0.026300
0.019318
0.000166
0.000000
0.000000
0.000000
0.000989
0.000717
0.002051
0.003898
0.001141
0.000087
0.000000
0.000000
0.000000
0.000806
0.000889
0.000749
0.000407
0.000263
0.000014
0.000000
0.000000
0.000000
0.001286
0.001228
0.008100
0.026300
0.019318
0.000166
0.000000
0.000000
0.000000
0.000867
0.003441
0.007859
0.018380
0.023913
0.001408
0.000000
0.000000
0.000000
0.000731
0.000600
0.000473
0.000611
0.001007
0.000031
0.000000
0.000000
0.000000
0.000231
0.000616
0.001391
0.001240
0.001546
0.000052
0.000000
0.000000
0.000000
0.000472
0.000137
0.000711
0.000663
0.000642
0.000001
0.000000
0.000000
0.000000
0.000590
0.000098
0.000568
0.001063
0.000337
0.000000
0.000000
0.000000
0.000000
0.000231
0.000616
0.001391
0.001240
0.001546
0.000052
0.000000
0.000000
0.000000
0.001494
0.000192
0.000323
0.000860
0.000715
0.000017
0.000000
0.000000
0.000000
0.000590
0.000098
0.000568
0.001063
0.000337
0.000000
0.000000
0.000000
0.000000
0.000497
0.000515
0.000950
0.001084
0.000615
0.000000
0.000000
0.000000
0.000000
0.001494
0.000192
0.000323
0.000860
0.000715
0.000017
0.000000
0.000000
0.000000
0.000845
0.000617
0.000382
0.000489
0.000756
0.000010
0.000000
0.000000
0.000000
0.000497
0.000515
0.000950
0.001084
0.000615
0.000000
0.000000
0.000000
0.000000
0.000736
0.003098
0.018839
0.011756
0.000948
0.000068
0.000000
0.000000
0.000000
0.000845
0.000617
0.000382
0.000489
0.000756
0.000010
0.000000
0.000000
0.000000
0.000723
0.000272
0.000825
0.000527
0.000191
0.000000
0.000000
0.000000
0.000000
0.000736
0.003098
0.018839
0.011756
0.000948
0.000068
0.000000
0.000000
0.000000
0.002211
0.005132
0.013605
0.023485
0.013366
0.001788
0.000000
0.000000
0.000000
0.000723
0.000272
0.000825
0.000527
0.000191
0.000000
0.000000
0.000000
0.000000
0.001271
0.000259
0.000676
0.000781
0.001220
0.000073
0.000000
0.000000
0.000000
0.002211
0.005132
0.013605
0.023485
0.013366
0.001788
0.000000
0.000000
0.000000
0.000670
0.000774
0.002133
0.017850
0.027845
0.001608
0.000000
0.000000
0.000000
0.001271
0.000259
0.000676
0.000781
0.001220
0.000073
0.000000
0.000000
0.000000
0.001127
0.001019
0.004859
0.004367
0.001474
0.000112
0.000000
0.000000
0.000000
0.000670
0.000774
0.002133
0.017850
0.027845
0.001608
0.000000
0.000000
0.000000
0.005941
0.010807
0.020530
0.024082
0.009161
0.000131
0.000000
0.000000
0.000000
0.001127
0.001019
0.004859
0.004367
0.001474
0.000112
0.000000
0.000000
0.000000
0.001529
0.003087
0.010611
0.013335
0.016358
0.000589
0.000000
0.000000
0.000000
0.005941
0.010807
0.020530
0.024082
0.009161
0.000131
0.000000
0.000000
0.000000
0.005839
0.013485
0.009886
0.008278
0.003309
0.000196
0.000000
0.000000
0.000000
0.001529
0.003087
0.010611
0.013335
0.016358
0.000589
0.000000
0.000000
0.000000
0.005413
0.018029
0.029497
0.018212
0.011060
0.001930
0.000000
0.000000
0.000000
0.005839
0.013485
0.009886
0.008278
0.003309
0.000196
0.000000
0.000000
0.000000
0.001101
0.004611
0.005649
0.006941
0.008774
0.001109
0.000000
0.000000
0.000000
0.005413
0.018029
0.029497
0.018212
0.011060
0.001930
0.000000
0.000000
0.000000
0.008268
0.009175
0.010770
0.012489
0.012043
0.000968
0.000000
0.000000
0.000000
0.001101
0.004611
0.005649
0.006941
0.008774
0.001109
0.000000
0.000000
0.000000
0.001906
0.004737
0.004265
0.005418
0.003591
0.000209
0.000000
0.000000
0.000000
0.008268
0.009175
0.010770
0.012489
0.012043
0.000968
0.000000
0.000000
0.000000
0.001286
0.001228
0.008100
0.026300
0.019318
0.000166
0.000000
0.000000
0.000000
0.001906
0.004737
0.004265
0.005418
0.003591
0.000209
0.000000
0.000000
0.000000
0.001743
0.004587
0.004642
0.006334
0.004548
0.000546
0.000000
0.000000
0.000000
0.001286
0.001228
0.008100
0.026300
0.019318
0.000166
0.000000
0.000000
0.000000
0.000867
0.003441
0.007859
0.018380
0.023913
0.001408
0.000000
0.000000
0.000000
0.001743
0.004587
0.004642
0.006334
0.004548
0.000546
0.000000
0.000000
0.000000
0.005288
0.015194
0.007953
0.009031
0.001873
0.000179
0.000000
0.000000
0.000000
0.000472
0.000137
0.000711
0.000663
0.000642
0.000001
0.000000
0.000000
0.000000
0.000590
0.000098
0.000568
0.001063
0.000337
0.000000
0.000000
0.000000
0.000000
0.001081
0.001064
0.002587
0.003812
0.001163
0.000032
0.000000
0.000000
0.000000
0.001052
0.001112
0.001331
0.021484
0.026832
0.003614
0.000000
0.000000
0.000000
0.000590
0.000098
0.000568
0.001063
0.000337
0.000000
0.000000
0.000000
0.000000
0.000497
0.000515
0.000950
0.001084
0.000615
0.000000
0.000000
0.000000
0.000000
0.001052
0.001112
0.001331
0.021484
0.026832
0.003614
0.000000
0.000000
0.000000
0.001929
0.002188
0.012976
0.016448
0.013397
0.001257
0.000000
0.000000
0.000000
0.000497
0.000515
0.000950
0.001084
0.000615
0.000000
0.000000
0.000000
0.000000
0.000736
0.003098
0.018839
0.011756
0.000948
0.000068
0.000000
0.000000
0.000000
0.001929
0.002188
0.012976
0.016448
0.013397
0.001257
0.000000
0.000000
0.000000
0.004593
0.012245
0.025360
0.026263
0.009760
0.001169
0.000000
0.000000
0.000000
0.000736
0.003098
0.018839
0.011756
0.000948
0.000068
0.000000
0.000000
0.000000
0.002211
0.005132
0.013605
0.023485
0.013366
0.001788
0.000000
0.000000
0.000000
0.004593
0.012245
0.025360
0.026263
0.009760
0.001169
0.000000
0.000000
0.000000
0.008388
0.017439
0.027669
0.016537
0.010329
0.001241
0.000000
0.000000
0.000000
0.002211
0.005132
0.013605
0.023485
0.013366
0.001788
0.000000
0.000000
0.000000
0.000670
0.000774
0.002133
0.017850
0.027845
0.001608
0.000000
0.000000
0.000000
0.008388
0.017439
0.027669
0.016537
0.010329
0.001241
0.000000
0.000000
0.000000
0.008596
0.013080
0.021462
0.022598
0.010228
0.000829
0.000000
0.000000
0.000000
0.000670
0.000774
0.002133
0.017850
0.027845
0.001608
0.000000
0.000000
0.000000
0.005941
0.010807
0.020530
0.024082
0.009161
0.000131
0.000000
0.000000
0.000000
0.008596
0.013080
0.021462
0.022598
0.010228
0.000829
0.000000
0.000000
0.000000
0.007596
0.018049
0.012313
0.007641
0.004961
0.000526
0.000000
0.000000
0.000000
0.005941
0.010807
0.020530
0.024082
0.009161
0.000131
0.000000
0.000000
0.000000
0.005839
0.013485
0.009886
0.008278
0.003309
0.000196
0.000000
0.000000
0.000000
0.007596
0.018049
0.012313
0.007641
0.004961
0.000526
0.000000
0.000000
0.000000
0.003906
0.009366
0.009173
0.007096
0.006297
0.000847
0.000000
0.000000
0.000000
0.005839
0.013485
0.009886
0.008278
0.003309
0.000196
0.000000
0.000000
0.000000
0.001101
0.004611
0.005649
0.006941
0.008774
0.001109
0.000000
0.000000
0.000000
0.003906
0.009366
0.009173
0.007096
0.006297
0.000847
0.000000
0.000000
0.000000
0.001024
0.001714
0.002428
0.002896
0.002495
0.000362
0.000000
0.000000
0.000000
0.001101
0.004611
0.005649
0.006941
0.008774
0.001109
0.000000
0.000000
0.000000
0.001906
0.004737
0.004265
0.005418
0.003591
0.000209
0.000000
0.000000
0.000000
0.001024
0.001714
0.002428
0.002896
0.002495
0.000362
0.000000
0.000000
0.000000
0.001859
0.001328
0.001851
0.002224
0.002511
0.000143
0.000000
0.000000
0.000000
0.001906
0.004737
0.004265
0.005418
0.003591
0.000209
0.000000
0.000000
0.000000
0.001743
0.004587
0.004642
0.006334
0.004548
0.000546
0.000000
0.000000
0.000000
0.001859
0.001328
0.001851
0.002224
0.002511
0.000143
0.000000
0.000000
0.000000
0.003431
0.007376
0.006444
0.008490
0.008742
0.000932
0.000000
0.000000
0.000000
0.001743
0.004587
0.004642
0.006334
0.004548
0.000546
0.000000
0.000000
0.000000
0.005288
0.015194
0.007953
0.009031
0.001873
0.000179
0.000000
0.000000
0.000000
0.003431
0.007376
0.006444
0.008490
0.008742
0.000932
0.000000
0.000000
0.000000
0.003892
0.005776
0.007788
0.007365
0.006689
0.000217
0.000000
0.000000
0.000000
0.001081
0.001064
0.002587
0.003812
0.001163
0.000032
0.000000
0.000000
0.000000
0.001052
0.001112
0.001331
0.021484
0.026832
0.003614
0.000000
0.000000
0.000000
0.002620
0.009294
0.027730
0.036085
0.010101
0.000170
0.000000
0.000000
0.000000
0.004542
0.011567
0.009414
0.023973
0.027977
0.002801
0.000000
0.000000
0.000000
0.001052
0.001112
0.001331
0.021484
0.026832
0.003614
0.000000
0.000000
0.000000
0.001929
0.002188
0.012976
0.016448
0.013397
0.001257
0.000000
0.000000
0.000000
0.004542
0.011567
0.009414
0.023973
0.027977
0.002801
0.000000
0.000000
0.000000
0.003068
0.005144
0.006377
0.009425
0.006505
0.000705
0.000000
0.000000
0.000000
0.001929
0.002188
0.012976
0.016448
0.013397
0.001257
0.000000
0.000000
0.000000
0.004593
0.012245
0.025360
0.026263
0.009760
0.001169
0.000000
0.000000
0.000000
0.003068
0.005144
0.006377
0.009425
0.006505
0.000705
0.000000
0.000000
0.000000
0.002867
0.007589
0.010081
0.008845
0.010592
0.001550
0.000000
0.000000
0.000000
0.004593
0.012245
0.025360
0.026263
0.009760
0.001169
0.000000
0.000000
0.000000
0.008388
0.017439
0.027669
0.016537
0.010329
0.001241
0.000000
0.000000
0.000000
0.002867
0.007589
0.010081
0.008845
0.010592
0.001550
0.000000
0.000000
0.000000
0.004711
0.017700
0.033551
0.023174
0.008698
0.000202
0.000000
0.000000
0.000000
0.008388
0.017439
0.027669
0.016537
0.010329
0.001241
0.000000
0.000000
0.000000
0.008596
0.013080
0.021462
0.022598
0.010228
0.000829
0.000000
0.000000
0.000000
0.004711
0.017700
0.033551
0.023174
0.008698
0.000202
0.000000
0.000000
0.000000
0.001454
0.010410
0.042350
0.038260
0.014764
0.001515
0.000000
0.000000
0.000000
0.008596
0.013080
0.021462
0.022598
0.010228
0.000829
0.000000
0.000000
0.000000
0.007596
0.018049
0.012313
0.007641
0.004961
0.000526
0.000000
0.000000
0.000000
0.001454
0.010410
0.042350
0.038260
0.014764
0.001515
0.000000
0.000000
0.000000
0.008110
0.018780
0.024800
0.012731
0.009955
0.001648
0.000000
0.000000
0.000000
0.007596
0.018049
0.012313
0.007641
0.004961
0.000526
0.000000
0.000000
0.000000
0.003906
0.009366
0.009173
0.007096
0.006297
0.000847
0.000000
0.000000
0.000000
0.008110
0.018780
0.024800
0.012731
0.009955
0.001648
0.000000
0.000000
0.000000
0.002109
0.004437
0.013080
0.016571
0.007429
0.001173
0.000000
0.000000
0.000000
0.003906
0.009366
0.009173
0.007096
0.006297
0.000847
0.000000
0.000000
0.000000
0.001024
0.001714
0.002428
0.002896
0.002495
0.000362
0.000000
0.000000
0.000000
0.002109
0.004437
0.013080
0.016571
0.007429
0.001173
0.000000
0.000000
0.000000
0.001779
0.002274
0.002905
0.002424
0.001189
0.000023
0.000000
0.000000
0.000000
0.001024
0.001714
0.002428
0.002896
0.002495
0.000362
0.000000
0.000000
0.000000
0.001859
0.001328
0.001851
0.002224
0.002511
0.000143
0.000000
0.000000
0.000000
0.001779
0.002274
0.002905
0.002424
0.001189
0.000023
0.000000
0.000000
0.000000
0.004376
0.005013
0.009818
0.012588
0.009993
0.001093
0.000000
0.000000
0.000000
0.001859
0.001328
0.001851
0.002224
0.002511
0.000143
0.000000
0.000000
0.000000
0.003431
0.007376
0.006444
0.008490
0.008742
0.000932
0.000000
0.000000
0.000000
0.004376
0.005013
0.009818
0.012588
0.009993
0.001093
0.000000
0.000000
0.000000
0.002885
0.014515
0.016957
0.011186
0.006105
0.001356
0.000000
0.000000
0.000000
0.003431
0.007376
0.006444
0.008490
0.008742
0.000932
0.000000
0.000000
0.000000
0.003892
0.005776
0.007788
0.007365
0.006689
0.000217
0.000000
0.000000
0.000000
0.002885
0.014515
0.016957
0.011186
0.006105
0.001356
0.000000
0.000000
0.000000
0.001806
0.006706
0.008722
0.006210
0.004650
0.000356
0.000000
0.000000
0.000000
0.002620
0.009294
0.027730
0.036085
0.010101
0.000170
0.000000
0.000000
0.000000
0.004542
0.011567
0.009414
0.023973
0.027977
0.002801
0.000000
0.000000
0.000000
0.004961
0.006426
0.008706
0.011856
0.025665
0.007551
0.000000
0.000000
0.000000
0.003613
0.007148
0.030151
0.033634
0.010180
0.001864
0.000000
0.000000
0.000000
0.004542
0.011567
0.009414
0.023973
0.027977
0.002801
0.000000
0.000000
0.000000
0.003068
0.005144
0.006377
0.009425
0.006505
0.000705
0.000000
0.000000
0.000000
0.003613
0.007148
0.030151
0.033634
0.010180
0.001864
0.000000
0.000000
0.000000
0.002244
0.006128
0.009394
0.010083
0.007699
0.000457
0.000000
0.000000
0.000000
0.003068
0.005144
0.006377
0.009425
0.006505
0.000705
0.000000
0.000000
0.000000
0.002867
0.007589
0.010081
0.008845
0.010592
0.001550
0.000000
0.000000
0.000000
0.002244
0.006128
0.009394
0.010083
0.007699
0.000457
0.000000
0.000000
0.000000
0.002342
0.004304
0.006686
0.007496
0.006218
0.000727
0.000000
0.000000
0.000000
0.002867
0.007589
0.010081
0.008845
0.010592
0.001550
0.000000
0.000000
0.000000
0.004711
0.017700
0.033551
0.023174
0.008698
0.000202
0.000000
0.000000
0.000000
0.002342
0.004304
0.006686
0.007496
0.006218
0.000727
0.000000
0.000000
0.000000
0.007064
0.015934
0.010982
0.007436
0.002725
0.000186
0.000000
0.000000
0.000000
0.004711
0.017700
0.033551
0.023174
0.008698
0.000202
0.000000
0.000000
0.000000
0.001454
0.010410
0.042350
0.038260
0.014764
0.001515
0.000000
0.000000
0.000000
0.007064
0.015934
0.010982
0.007436
0.002725
0.000186
0.000000
0.000000
0.000000
0.003560
0.010011
0.034213
0.026591
0.003362
0.000000
0.000000
0.000000
0.000000
0.001454
0.010410
0.042350
0.038260
0.014764
0.001515
0.000000
0.000000
0.000000
0.008110
0.018780
0.024800
0.012731
0.009955
0.001648
0.000000
0.000000
0.000000
0.003560
0.010011
0.034213
0.026591
0.003362
0.000000
0.000000
0.000000
0.000000
0.004257
0.040667
0.027131
0.027099
0.014996
0.001628
0.000000
0.000000
0.000000
0.008110
0.018780
0.024800
0.012731
0.009955
0.001648
0.000000
0.000000
0.000000
0.002109
0.004437
0.013080
0.016571
0.007429
0.001173
0.000000
0.000000
0.000000
0.004257
0.040667
0.027131
0.027099
0.014996
0.001628
0.000000
0.000000
0.000000
0.004956
0.007804
0.009504
0.008931
0.010091
0.001242
0.000000
0.000000
0.000000
0.002109
0.004437
0.013080
0.016571
0.007429
0.001173
0.000000
0.000000
0.000000
0.001779
0.002274
0.002905
0.002424
0.001189
0.000023
0.000000
0.000000
0.000000
0.004956
0.007804
0.009504
0.008931
0.010091
0.001242
0.000000
0.000000
0.000000
0.001270
0.002434
0.002802
0.004405
0.004083
0.000206
0.000000
0.000000
0.000000
0.001779
0.002274
0.002905
0.002424
0.001189
0.000023
0.000000
0.000000
0.000000
0.004376
0.005013
0.009818
0.012588
0.009993
0.001093
0.000000
0.000000
0.000000
0.001270
0.002434
0.002802
0.004405
0.004083
0.000206
0.000000
0.000000
0.000000
0.001449
0.004587
0.013740
0.017460
0.014142
0.002925
0.000000
0.000000
0.000000
0.004376
0.005013
0.009818
0.012588
0.009993
0.001093
0.000000
0.000000
0.000000
0.002885
0.014515
0.016957
0.011186
0.006105
0.001356
0.000000
0.000000
0.000000
0.001449
0.004587
0.013740
0.017460
0.014142
0.002925
0.000000
0.000000
0.000000
0.004481
0.007833
0.008410
0.013940
0.010200
0.001352
0.000000
0.000000
0.000000
0.002885
0.014515
0.016957
0.011186
0.006105
0.001356
0.000000
0.000000
0.000000
0.001806
0.006706
0.008722
0.006210
0.004650
0.000356
0.000000
0.000000
0.000000
0.004481
0.007833
0.008410
0.013940
0.010200
0.001352
0.000000
0.000000
0.000000
0.001378
0.004030
0.008639
0.011706
0.013796
0.001975
0.000000
0.000000
0.000000
0.004961
0.006426
0.008706
0.011856
0.025665
0.007551
0.000000
0.000000
0.000000
0.003613
0.007148
0.030151
0.033634
0.010180
0.001864
0.000000
0.000000
0.000000
0.001968
0.006252
0.022289
0.019486
0.014128
0.001602
0.000000
0.000000
0.000000
0.002623
0.012394
0.024031
0.016206
0.009946
0.001174
0.000000
0.000000
0.000000
0.003613
0.007148
0.030151
0.033634
0.010180
0.001864
0.000000
0.000000
0.000000
0.002244
0.006128
0.009394
0.010083
0.007699
0.000457
0.000000
0.000000
0.000000
0.002623
0.012394
0.024031
0.016206
0.009946
0.001174
0.000000
0.000000
0.000000
0.001783
0.003716
0.003828
0.001711
0.000470
0.000002
0.000000
0.000000
0.000000
0.002244
0.006128
0.009394
0.010083
0.007699
0.000457
0.000000
0.000000
0.000000
0.002342
0.004304
0.006686
0.007496
0.006218
0.000727
0.000000
0.000000
0.000000
0.001783
0.003716
0.003828
0.001711
0.000470
0.000002
0.000000
0.000000
0.000000
0.002132
0.002822
0.001196
0.001835
0.001524
0.000053
0.000000
0.000000
0.000000
0.002342
0.004304
0.006686
0.007496
0.006218
0.000727
0.000000
0.000000
0.000000
0.007064
0.015934
0.010982
0.007436
0.002725
0.000186
0.000000
0.000000
0.000000
0.002132
0.002822
0.001196
0.001835
0.001524
0.000053
0.000000
0.000000
0.000000
0.002560
0.003565
0.007731
0.004247
0.002813
0.000097
0.000000
0.000000
0.000000
0.007064
0.015934
0.010982
0.007436
0.002725
0.000186
0.000000
0.000000
0.000000
0.003560
0.010011
0.034213
0.026591
0.003362
0.000000
0.000000
0.000000
0.000000
0.002560
0.003565
0.007731
0.004247
0.002813
0.000097
0.000000
0.000000
0.000000
0.004474
0.004192
0.003172
0.002254
0.000868
0.000002
0.000000
0.000000
0.000000
0.003560
0.010011
0.034213
0.026591
0.003362
0.000000
0.000000
0.000000
0.000000
0.004257
0.040667
0.027131
0.027099
0.014996
0.001628
0.000000
0.000000
0.000000
0.004474
0.004192
0.003172
0.002254
0.000868
0.000002
0.000000
0.000000
0.000000
0.001351
0.002217
0.003308
0.004633
0.003561
0.000100
0.000000
0.000000
0.000000
0.004257
0.040667
0.027131
0.027099
0.014996
0.001628
0.000000
0.000000
0.000000
0.004956
0.007804
0.009504
0.008931
0.010091
0.001242
0.000000
0.000000
0.000000
0.001351
0.002217
0.003308
0.004633
0.003561
0.000100
0.000000
0.000000
0.000000
0.001099
0.001004
0.002887
0.004592
0.003732
0.000409
0.000000
0.000000
0.000000
0.004956
0.007804
0.009504
0.008931
0.010091
0.001242
0.000000
0.000000
0.000000
0.001270
0.002434
0.002802
0.004405
0.004083
0.000206
0.000000
0.000000
0.000000
0.001099
0.001004
0.002887
0.004592
0.003732
0.000409
0.000000
0.000000
0.000000
0.001502
0.004286
0.016377
0.026834
0.008748
0.000836
0.000000
0.000000
0.000000
0.001270
0.002434
0.002802
0.004405
0.004083
0.000206
0.000000
0.000000
0.000000
0.001449
0.004587
0.013740
0.017460
0.014142
0.002925
0.000000
0.000000
0.000000
0.001502
0.004286
0.016377
0.026834
0.008748
0.000836
0.000000
0.000000
0.000000
0.000472
0.002389
0.008216
0.030839
0.026928
0.001780
0.000000
0.000000
0.000000
0.001449
0.004587
0.013740
0.017460
0.014142
0.002925
0.000000
0.000000
0.000000
0.004481
0.007833
0.008410
0.013940
0.010200
0.001352
0.000000
0.000000
0.000000
0.000472
0.002389
0.008216
0.030839
0.026928
0.001780
0.000000
0.000000
0.000000
0.002036
0.002464
0.006877
0.013425
0.009045
0.000151
0.000000
0.000000
0.000000
0.004481
0.007833
0.008410
0.013940
0.010200
0.001352
0.000000
0.000000
0.000000
0.001378
0.004030
0.008639
0.011706
0.013796
0.001975
0.000000
0.000000
0.000000
0.002036
0.002464
0.006877
0.013425
0.009045
0.000151
0.000000
0.000000
0.000000
0.001432
0.001915
0.002125
0.003673
0.003252
0.000146
0.000000
0.000000
0.000000
0.001968
0.006252
0.022289
0.019486
0.014128
0.001602
0.000000
0.000000
0.000000
0.002623
0.012394
0.024031
0.016206
0.009946
0.001174
0.000000
0.000000
0.000000
0.003401
0.006109
0.003009
0.003677
0.002691
0.000000
0.000000
0.000000
0.000000
0.002899
0.005541
0.006731
0.009910
0.006876
0.000743
0.000000
0.000000
0.000000
0.002623
0.012394
0.024031
0.016206
0.009946
0.001174
0.000000
0.000000
0.000000
0.001783
0.003716
0.003828
0.001711
0.000470
0.000002
0.000000
0.000000
0.000000
0.002899
0.005541
0.006731
0.009910
0.006876
0.000743
0.000000
0.000000
0.000000
0.000934
0.003753
0.004921
0.004346
0.002041
0.000150
0.000000
0.000000
0.000000
0.001783
0.003716
0.003828
0.001711
0.000470
0.000002
0.000000
0.000000
0.000000
0.002132
0.002822
0.001196
0.001835
0.001524
0.000053
0.000000
0.000000
0.000000
0.000934
0.003753
0.004921
0.004346
0.002041
0.000150
0.000000
0.000000
0.000000
0.002125
0.003842
0.005449
0.002796
0.002144
0.000142
0.000000
0.000000
0.000000
0.002132
0.002822
0.001196
0.001835
0.001524
0.000053
0.000000
0.000000
0.000000
0.002560
0.003565
0.007731
0.004247
0.002813
0.000097
0.000000
0.000000
0.000000
0.002125
0.003842
0.005449
0.002796
0.002144
0.000142
0.000000
0.000000
0.000000
0.002029
0.005710
0.006862
0.003496
0.001330
0.000229
0.000000
0.000000
0.000000
0.002560
0.003565
0.007731
0.004247
0.002813
0.000097
0.000000
0.000000
0.000000
0.004474
0.004192
0.003172
0.002254
0.000868
0.000002
0.000000
0.000000
0.000000
0.002029
0.005710
0.006862
0.003496
0.001330
0.000229
0.000000
0.000000
0.000000
0.001124
0.003493
0.003207
0.002327
0.001846
0.000192
0.000000
0.000000
0.000000
0.004474
0.004192
0.003172
0.002254
0.000868
0.000002
0.000000
0.000000
0.000000
0.001351
0.002217
0.003308
0.004633
0.003561
0.000100
0.000000
0.000000
0.000000
0.001124
0.003493
0.003207
0.002327
0.001846
0.000192
0.000000
0.000000
0.000000
0.001910
0.005095
0.007215
0.005327
0.003426
0.000519
0.000000
0.000000
0.000000
0.001351
0.002217
0.003308
0.004633
0.003561
0.000100
0.000000
0.000000
0.000000
0.001099
0.001004
0.002887
0.004592
0.003732
0.000409
0.000000
0.000000
0.000000
0.001910
0.005095
0.007215
0.005327
0.003426
0.000519
0.000000
0.000000
0.000000
0.001255
0.001413
0.000639
0.001518
0.003358
0.000375
0.000000
0.000000
0.000000
0.001099
0.001004
0.002887
0.004592
0.003732
0.000409
0.000000
0.000000
0.000000
0.001502
0.004286
0.016377
0.026834
0.008748
0.000836
0.000000
0.000000
0.000000
0.001255
0.001413
0.000639
0.001518
0.003358
0.000375
0.000000
0.000000
0.000000
0.000768
0.002358
0.002846
0.002919
0.003362
0.000439
0.000000
0.000000
0.000000
0.001502
0.004286
0.016377
0.026834
0.008748
0.000836
0.000000
0.000000
0.000000
0.000472
0.002389
0.008216
0.030839
0.026928
0.001780
0.000000
0.000000
0.000000
0.000768
0.002358
0.002846
0.002919
0.003362
0.000439
0.000000
0.000000
0.000000
0.001069
0.000834
0.001505
0.004174
0.007084
0.000356
0.000000
0.000000
0.000000
0.000472
0.002389
0.008216
0.030839
0.026928
0.001780
0.000000
0.000000
0.000000
0.002036
0.002464
0.006877
0.013425
0.009045
0.000151
0.000000
0.000000
0.000000
0.001069
0.000834
0.001505
0.004174
0.007084
0.000356
0.000000
0.000000
0.000000
0.001240
0.002471
0.004348
0.012067
0.018436
0.002402
0.000000
0.000000
0.000000
0.002036
0.002464
0.006877
0.013425
0.009045
0.000151
0.000000
0.000000
0.000000
0.001432
0.001915
0.002125
0.003673
0.003252
0.000146
0.000000
0.000000
0.000000
0.001240
0.002471
0.004348
0.012067
0.018436
0.002402
0.000000
0.000000
0.000000
0.002170
0.002139
0.004184
0.015748
0.009738
0.001053
0.000000
0.000000
0.000000
0.003401
0.006109
0.003009
0.003677
0.002691
0.000000
0.000000
0.000000
0.000000
0.002899
0.005541
0.006731
0.009910
0.006876
0.000743
0.000000
0.000000
0.000000
0.006432
0.005887
0.003142
0.002615
0.002613
0.000059
0.000000
0.000000
0.000000
0.002176
0.003775
0.006515
0.005261
0.001879
0.000079
0.000000
0.000000
0.000000
0.002899
0.005541
0.006731
0.009910
0.006876
0.000743
0.000000
0.000000
0.000000
0.000934
0.003753
0.004921
0.004346
0.002041
0.000150
0.000000
0.000000
0.000000
0.002176
0.003775
0.006515
0.005261
0.001879
0.000079
0.000000
0.000000
0.000000
0.002013
0.002039
0.001832
0.004632
0.005948
0.000536
0.000000
0.000000
0.000000
0.000934
0.003753
0.004921
0.004346
0.002041
0.000150
0.000000
0.000000
0.000000
0.002125
0.003842
0.005449
0.002796
0.002144
0.000142
0.000000
0.000000
0.000000
0.002013
0.002039
0.001832
0.004632
0.005948
0.000536
0.000000
0.000000
0.000000
0.001850
0.003900
0.004302
0.004608
0.001826
0.000129
0.000000
0.000000
0.000000
0.002125
0.003842
0.005449
0.002796
0.002144
0.000142
0.000000
0.000000
0.000000
0.002029
0.005710
0.006862
0.003496
0.001330
0.000229
0.000000
0.000000
0.000000
0.001850
0.003900
0.004302
0.004608
0.001826
0.000129
0.000000
0.000000
0.000000
0.002003
0.003030
0.003340
0.005261
0.004189
0.000680
0.000000
0.000000
0.000000
0.002029
0.005710
0.006862
0.003496
0.001330
0.000229
0.000000
0.000000
0.000000
0.001124
0.003493
0.003207
0.002327
0.001846
0.000192
0.000000
0.000000
0.000000
0.002003
0.003030
0.003340
0.005261
0.004189
0.000680
0.000000
0.000000
0.000000
0.003294
0.008389
0.003273
0.002178
0.002187
0.000187
0.000000
0.000000
0.000000
0.001124
0.003493
0.003207
0.002327
0.001846
0.000192
0.000000
0.000000
0.000000
0.001910
0.005095
0.007215
0.005327
0.003426
0.000519
0.000000
0.000000
0.000000
0.003294
0.008389
0.003273
0.002178
0.002187
0.000187
0.000000
0.000000
0.000000
0.014049
0.020833
0.016088
0.006092
0.002168
0.000003
0.000000
0.000000
0.000000
0.001910
0.005095
0.007215
0.005327
0.003426
0.000519
0.000000
0.000000
0.000000
0.001255
0.001413
0.000639
0.001518
0.003358
0.000375
0.000000
0.000000
0.000000
0.014049
0.020833
0.016088
0.006092
0.002168
0.000003
0.000000
0.000000
0.000000
0.002035
0.006651
0.006339
0.006125
0.003511
0.000219
0.000000
0.000000
0.000000
0.001255
0.001413
0.000639
0.001518
0.003358
0.000375
0.000000
0.000000
0.000000
0.000768
0.002358
0.002846
0.002919
0.003362
0.000439
0.000000
0.000000
0.000000
0.002035
0.006651
0.006339
0.006125
0.003511
0.000219
0.000000
0.000000
0.000000
0.002729
0.003861
0.006405
0.007843
0.005953
0.000419
0.000000
0.000000
0.000000
0.000768
0.002358
0.002846
0.002919
0.003362
0.000439
0.000000
0.000000
0.000000
0.001069
0.000834
0.001505
0.004174
0.007084
0.000356
0.000000
0.000000
0.000000
0.002729
0.003861
0.006405
0.007843
0.005953
0.000419
0.000000
0.000000
0.000000
0.001492
0.001474
0.004940
0.009263
0.010209
0.000689
0.000000
0.000000
0.000000
0.001069
0.000834
0.001505
0.004174
0.007084
0.000356
0.000000
0.000000
0.000000
0.001240
0.002471
0.004348
0.012067
0.018436
0.002402
0.000000
0.000000
0.000000
0.001492
0.001474
0.004940
0.009263
0.010209
0.000689
0.000000
0.000000
0.000000
0.000583
0.002035
0.004305
0.011622
0.011957
0.000781
0.000000
0.000000
0.000000
0.001240
0.002471
0.004348
0.012067
0.018436
0.002402
0.000000
0.000000
0.000000
0.002170
0.002139
0.004184
0.015748
0.009738
0.001053
0.000000
0.000000
0.000000
0.000583
0.002035
0.004305
0.011622
0.011957
0.000781
0.000000
0.000000
0.000000
0.001800
0.005777
0.006209
0.004637
0.004183
0.000355
0.000000
0.000000
0.000000
0.006432
0.005887
0.003142
0.002615
0.002613
0.000059
0.000000
0.000000
0.000000
0.002176
0.003775
0.006515
0.005261
0.001879
0.000079
0.000000
0.000000
0.000000
0.006783
0.019009
0.012426
0.008925
0.007601
0.001537
0.000000
0.000000
0.000000
0.005392
0.008624
0.011673
0.011914
0.007738
0.000907
0.000000
0.000000
0.000000
0.002176
0.003775
0.006515
0.005261
0.001879
0.000079
0.000000
0.000000
0.000000
0.002013
0.002039
0.001832
0.004632
0.005948
0.000536
0.000000
0.000000
0.000000
0.005392
0.008624
0.011673
0.011914
0.007738
0.000907
0.000000
0.000000
0.000000
0.001887
0.004627
0.006150
0.008261
0.009074
0.001461
0.000000
0.000000
0.000000
0.002013
0.002039
0.001832
0.004632
0.005948
0.000536
0.000000
0.000000
0.000000
0.001850
0.003900
0.004302
0.004608
0.001826
0.000129
0.000000
0.000000
0.000000
0.001887
0.004627
0.006150
0.008261
0.009074
0.001461
0.000000
0.000000
0.000000
0.002372
0.005905
0.009543
0.013123
0.004333
0.000700
0.000000
0.000000
0.000000
0.001850
0.003900
0.004302
0.004608
0.001826
0.000129
0.000000
0.000000
0.000000
0.002003
0.003030
0.003340
0.005261
0.004189
0.000680
0.000000
0.000000
0.000000
0.002372
0.005905
0.009543
0.013123
0.004333
0.000700
0.000000
0.000000
0.000000
0.003178
0.005832
0.005607
0.010076
0.006250
0.000457
0.000000
0.000000
0.000000
0.002003
0.003030
0.003340
0.005261
0.004189
0.000680
0.000000
0.000000
0.000000
0.003294
0.008389
0.003273
0.002178
0.002187
0.000187
0.000000
0.000000
0.000000
0.003178
0.005832
0.005607
0.010076
0.006250
0.000457
0.000000
0.000000
0.000000
0.005071
0.012974
0.012434
0.004567
0.001954
0.000274
0.000000
0.000000
0.000000
0.003294
0.008389
0.003273
0.002178
0.002187
0.000187
0.000000
0.000000
0.000000
0.014049
0.020833
0.016088
0.006092
0.002168
0.000003
0.000000
0.000000
0.000000
0.005071
0.012974
0.012434
0.004567
0.001954
0.000274
0.000000
0.000000
0.000000
0.008657
0.014139
0.003656
0.004296
0.001609
0.000017
0.000000
0.000000
0.000000
0.014049
0.020833
0.016088
0.006092
0.002168
0.000003
0.000000
0.000000
0.000000
0.002035
0.006651
0.006339
0.006125
0.003511
0.000219
0.000000
0.000000
0.000000
0.008657
0.014139
0.003656
0.004296
0.001609
0.000017
0.000000
0.000000
0.000000
0.003035
0.006857
0.005506
0.004193
0.003059
0.000163
0.000000
0.000000
0.000000
0.002035
0.006651
0.006339
0.006125
0.003511
0.000219
0.000000
0.000000
0.000000
0.002729
0.003861
0.006405
0.007843
0.005953
0.000419
0.000000
0.000000
0.000000
0.003035
0.006857
0.005506
0.004193
0.003059
0.000163
0.000000
0.000000
0.000000
0.004277
0.007641
0.004350
0.004742
0.004813
0.000591
0.000000
0.000000
0.000000
0.002729
0.003861
0.006405
0.007843
0.005953
0.000419
0.000000
0.000000
0.000000
0.001492
0.001474
0.004940
0.009263
0.010209
0.000689
0.000000
0.000000
0.000000
0.004277
0.007641
0.004350
0.004742
0.004813
0.000591
0.000000
0.000000
0.000000
0.004778
0.006431
0.005419
0.004476
0.002688
0.000112
0.000000
0.000000
0.000000
0.001492
0.001474
0.004940
0.009263
0.010209
0.000689
0.000000
0.000000
0.000000
0.000583
0.002035
0.004305
0.011622
0.011957
0.000781
0.000000
0.000000
0.000000
0.004778
0.006431
0.005419
0.004476
0.002688
0.000112
0.000000
0.000000
0.000000
0.007522
0.012490
0.005899
0.001932
0.001083
0.000143
0.000000
0.000000
0.000000
0.000583
0.002035
0.004305
0.011622
0.011957
0.000781
0.000000
0.000000
0.000000
0.001800
0.005777
0.006209
0.004637
0.004183
0.000355
0.000000
0.000000
0.000000
0.007522
0.012490
0.005899
0.001932
0.001083
0.000143
0.000000
0.000000
0.000000
0.001184
0.004720
0.006018
0.003871
0.004298
0.000154
0.000000
0.000000
0.000000
0.006783
0.019009
0.012426
0.008925
0.007601
0.001537
0.000000
0.000000
0.000000
0.005392
0.008624
0.011673
0.011914
0.007738
0.000907
0.000000
0.000000
0.000000
0.001143
0.007443
0.021524
0.008409
0.007910
0.000850
0.000000
0.000000
0.000000
0.005431
0.014372
0.016565
0.017260
0.004237
0.000480
0.000000
0.000000
0.000000
0.005392
0.008624
0.011673
0.011914
0.007738
0.000907
0.000000
0.000000
0.000000
0.001887
0.004627
0.006150
0.008261
0.009074
0.001461
0.000000
0.000000
0.000000
0.005431
0.014372
0.016565
0.017260
0.004237
0.000480
0.000000
0.000000
0.000000
0.004111
0.009100
0.009021
0.010295
0.008925
0.001017
0.000000
0.000000
0.000000
0.001887
0.004627
0.006150
0.008261
0.009074
0.001461
0.000000
0.000000
0.000000
0.002372
0.005905
0.009543
0.013123
0.004333
0.000700
0.000000
0.000000
0.000000
0.004111
0.009100
0.009021
0.010295
0.008925
0.001017
0.000000
0.000000
0.000000
0.002635
0.006112
0.011977
0.009482
0.006488
0.000668
0.000000
0.000000
0.000000
0.002372
0.005905
0.009543
0.013123
0.004333
0.000700
0.000000
0.000000
0.000000
0.003178
0.005832
0.005607
0.010076
0.006250
0.000457
0.000000
0.000000
0.000000
0.002635
0.006112
0.011977
0.009482
0.006488
0.000668
0.000000
0.000000
0.000000
0.007194
0.010712
0.008662
0.008582
0.005161
0.000535
0.000000
0.000000
0.000000
0.003178
0.005832
0.005607
0.010076
0.006250
0.000457
0.000000
0.000000
0.000000
0.005071
0.012974
0.012434
0.004567
0.001954
0.000274
0.000000
0.000000
0.000000
0.007194
0.010712
0.008662
0.008582
0.005161
0.000535
0.000000
0.000000
0.000000
0.004838
0.009165
0.008776
0.008771
0.007161
0.001780
0.000000
0.000000
0.000000
0.005071
0.012974
0.012434
0.004567
0.001954
0.000274
0.000000
0.000000
0.000000
0.008657
0.014139
0.003656
0.004296
0.001609
0.000017
0.000000
0.000000
0.000000
0.004838
0.009165
0.008776
0.008771
0.007161
0.001780
0.000000
0.000000
0.000000
0.006765
0.013177
0.005789
0.004147
0.003757
0.000599
0.000000
0.000000
0.000000
0.008657
0.014139
0.003656
0.004296
0.001609
0.000017
0.000000
0.000000
0.000000
0.003035
0.006857
0.005506
0.004193
0.003059
0.000163
0.000000
0.000000
0.000000
0.006765
0.013177
0.005789
0.004147
0.003757
0.000599
0.000000
0.000000
0.000000
0.009805
0.018652
0.010948
0.008400
0.007840
0.000517
0.000000
0.000000
0.000000
0.003035
0.006857
0.005506
0.004193
0.003059
0.000163
0.000000
0.000000
0.000000
0.004277
0.007641
0.004350
0.004742
0.004813
0.000591
0.000000
0.000000
0.000000
0.009805
0.018652
0.010948
0.008400
0.007840
0.000517
0.000000
0.000000
0.000000
0.003312
0.009728
0.009233
0.006505
0.002525
0.000069
0.000000
0.000000
0.000000
0.004277
0.007641
0.004350
0.004742
0.004813
0.000591
0.000000
0.000000
0.000000
0.004778
0.006431
0.005419
0.004476
0.002688
0.000112
0.000000
0.000000
0.000000
0.003312
0.009728
0.009233
0.006505
0.002525
0.000069
0.000000
0.000000
0.000000
0.003151
0.005370
0.008119
0.006027
0.005582
0.000291
0.000000
0.000000
0.000000
0.004778
0.006431
0.005419
0.004476
0.002688
0.000112
0.000000
0.000000
0.000000
0.007522
0.012490
0.005899
0.001932
0.001083
0.000143
0.000000
0.000000
0.000000
0.003151
0.005370
0.008119
0.006027
0.005582
0.000291
0.000000
0.000000
0.000000
0.002526
0.006740
0.007731
0.010235
0.004348
0.000147
0.000000
0.000000
0.000000
0.007522
0.012490
0.005899
0.001932
0.001083
0.000143
0.000000
0.000000
0.000000
0.001184
0.004720
0.006018
0.003871
0.004298
0.000154
0.000000
0.000000
0.000000
0.002526
0.006740
0.007731
0.010235
0.004348
0.000147
0.000000
0.000000
0.000000
0.000808
0.004846
0.012562
0.013955
0.006859
0.000370
0.000000
0.000000
0.000000
0.001143
0.007443
0.021524
0.008409
0.007910
0.000850
0.000000
0.000000
0.000000
0.005431
0.014372
0.016565
0.017260
0.004237
0.000480
0.000000
0.000000
0.000000
0.002232
0.015178
0.020858
0.007379
0.013745
0.001787
0.000000
0.000000
0.000000
0.010293
0.013102
0.010133
0.019513
0.012280
0.002529
0.000000
0.000000
0.000000
0.005431
0.014372
0.016565
0.017260
0.004237
0.000480
0.000000
0.000000
0.000000
0.004111
0.009100
0.009021
0.010295
0.008925
0.001017
0.000000
0.000000
0.000000
0.010293
0.013102
0.010133
0.019513
0.012280
0.002529
0.000000
0.000000
0.000000
0.003505
0.016040
0.022829
0.030647
0.017463
0.001477
0.000000
0.000000
0.000000
0.004111
0.009100
0.009021
0.010295
0.008925
0.001017
0.000000
0.000000
0.000000
0.002635
0.006112
0.011977
0.009482
0.006488
0.000668
0.000000
0.000000
0.000000
0.003505
0.016040
0.022829
0.030647
0.017463
0.001477
0.000000
0.000000
0.000000
0.006751
0.008655
0.016570
0.013695
0.025797
0.003406
0.000000
0.000000
0.000000
0.002635
0.006112
0.011977
0.009482
0.006488
0.000668
0.000000
0.000000
0.000000
0.007194
0.010712
0.008662
0.008582
0.005161
0.000535
0.000000
0.000000
0.000000
0.006751
0.008655
0.016570
0.013695
0.025797
0.003406
0.000000
0.000000
0.000000
0.005686
0.006613
0.006078
0.020629
0.017818
0.001581
0.000000
0.000000
0.000000
0.007194
0.010712
0.008662
0.008582
0.005161
0.000535
0.000000
0.000000
0.000000
0.004838
0.009165
0.008776
0.008771
0.007161
0.001780
0.000000
0.000000
0.000000
0.005686
0.006613
0.006078
0.020629
0.017818
0.001581
0.000000
0.000000
0.000000
0.007503
0.011943
0.011496
0.011346
0.004203
0.000847
0.000000
0.000000
0.000000
0.004838
0.009165
0.008776
0.008771
0.007161
0.001780
0.000000
0.000000
0.000000
0.006765
0.013177
0.005789
0.004147
0.003757
0.000599
0.000000
0.000000
0.000000
0.007503
0.011943
0.011496
0.011346
0.004203
0.000847
0.000000
0.000000
0.000000
0.006381
0.019110
0.013211
0.006154
0.012939
0.003976
0.000000
0.000000
0.000000
0.006765
0.013177
0.005789
0.004147
0.003757
0.000599
0.000000
0.000000
0.000000
0.009805
0.018652
0.010948
0.008400
0.007840
0.000517
0.000000
0.000000
0.000000
0.006381
0.019110
0.013211
0.006154
0.012939
0.003976
0.000000
0.000000
0.000000
0.008297
0.017240
0.007643
0.004449
0.004049
0.000320
0.000000
0.000000
0.000000
0.009805
0.018652
0.010948
0.008400
0.007840
0.000517
0.000000
0.000000
0.000000
0.003312
0.009728
0.009233
0.006505
0.002525
0.000069
0.000000
0.000000
0.000000
0.008297
0.017240
0.007643
0.004449
0.004049
0.000320
0.000000
0.000000
0.000000
0.007967
0.010862
0.007839
0.005961
0.011677
0.001437
0.000000
0.000000
0.000000
0.003312
0.009728
0.009233
0.006505
0.002525
0.000069
0.000000
0.000000
0.000000
0.003151
0.005370
0.008119
0.006027
0.005582
0.000291
0.000000
0.000000
0.000000
0.007967
0.010862
0.007839
0.005961
0.011677
0.001437
0.000000
0.000000
0.000000
0.012589
0.020063
0.008518
0.006863
0.003406
0.000444
0.000000
0.000000
0.000000
0.003151
0.005370
0.008119
0.006027
0.005582
0.000291
0.000000
0.000000
0.000000
0.002526
0.006740
0.007731
0.010235
0.004348
0.000147
0.000000
0.000000
0.000000
0.012589
0.020063
0.008518
0.006863
0.003406
0.000444
0.000000
0.000000
0.000000
0.008914
0.036829
0.019262
0.008768
0.004775
0.000751
0.000000
0.000000
0.000000
0.002526
0.006740
0.007731
0.010235
0.004348
0.000147
0.000000
0.000000
0.000000
0.000808
0.004846
0.012562
0.013955
0.006859
0.000370
0.000000
0.000000
0.000000
0.008914
0.036829
0.019262
0.008768
0.004775
0.000751
0.000000
0.000000
0.000000
0.010059
0.024424
0.015503
0.012381
0.008529
0.001322
0.000000
0.000000
0.000000
0.002232
0.015178
0.020858
0.007379
0.013745
0.001787
0.000000
0.000000
0.000000
0.010293
0.013102
0.010133
0.019513
0.012280
0.002529
0.000000
0.000000
0.000000
0.006174
0.016366
0.011956
0.010256
0.014684
0.003130
0.000000
0.000000
0.000000
0.005053
0.008335
0.019826
0.015227
0.012278
0.001848
0.000000
0.000000
0.000000
0.010293
0.013102
0.010133
0.019513
0.012280
0.002529
0.000000
0.000000
0.000000
0.003505
0.016040
0.022829
0.030647
0.017463
0.001477
0.000000
0.000000
0.000000
0.005053
0.008335
0.019826
0.015227
0.012278
0.001848
0.000000
0.000000
0.000000
0.004342
0.011934
0.004592
0.008429
0.024341
0.003706
0.000000
0.000000
0.000000
0.003505
0.016040
0.022829
0.030647
0.017463
0.001477
0.000000
0.000000
0.000000
0.006751
0.008655
0.016570
0.013695
0.025797
0.003406
0.000000
0.000000
0.000000
0.004342
0.011934
0.004592
0.008429
0.024341
0.003706
0.000000
0.000000
0.000000
0.019633
0.030930
0.037865
0.020115
0.018418
0.002098
0.000000
0.000000
0.000000
0.006751
0.008655
0.016570
0.013695
0.025797
0.003406
0.000000
0.000000
0.000000
0.005686
0.006613
0.006078
0.020629
0.017818
0.001581
0.000000
0.000000
0.000000
0.019633
0.030930
0.037865
0.020115
0.018418
0.002098
0.000000
0.000000
0.000000
0.002978
0.010590
0.030787
0.031440
0.036520
0.005500
0.000000
0.000000
0.000000
0.005686
0.006613
0.006078
0.020629
0.017818
0.001581
0.000000
0.000000
0.000000
0.007503
0.011943
0.011496
0.011346
0.004203
0.000847
0.000000
0.000000
0.000000
0.002978
0.010590
0.030787
0.031440
0.036520
0.005500
0.000000
0.000000
0.000000
0.004310
0.012237
0.023811
0.017666
0.030772
0.005496
0.000000
0.000000
0.000000
0.007503
0.011943
0.011496
0.011346
0.004203
0.000847
0.000000
0.000000
0.000000
0.006381
0.019110
0.013211
0.006154
0.012939
0.003976
0.000000
0.000000
0.000000
0.004310
0.012237
0.023811
0.017666
0.030772
0.005496
0.000000
0.000000
0.000000
0.095868
0.052119
0.027038
0.027798
0.015145
0.002845
0.000000
0.000000
0.000000
0.006381
0.019110
0.013211
0.006154
0.012939
0.003976
0.000000
0.000000
0.000000
0.008297
0.017240
0.007643
0.004449
0.004049
0.000320
0.000000
0.000000
0.000000
0.095868
0.052119
0.027038
0.027798
0.015145
0.002845
0.000000
0.000000
0.000000
0.002790
0.002924
0.006122
0.020124
0.034997
0.003578
0.000000
0.000000
0.000000
0.008297
0.017240
0.007643
0.004449
0.004049
0.000320
0.000000
0.000000
0.000000
0.007967
0.010862
0.007839
0.005961
0.011677
0.001437
0.000000
0.000000
0.000000
0.002790
0.002924
0.006122
0.020124
0.034997
0.003578
0.000000
0.000000
0.000000
0.012283
0.011807
0.016025
0.019958
0.045015
0.008476
0.000000
0.000000
0.000000
0.007967
0.010862
0.007839
0.005961
0.011677
0.001437
0.000000
0.000000
0.000000
0.012589
0.020063
0.008518
0.006863
0.003406
0.000444
0.000000
0.000000
0.000000
0.012283
0.011807
0.016025
0.019958
0.045015
0.008476
0.000000
0.000000
0.000000
0.014324
0.039762
0.018525
0.003583
0.000719
0.000056
0.000000
0.000000
0.000000
0.012589
0.020063
0.008518
0.006863
0.003406
0.000444
0.000000
0.000000
0.000000
0.008914
0.036829
0.019262
0.008768
0.004775
0.000751
0.000000
0.000000
0.000000
0.014324
0.039762
0.018525
0.003583
0.000719
0.000056
0.000000
0.000000
0.000000
0.003719
0.018785
0.011444
0.004844
0.001969
0.000232
0.000000
0.000000
0.000000
0.008914
0.036829
0.019262
0.008768
0.004775
0.000751
0.000000
0.000000
0.000000
0.010059
0.024424
0.015503
0.012381
0.008529
0.001322
0.000000
0.000000
0.000000
0.003719
0.018785
0.011444
0.004844
0.001969
0.000232
0.000000
0.000000
0.000000
0.018758
0.027950
0.017566
0.004241
0.005419
0.000409
0.000000
0.000000
0.000000
0.006174
0.016366
0.011956
0.010256
0.014684
0.003130
0.000000
0.000000
0.000000
0.005053
0.008335
0.019826
0.015227
0.012278
0.001848
0.000000
0.000000
0.000000
0.017389
0.030614
0.028636
0.015799
0.006524
0.000260
0.000000
0.000000
0.000000
0.001717
0.008099
0.012089
0.009830
0.007699
0.000348
0.000000
0.000000
0.000000
0.005053
0.008335
0.019826
0.015227
0.012278
0.001848
0.000000
0.000000
0.000000
0.004342
0.011934
0.004592
0.008429
0.024341
0.003706
0.000000
0.000000
0.000000
0.001717
0.008099
0.012089
0.009830
0.007699
0.000348
0.000000
0.000000
0.000000
0.002796
0.007888
0.007663
0.003612
0.003498
0.000160
0.000000
0.000000
0.000000
0.004342
0.011934
0.004592
0.008429
0.024341
0.003706
0.000000
0.000000
0.000000
0.019633
0.030930
0.037865
0.020115
0.018418
0.002098
0.000000
0.000000
0.000000
0.002796
0.007888
0.007663
0.003612
0.003498
0.000160
0.000000
0.000000
0.000000
0.017990
0.013656
0.007086
0.003620
0.002235
0.000065
0.000000
0.000000
0.000000
0.019633
0.030930
0.037865
0.020115
0.018418
0.002098
0.000000
0.000000
0.000000
0.002978
0.010590
0.030787
0.031440
0.036520
0.005500
0.000000
0.000000
0.000000
0.017990
0.013656
0.007086
0.003620
0.002235
0.000065
0.000000
0.000000
0.000000
0.003878
0.011226
0.012877
0.008317
0.004611
0.000645
0.000000
0.000000
0.000000
0.002978
0.010590
0.030787
0.031440
0.036520
0.005500
0.000000
0.000000
0.000000
0.004310
0.012237
0.023811
0.017666
0.030772
0.005496
0.000000
0.000000
0.000000
0.003878
0.011226
0.012877
0.008317
0.004611
0.000645
0.000000
0.000000
0.000000
0.001835
0.005372
0.006905
0.006552
0.004884
0.000218
0.000000
0.000000
0.000000
0.004310
0.012237
0.023811
0.017666
0.030772
0.005496
0.000000
0.000000
0.000000
0.095868
0.052119
0.027038
0.027798
0.015145
0.002845
0.000000
0.000000
0.000000
0.001835
0.005372
0.006905
0.006552
0.004884
0.000218
0.000000
0.000000
0.000000
0.010471
0.046984
0.020335
0.008932
0.002881
0.000793
0.000000
0.000000
0.000000
0.095868
0.052119
0.027038
0.027798
0.015145
0.002845
0.000000
0.000000
0.000000
0.002790
0.002924
0.006122
0.020124
0.034997
0.003578
0.000000
0.000000
0.000000
0.010471
0.046984
0.020335
0.008932
0.002881
0.000793
0.000000
0.000000
0.000000
0.010692
0.051403
0.021169
0.010337
0.005323
0.000857
0.000000
0.000000
0.000000
0.002790
0.002924
0.006122
0.020124
0.034997
0.003578
0.000000
0.000000
0.000000
0.012283
0.011807
0.016025
0.019958
0.045015
0.008476
0.000000
0.000000
0.000000
0.010692
0.051403
0.021169
0.010337
0.005323
0.000857
0.000000
0.000000
0.000000
0.024956
0.041420
0.027286
0.021515
0.068536
0.012753
0.000000
0.000000
0.000000
0.012283
0.011807
0.016025
0.019958
0.045015
0.008476
0.000000
0.000000
0.000000
0.014324
0.039762
0.018525
0.003583
0.000719
0.000056
0.000000
0.000000
0.000000
0.024956
0.041420
0.027286
0.021515
0.068536
0.012753
0.000000
0.000000
0.000000
0.011824
0.023719
0.017652
0.004527
0.000993
0.000015
0.000000
0.000000
0.000000
0.014324
0.039762
0.018525
0.003583
0.000719
0.000056
0.000000
0.000000
0.000000
0.003719
0.018785
0.011444
0.004844
0.001969
0.000232
0.000000
0.000000
0.000000
0.011824
0.023719
0.017652
0.004527
0.000993
0.000015
0.000000
0.000000
0.000000
0.001825
0.002747
0.003061
0.002844
0.002332
0.000059
0.000000
0.000000
0.000000
0.003719
0.018785
0.011444
0.004844
0.001969
0.000232
0.000000
0.000000
0.000000
0.018758
0.027950
0.017566
0.004241
0.005419
0.000409
0.000000
0.000000
0.000000
0.001825
0.002747
0.003061
0.002844
0.002332
0.000059
0.000000
0.000000
0.000000
0.018332
0.028864
0.004233
0.001660
0.000713
0.000118
0.000000
0.000000
0.000000
0.017389
0.030614
0.028636
0.015799
0.006524
0.000260
0.000000
0.000000
0.000000
0.001717
0.008099
0.012089
0.009830
0.007699
0.000348
0.000000
0.000000
0.000000
0.024437
0.033729
0.012027
0.021805
0.043999
0.011242
0.000000
0.000000
0.000000
0.017371
0.025984
0.023047
0.030504
0.025485
0.003334
0.000000
0.000000
0.000000
0.001717
0.008099
0.012089
0.009830
0.007699
0.000348
0.000000
0.000000
0.000000
0.002796
0.007888
0.007663
0.003612
0.003498
0.000160
0.000000
0.000000
0.000000
0.017371
0.025984
0.023047
0.030504
0.025485
0.003334
0.000000
0.000000
0.000000
0.002989
0.003331
0.005493
0.007563
0.006361
0.000205
0.000000
0.000000
0.000000
0.002796
0.007888
0.007663
0.003612
0.003498
0.000160
0.000000
0.000000
0.000000
0.017990
0.013656
0.007086
0.003620
0.002235
0.000065
0.000000
0.000000
0.000000
0.002989
0.003331
0.005493
0.007563
0.006361
0.000205
0.000000
0.000000
0.000000
0.014348
0.013689
0.005343
0.006025
0.002583
0.000511
0.000000
0.000000
0.000000
0.017990
0.013656
0.007086
0.003620
0.002235
0.000065
0.000000
0.000000
0.000000
0.003878
0.011226
0.012877
0.008317
0.004611
0.000645
0.000000
0.000000
0.000000
0.014348
0.013689
0.005343
0.006025
0.002583
0.000511
0.000000
0.000000
0.000000
0.005182
0.008212
0.013418
0.011848
0.016640
0.001571
0.000000
0.000000
0.000000
0.003878
0.011226
0.012877
0.008317
0.004611
0.000645
0.000000
0.000000
0.000000
0.001835
0.005372
0.006905
0.006552
0.004884
0.000218
0.000000
0.000000
0.000000
0.005182
0.008212
0.013418
0.011848
0.016640
0.001571
0.000000
0.000000
0.000000
0.026682
0.042525
0.028622
0.016866
0.002982
0.000077
0.000000
0.000000
0.000000
0.001835
0.005372
0.006905
0.006552
0.004884
0.000218
0.000000
0.000000
0.000000
0.010471
0.046984
0.020335
0.008932
0.002881
0.000793
0.000000
0.000000
0.000000
0.026682
0.042525
0.028622
0.016866
0.002982
0.000077
0.000000
0.000000
0.000000
0.039086
0.036302
0.021365
0.008461
0.001983
0.000317
0.000000
0.000000
0.000000
0.010471
0.046984
0.020335
0.008932
0.002881
0.000793
0.000000
0.000000
0.000000
0.010692
0.051403
0.021169
0.010337
0.005323
0.000857
0.000000
0.000000
0.000000
0.039086
0.036302
0.021365
0.008461
0.001983
0.000317
0.000000
0.000000
0.000000
0.031940
0.050604
0.018493
0.019297
0.007446
0.000334
0.000000
0.000000
0.000000
0.010692
0.051403
0.021169
0.010337
0.005323
0.000857
0.000000
0.000000
0.000000
0.024956
0.041420
0.027286
0.021515
0.068536
0.012753
0.000000
0.000000
0.000000
0.031940
0.050604
0.018493
0.019297
0.007446
0.000334
0.000000
0.000000
0.000000
0.028116
0.033997
0.026581
0.045323
0.028332
0.004781
0.000000
0.000000
0.000000
0.024956
0.041420
0.027286
0.021515
0.068536
0.012753
0.000000
0.000000
0.000000
0.011824
0.023719
0.017652
0.004527
0.000993
0.000015
0.000000
0.000000
0.000000
0.028116
0.033997
0.026581
0.045323
0.028332
0.004781
0.000000
0.000000
0.000000
0.011279
0.015444
0.009349
0.021235
0.004805
0.000130
0.000000
0.000000
0.000000
0.011824
0.023719
0.017652
0.004527
0.000993
0.000015
0.000000
0.000000
0.000000
0.001825
0.002747
0.003061
0.002844
0.002332
0.000059
0.000000
0.000000
0.000000
0.011279
0.015444
0.009349
0.021235
0.004805
0.000130
0.000000
0.000000
0.000000
0.001101
0.003877
0.008012
0.018333
0.021445
0.002626
0.000000
0.000000
0.000000
0.001825
0.002747
0.003061
0.002844
0.002332
0.000059
0.000000
0.000000
0.000000
0.018332
0.028864
0.004233
0.001660
0.000713
0.000118
0.000000
0.000000
0.000000
0.001101
0.003877
0.008012
0.018333
0.021445
0.002626
0.000000
0.000000
0.000000
0.013252
0.009837
0.005738
0.008415
0.006742
0.000935
0.000000
0.000000
0.000000
0.024437
0.033729
0.012027
0.021805
0.043999
0.011242
0.000000
0.000000
0.000000
0.017371
0.025984
0.023047
0.030504
0.025485
0.003334
0.000000
0.000000
0.000000
0.009382
0.017229
0.014978
0.010725
0.038045
0.006826
0.000000
0.000000
0.000000
0.010505
0.010779
0.016351
0.019416
0.054263
0.010190
0.000000
0.000000
0.000000
0.017371
0.025984
0.023047
0.030504
0.025485
0.003334
0.000000
0.000000
0.000000
0.002989
0.003331
0.005493
0.007563
0.006361
0.000205
0.000000
0.000000
0.000000
0.010505
0.010779
0.016351
0.019416
0.054263
0.010190
0.000000
0.000000
0.000000
0.068870
0.067753
0.020183
0.011878
0.048742
0.029121
0.000000
0.000000
0.000000
0.002989
0.003331
0.005493
0.007563
0.006361
0.000205
0.000000
0.000000
0.000000
0.014348
0.013689
0.005343
0.006025
0.002583
0.000511
0.000000
0.000000
0.000000
0.068870
0.067753
0.020183
0.011878
0.048742
0.029121
0.000000
0.000000
0.000000
0.000766
0.001361
0.003540
0.010686
0.075829
0.012056
0.000000
0.000000
0.000000
0.014348
0.013689
0.005343
0.006025
0.002583
0.000511
0.000000
0.000000
0.000000
0.005182
0.008212
0.013418
0.011848
0.016640
0.001571
0.000000
0.000000
0.000000
0.000766
0.001361
0.003540
0.010686
0.075829
0.012056
0.000000
0.000000
0.000000
0.002855
0.006345
0.006234
0.018758
0.087361
0.020373
0.000000
0.000000
0.000000
0.005182
0.008212
0.013418
0.011848
0.016640
0.001571
0.000000
0.000000
0.000000
0.026682
0.042525
0.028622
0.016866
0.002982
0.000077
0.000000
0.000000
0.000000
0.002855
0.006345
0.006234
0.018758
0.087361
0.020373
0.000000
0.000000
0.000000
0.004637
0.006389
0.005807
0.013126
0.095095
0.021564
0.000000
0.000000
0.000000
0.026682
0.042525
0.028622
0.016866
0.002982
0.000077
0.000000
0.000000
0.000000
0.039086
0.036302
0.021365
0.008461
0.001983
0.000317
0.000000
0.000000
0.000000
0.004637
0.006389
0.005807
0.013126
0.095095
0.021564
0.000000
0.000000
0.000000
0.003929
0.004838
0.021828
0.030855
0.094622
0.009170
0.000000
0.000000
0.000000
0.039086
0.036302
0.021365
0.008461
0.001983
0.000317
0.000000
0.000000
0.000000
0.031940
0.050604
0.018493
0.019297
0.007446
0.000334
0.000000
0.000000
0.000000
0.003929
0.004838
0.021828
0.030855
0.094622
0.009170
0.000000
0.000000
0.000000
0.014086
0.026449
0.042053
0.027535
0.068142
0.016843
0.000000
0.000000
0.000000
0.031940
0.050604
0.018493
0.019297
0.007446
0.000334
0.000000
0.000000
0.000000
0.028116
0.033997
0.026581
0.045323
0.028332
0.004781
0.000000
0.000000
0.000000
0.014086
0.026449
0.042053
0.027535
0.068142
0.016843
0.000000
0.000000
0.000000
0.009046
0.020675
0.018298
0.025835
0.089344
0.018896
0.000000
0.000000
0.000000
0.028116
0.033997
0.026581
0.045323
0.028332
0.004781
0.000000
0.000000
0.000000
0.011279
0.015444
0.009349
0.021235
0.004805
0.000130
0.000000
0.000000
0.000000
0.009046
0.020675
0.018298
0.025835
0.089344
0.018896
0.000000
0.000000
0.000000
0.019549
0.029335
0.030745
0.055976
0.076150
0.009030
0.000000
0.000000
0.000000
0.011279
0.015444
0.009349
0.021235
0.004805
0.000130
0.000000
0.000000
0.000000
0.001101
0.003877
0.008012
0.018333
0.021445
0.002626
0.000000
0.000000
0.000000
0.019549
0.029335
0.030745
0.055976
0.076150
0.009030
0.000000
0.000000
0.000000
0.000772
0.001936
0.004819
0.022415
0.100949
0.027268
0.000000
0.000000
0.000000
0.001101
0.003877
0.008012
0.018333
0.021445
0.002626
0.000000
0.000000
0.000000
0.013252
0.009837
0.005738
0.008415
0.006742
0.000935
0.000000
0.000000
0.000000
0.000772
0.001936
0.004819
0.022415
0.100949
0.027268
0.000000
0.000000
0.000000
0.001786
0.003975
0.009105
0.007412
0.058801
0.020799
0.000000
0.000000
0.000000
0.009382
0.017229
0.014978
0.010725
0.038045
0.006826
0.000000
0.000000
0.000000
0.010505
0.010779
0.016351
0.019416
0.054263
0.010190
0.000000
0.000000
0.000000
0.001665
0.002166
0.003652
0.011763
0.020364
0.002858
0.000000
0.000000
0.000000
0.000666
0.002050
0.005201
0.010522
0.022250
0.005911
0.000000
0.000000
0.000000
0.010505
0.010779
0.016351
0.019416
0.054263
0.010190
0.000000
0.000000
0.000000
0.068870
0.067753
0.020183
0.011878
0.048742
0.029121
0.000000
0.000000
0.000000
0.000666
0.002050
0.005201
0.010522
0.022250
0.005911
0.000000
0.000000
0.000000
0.027963
0.050563
0.025784
0.043501
0.019232
0.000914
0.000000
0.000000
0.000000
0.068870
0.067753
0.020183
0.011878
0.048742
0.029121
0.000000
0.000000
0.000000
0.000766
0.001361
0.003540
0.010686
0.075829
0.012056
0.000000
0.000000
0.000000
0.027963
0.050563
0.025784
0.043501
0.019232
0.000914
0.000000
0.000000
0.000000
0.002627
0.000318
0.001643
0.007292
0.024313
0.005331
0.000000
0.000000
0.000000
0.000766
0.001361
0.003540
0.010686
0.075829
0.012056
0.000000
0.000000
0.000000
0.002855
0.006345
0.006234
0.018758
0.087361
0.020373
0.000000
0.000000
0.000000
0.002627
0.000318
0.001643
0.007292
0.024313
0.005331
0.000000
0.000000
0.000000
0.001309
0.001402
0.001631
0.003131
0.012868
0.001528
0.000000
0.000000
0.000000
0.002855
0.006345
0.006234
0.018758
0.087361
0.020373
0.000000
0.000000
0.000000
0.004637
0.006389
0.005807
0.013126
0.095095
0.021564
0.000000
0.000000
0.000000
0.001309
0.001402
0.001631
0.003131
0.012868
0.001528
0.000000
0.000000
0.000000
0.003550
0.000239
0.000563
0.001857
0.002740
0.000496
0.000000
0.000000
0.000000
0.004637
0.006389
0.005807
0.013126
0.095095
0.021564
0.000000
0.000000
0.000000
0.003929
0.004838
0.021828
0.030855
0.094622
0.009170
0.000000
0.000000
0.000000
0.003550
0.000239
0.000563
0.001857
0.002740
0.000496
0.000000
0.000000
0.000000
0.001827
0.001864
0.001641
0.002837
0.001436
0.000224
0.000000
0.000000
0.000000
0.003929
0.004838
0.021828
0.030855
0.094622
0.009170
0.000000
0.000000
0.000000
0.014086
0.026449
0.042053
0.027535
0.068142
0.016843
0.000000
0.000000
0.000000
0.001827
0.001864
0.001641
0.002837
0.001436
0.000224
0.000000
0.000000
0.000000
0.001041
0.000560
0.001746
0.002825
0.001276
0.000107
0.000000
0.000000
0.000000
0.014086
0.026449
0.042053
0.027535
0.068142
0.016843
0.000000
0.000000
0.000000
0.009046
0.020675
0.018298
0.025835
0.089344
0.018896
0.000000
0.000000
0.000000
0.001041
0.000560
0.001746
0.002825
0.001276
0.000107
0.000000
0.000000
0.000000
0.002256
0.000982
0.001660
0.002193
0.001949
0.000110
0.000000
0.000000
0.000000
0.009046
0.020675
0.018298
0.025835
0.089344
0.018896
0.000000
0.000000
0.000000
0.019549
0.029335
0.030745
0.055976
0.076150
0.009030
0.000000
0.000000
0.000000
0.002256
0.000982
0.001660
0.002193
0.001949
0.000110
0.000000
0.000000
0.000000
0.000538
0.001145
0.002925
0.003560
0.003965
0.000233
0.000000
0.000000
0.000000
0.019549
0.029335
0.030745
0.055976
0.076150
0.009030
0.000000
0.000000
0.000000
0.000772
0.001936
0.004819
0.022415
0.100949
0.027268
0.000000
0.000000
0.000000
0.000538
0.001145
0.002925
0.003560
0.003965
0.000233
0.000000
0.000000
0.000000
0.000342
0.000491
0.000572
0.005039
0.019110
0.001598
0.000000
0.000000
0.000000
0.000772
0.001936
0.004819
0.022415
0.100949
0.027268
0.000000
0.000000
0.000000
0.001786
0.003975
0.009105
0.007412
0.058801
0.020799
0.000000
0.000000
0.000000
0.000342
0.000491
0.000572
0.005039
0.019110
0.001598
0.000000
0.000000
0.000000
0.000392
0.001188
0.001243
0.002427
0.031888
0.009168
0.000000
0.000000
0.000000
0.001665
0.002166
0.003652
0.011763
0.020364
0.002858
0.000000
0.000000
0.000000
0.000666
0.002050
0.005201
0.010522
0.022250
0.005911
0.000000
0.000000
0.000000
0.001929
0.000823
0.001984
0.003378
0.004924
0.000273
0.000000
0.000000
0.000000
0.001115
0.000494
0.000586
0.001063
0.002363
0.000133
0.000000
0.000000
0.000000
0.000666
0.002050
0.005201
0.010522
0.022250
0.005911
0.000000
0.000000
0.000000
0.027963
0.050563
0.025784
0.043501
0.019232
0.000914
0.000000
0.000000
0.000000
0.001115
0.000494
0.000586
0.001063
0.002363
0.000133
0.000000
0.000000
0.000000
0.000677
0.001821
0.002820
0.003564
0.001676
0.000155
0.000000
0.000000
0.000000
0.027963
0.050563
0.025784
0.043501
0.019232
0.000914
0.000000
0.000000
0.000000
0.002627
0.000318
0.001643
0.007292
0.024313
0.005331
0.000000
0.000000
0.000000
0.000677
0.001821
0.002820
0.003564
0.001676
0.000155
0.000000
0.000000
0.000000
0.000576
0.001712
0.002793
0.003735
0.001964
0.000141
0.000000
0.000000
0.000000
0.002627
0.000318
0.001643
0.007292
0.024313
0.005331
0.000000
0.000000
0.000000
0.001309
0.001402
0.001631
0.003131
0.012868
0.001528
0.000000
0.000000
0.000000
0.000576
0.001712
0.002793
0.003735
0.001964
0.000141
0.000000
0.000000
0.000000
0.000909
0.000670
0.000726
0.000544
0.000102
0.000000
0.000000
0.000000
0.000000
0.001309
0.001402
0.001631
0.003131
0.012868
0.001528
0.000000
0.000000
0.000000
0.003550
0.000239
0.000563
0.001857
0.002740
0.000496
0.000000
0.000000
0.000000
0.000909
0.000670
0.000726
0.000544
0.000102
0.000000
0.000000
0.000000
0.000000
0.001653
0.000180
0.000175
0.000986
0.001588
0.000198
0.000000
0.000000
0.000000
0.003550
0.000239
0.000563
0.001857
0.002740
0.000496
0.000000
0.000000
0.000000
0.001827
0.001864
0.001641
0.002837
0.001436
0.000224
0.000000
0.000000
0.000000
0.001653
0.000180
0.000175
0.000986
0.001588
0.000198
0.000000
0.000000
0.000000
0.000763
0.001202
0.002458
0.001980
0.001344
0.000074
0.000000
0.000000
0.000000
0.001827
0.001864
0.001641
0.002837
0.001436
0.000224
0.000000
0.000000
0.000000
0.001041
0.000560
0.001746
0.002825
0.001276
0.000107
0.000000
0.000000
0.000000
0.000763
0.001202
0.002458
0.001980
0.001344
0.000074
0.000000
0.000000
0.000000
0.000312
0.000417
0.001080
0.001766
0.001859
0.000114
0.000000
0.000000
0.000000
0.001041
0.000560
0.001746
0.002825
0.001276
0.000107
0.000000
0.000000
0.000000
0.002256
0.000982
0.001660
0.002193
0.001949
0.000110
0.000000
0.000000
0.000000
0.000312
0.000417
0.001080
0.001766
0.001859
0.000114
0.000000
0.000000
0.000000
0.002479
0.000116
0.000179
0.000329
0.000629
0.000046
0.000000
0.000000
0.000000
0.002256
0.000982
0.001660
0.002193
0.001949
0.000110
0.000000
0.000000
0.000000
0.000538
0.001145
0.002925
0.003560
0.003965
0.000233
0.000000
0.000000
0.000000
0.002479
0.000116
0.000179
0.000329
0.000629
0.000046
0.000000
0.000000
0.000000
0.001211
0.000312
0.000528
0.001422
0.001326
0.000070
0.000000
0.000000
0.000000
0.000538
0.001145
0.002925
0.003560
0.003965
0.000233
0.000000
0.000000
0.000000
0.000342
0.000491
0.000572
0.005039
0.019110
0.001598
0.000000
0.000000
0.000000
0.001211
0.000312
0.000528
0.001422
0.001326
0.000070
0.000000
0.000000
0.000000
0.001218
0.001481
0.003098
0.001864
0.000786
0.000023
0.000000
0.000000
0.000000
0.000342
0.000491
0.000572
0.005039
0.019110
0.001598
0.000000
0.000000
0.000000
0.000392
0.001188
0.001243
0.002427
0.031888
0.009168
0.000000
0.000000
0.000000
0.001218
0.001481
0.003098
0.001864
0.000786
0.000023
0.000000
0.000000
0.000000
0.000143
0.001049
0.001436
0.002362
0.001700
0.000009
0.000000
0.000000
0.000000
0.001929
0.000823
0.001984
0.003378
0.004924
0.000273
0.000000
0.000000
0.000000
0.001115
0.000494
0.000586
0.001063
0.002363
0.000133
0.000000
0.000000
0.000000
0.000719
0.000490
0.001333
0.001921
0.003792
0.000245
0.000000
0.000000
0.000000
0.000368
0.000606
0.000742
0.001227
0.002948
0.000276
0.000000
0.000000
0.000000
0.001115
0.000494
0.000586
0.001063
0.002363
0.000133
0.000000
0.000000
0.000000
0.000677
0.001821
0.002820
0.003564
0.001676
0.000155
0.000000
0.000000
0.000000
0.000368
0.000606
0.000742
0.001227
0.002948
0.000276
0.000000
0.000000
0.000000
0.001144
0.001345
0.001113
0.000681
0.000762
0.000032
0.000000
0.000000
0.000000
0.000677
0.001821
0.002820
0.003564
0.001676
0.000155
0.000000
0.000000
0.000000
0.000576
0.001712
0.002793
0.003735
0.001964
0.000141
0.000000
0.000000
0.000000
0.001144
0.001345
0.001113
0.000681
0.000762
0.000032
0.000000
0.000000
0.000000
0.001456
0.002894
0.002343
0.001148
0.001319
0.000047
0.000000
0.000000
0.000000
0.000576
0.001712
0.002793
0.003735
0.001964
0.000141
0.000000
0.000000
0.000000
0.000909
0.000670
0.000726
0.000544
0.000102
0.000000
0.000000
0.000000
0.000000
0.001456
0.002894
0.002343
0.001148
0.001319
0.000047
0.000000
0.000000
0.000000
0.000846
0.001332
0.001040
0.000701
0.000212
0.000000
0.000000
0.000000
0.000000
0.000909
0.000670
0.000726
0.000544
0.000102
0.000000
0.000000
0.000000
0.000000
0.001653
0.000180
0.000175
0.000986
0.001588
0.000198
0.000000
0.000000
0.000000
0.000846
0.001332
0.001040
0.000701
0.000212
0.000000
0.000000
0.000000
0.000000
0.000636
0.000819
0.001036
0.001021
0.001959
0.000107
0.000000
0.000000
0.000000
0.001653
0.000180
0.000175
0.000986
0.001588
0.000198
0.000000
0.000000
0.000000
0.000763
0.001202
0.002458
0.001980
0.001344
0.000074
0.000000
0.000000
0.000000
0.000636
0.000819
0.001036
0.001021
0.001959
0.000107
0.000000
0.000000
0.000000
0.000944
0.000660
0.000789
0.001297
0.001098
0.000051
0.000000
0.000000
0.000000
0.000763
0.001202
0.002458
0.001980
0.001344
0.000074
0.000000
0.000000
0.000000
0.000312
0.000417
0.001080
0.001766
0.001859
0.000114
0.000000
0.000000
0.000000
0.000944
0.000660
0.000789
0.001297
0.001098
0.000051
0.000000
0.000000
0.000000
0.000932
0.001209
0.000763
0.001100
0.001266
0.000071
0.000000
0.000000
0.000000
0.000312
0.000417
0.001080
0.001766
0.001859
0.000114
0.000000
0.000000
0.000000
0.002479
0.000116
0.000179
0.000329
0.000629
0.000046
0.000000
0.000000
0.000000
0.000932
0.001209
0.000763
0.001100
0.001266
0.000071
0.000000
0.000000
0.000000
0.000845
0.000227
0.000424
0.001107
0.000677
0.000024
0.000000
0.000000
0.000000
0.002479
0.000116
0.000179
0.000329
0.000629
0.000046
0.000000
0.000000
0.000000
0.001211
0.000312
0.000528
0.001422
0.001326
0.000070
0.000000
0.000000
0.000000
0.000845
0.000227
0.000424
0.001107
0.000677
0.000024
0.000000
0.000000
0.000000
0.001161
0.000270
0.001133
0.001983
0.001447
0.000027
0.000000
0.000000
0.000000
0.001211
0.000312
0.000528
0.001422
0.001326
0.000070
0.000000
0.000000
0.000000
0.001218
0.001481
0.003098
0.001864
0.000786
0.000023
0.000000
0.000000
0.000000
0.001161
0.000270
0.001133
0.001983
0.001447
0.000027
0.000000
0.000000
0.000000
0.001420
0.002459
0.002067
0.001811
0.000752
0.000019
0.000000
0.000000
0.000000
0.001218
0.001481
0.003098
0.001864
0.000786
0.000023
0.000000
0.000000
0.000000
0.000143
0.001049
0.001436
0.002362
0.001700
0.000009
0.000000
0.000000
0.000000
0.001420
0.002459
0.002067
0.001811
0.000752
0.000019
0.000000
0.000000
0.000000
0.000888
0.001234
0.000870
0.001530
0.001347
0.000063
0.000000
0.000000
0.000000
