0.000974
0.004054
0.006078
0.008623
0.006159
0.001438
0.000000
0.000000
0.000000
0.000145
0.000212
0.000627
0.011138
0.013562
0.002245
0.000000
0.000000
0.000000
0.001576
0.000883
0.001846
0.003117
0.003992
0.000388
0.000000
0.000000
0.000000
0.000378
0.000228
0.000953
0.001601
0.001744
0.000053
0.000000
0.000000
0.000000
0.000145
0.000212
0.000627
0.011138
0.013562
0.002245
0.000000
0.000000
0.000000
0.000296
0.000225
0.000889
0.013882
0.011202
0.003685
0.000000
0.000000
0.000000
0.000378
0.000228
0.000953
0.001601
0.001744
0.000053
0.000000
0.000000
0.000000
0.001308
0.001895
0.001579
0.002109
0.002185
0.000305
0.000000
0.000000
0.000000
0.000296
0.000225
0.000889
0.013882
0.011202
0.003685
0.000000
0.000000
0.000000
0.000284
0.000533
0.002062
0.016644
0.017103
0.002693
0.000000
0.000000
0.000000
0.001308
0.001895
0.001579
0.002109
0.002185
0.000305
0.000000
0.000000
0.000000
0.000519
0.000822
0.003552
0.003875
0.002395
0.000491
0.000000
0.000000
0.000000
0.000284
0.000533
0.002062
0.016644
0.017103
0.002693
0.000000
0.000000
0.000000
0.000121
0.000316
0.001113
0.011192
0.011739
0.001224
0.000000
0.000000
0.000000
0.000519
0.000822
0.003552
0.003875
0.002395
0.000491
0.000000
0.000000
0.000000
0.000677
0.000136
0.000407
0.001594
0.002452
0.000127
0.000000
0.000000
0.000000
0.000121
0.000316
0.001113
0.011192
0.011739
0.001224
0.000000
0.000000
0.000000
0.000169
0.000085
0.001096
0.012564
0.014108
0.004380
0.000000
0.000000
0.000000
0.000677
0.000136
0.000407
0.001594
0.002452
0.000127
0.000000
0.000000
0.000000
0.001330
0.000006
0.000152
0.000393
0.002032
0.000199
0.000000
0.000000
0.000000
0.000169
0.000085
0.001096
0.012564
0.014108
0.004380
0.000000
0.000000
0.000000
0.004004
0.009573
0.005158
0.017433
0.020021
0.003393
0.000000
0.000000
0.000000
0.001330
0.000006
0.000152
0.000393
0.002032
0.000199
0.000000
0.000000
0.000000
0.001470
0.003387
0.004731
0.005850
0.007720
0.000806
0.000000
0.000000
0.000000
0.004004
0.009573
0.005158
0.017433
0.020021
0.003393
0.000000
0.000000
0.000000
0.000484
0.000022
0.001387
0.016042
0.012169
0.001791
0.000000
0.000000
0.000000
0.001470
0.003387
0.004731
0.005850
0.007720
0.000806
0.000000
0.000000
0.000000
0.000655
0.000230
0.000893
0.001110
0.002013
0.000080
0.000000
0.000000
0.000000
0.000484
0.000022
0.001387
0.016042
0.012169
0.001791
0.000000
0.000000
0.000000
0.000219
0.000075
0.001450
0.018318
0.009546
0.000208
0.000000
0.000000
0.000000
0.000655
0.000230
0.000893
0.001110
0.002013
0.000080
0.000000
0.000000
0.000000
0.001065
0.000229
0.000414
0.001567
0.001937
0.000084
0.000000
0.000000
0.000000
0.000219
0.000075
0.001450
0.018318
0.009546
0.000208
0.000000
0.000000
0.000000
0.000290
0.000109
0.002299
0.020409
0.009427
0.003471
0.000000
0.000000
0.000000
0.001065
0.000229
0.000414
0.001567
0.001937
0.000084
0.000000
0.000000
0.000000
0.000538
0.000260
0.000520
0.001831
0.001849
0.000105
0.000000
0.000000
0.000000
0.000290
0.000109
0.002299
0.020409
0.009427
0.003471
0.000000
0.000000
0.000000
0.000436
0.000069
0.002169
0.026713
0.015637
0.002709
0.000000
0.000000
0.000000
0.000538
0.000260
0.000520
0.001831
0.001849
0.000105
0.000000
0.000000
0.000000
0.001209
0.000000
0.000056
0.001059
0.002178
0.000044
0.000000
0.000000
0.000000
0.000436
0.000069
0.002169
0.026713
0.015637
0.002709
0.000000
0.000000
0.000000
0.000242
0.000057
0.000643
0.015949
0.011554
0.002506
0.000000
0.000000
0.000000
0.001209
0.000000
0.000056
0.001059
0.002178
0.000044
0.000000
0.000000
0.000000
0.000653
0.000071
0.000318
0.000905
0.001422
0.000113
0.000000
0.000000
0.000000
0.001576
0.000883
0.001846
0.003117
0.003992
0.000388
0.000000
0.000000
0.000000
0.000378
0.000228
0.000953
0.001601
0.001744
0.000053
0.000000
0.000000
0.000000
0.000274
0.000705
0.001222
0.000778
0.000696
0.000000
0.000000
0.000000
0.000000
0.000780
0.000595
0.000632
0.001468
0.001194
0.000022
0.000000
0.000000
0.000000
0.000378
0.000228
0.000953
0.001601
0.001744
0.000053
0.000000
0.000000
0.000000
0.001308
0.001895
0.001579
0.002109
0.002185
0.000305
0.000000
0.000000
0.000000
0.000780
0.000595
0.000632
0.001468
0.001194
0.000022
0.000000
0.000000
0.000000
0.004973
0.004045
0.001074
0.000774
0.000797
0.000016
0.000000
0.000000
0.000000
0.001308
0.001895
0.001579
0.002109
0.002185
0.000305
0.000000
0.000000
0.000000
0.000519
0.000822
0.003552
0.003875
0.002395
0.000491
0.000000
0.000000
0.000000
0.004973
0.004045
0.001074
0.000774
0.000797
0.000016
0.000000
0.000000
0.000000
0.002923
0.005300
0.005109
0.001753
0.000963
0.000202
0.000000
0.000000
0.000000
0.000519
0.000822
0.003552
0.003875
0.002395
0.000491
0.000000
0.000000
0.000000
0.000677
0.000136
0.000407
0.001594
0.002452
0.000127
0.000000
0.000000
0.000000
0.002923
0.005300
0.005109
0.001753
0.000963
0.000202
0.000000
0.000000
0.000000
0.000524
0.000992
0.001569
0.001395
0.000638
0.000056
0.000000
0.000000
0.000000
0.000677
0.000136
0.000407
0.001594
0.002452
0.000127
0.000000
0.000000
0.000000
0.001330
0.000006
0.000152
0.000393
0.002032
0.000199
0.000000
0.000000
0.000000
0.000524
0.000992
0.001569
0.001395
0.000638
0.000056
0.000000
0.000000
0.000000
0.000814
0.001395
0.001364
0.001971
0.001898
0.000176
0.000000
0.000000
0.000000
0.001330
0.000006
0.000152
0.000393
0.002032
0.000199
0.000000
0.000000
0.000000
0.001470
0.003387
0.004731
0.005850
0.007720
0.000806
0.000000
0.000000
0.000000
0.000814
0.001395
0.001364
0.001971
0.001898
0.000176
0.000000
0.000000
0.000000
0.000476
0.002129
0.002236
0.001501
0.000758
0.000033
0.000000
0.000000
0.000000
0.001470
0.003387
0.004731
0.005850
0.007720
0.000806
0.000000
0.000000
0.000000
0.000655
0.000230
0.000893
0.001110
0.002013
0.000080
0.000000
0.000000
0.000000
0.000476
0.002129
0.002236
0.001501
0.000758
0.000033
0.000000
0.000000
0.000000
0.000950
0.001554
0.001207
0.000921
0.000246
0.000007
0.000000
0.000000
0.000000
0.000655
0.000230
0.000893
0.001110
0.002013
0.000080
0.000000
0.000000
0.000000
0.001065
0.000229
0.000414
0.001567
0.001937
0.000084
0.000000
0.000000
0.000000
0.000950
0.001554
0.001207
0.000921
0.000246
0.000007
0.000000
0.000000
0.000000
0.000442
0.000855
0.000869
0.001906
0.001925
0.000096
0.000000
0.000000
0.000000
0.001065
0.000229
0.000414
0.001567
0.001937
0.000084
0.000000
0.000000
0.000000
0.000538
0.000260
0.000520
0.001831
0.001849
0.000105
0.000000
0.000000
0.000000
0.000442
0.000855
0.000869
0.001906
0.001925
0.000096
0.000000
0.000000
0.000000
0.000844
0.001686
0.001455
0.001712
0.000863
0.000017
0.000000
0.000000
0.000000
0.000538
0.000260
0.000520
0.001831
0.001849
0.000105
0.000000
0.000000
0.000000
0.001209
0.000000
0.000056
0.001059
0.002178
0.000044
0.000000
0.000000
0.000000
0.000844
0.001686
0.001455
0.001712
0.000863
0.000017
0.000000
0.000000
0.000000
0.000783
0.001132
0.000708
0.001075
0.000897
0.000048
0.000000
0.000000
0.000000
0.001209
0.000000
0.000056
0.001059
0.002178
0.000044
0.000000
0.000000
0.000000
0.000653
0.000071
0.000318
0.000905
0.001422
0.000113
0.000000
0.000000
0.000000
0.000783
0.001132
0.000708
0.001075
0.000897
0.000048
0.000000
0.000000
0.000000
0.000538
0.001085
0.001041
0.000915
0.000378
0.000033
0.000000
0.000000
0.000000
0.000274
0.000705
0.001222
0.000778
0.000696
0.000000
0.000000
0.000000
0.000000
0.000780
0.000595
0.000632
0.001468
0.001194
0.000022
0.000000
0.000000
0.000000
0.000335
0.000980
0.000802
0.001692
0.001688
0.000235
0.000000
0.000000
0.000000
0.000552
0.001655
0.001558
0.000849
0.000842
0.000008
0.000000
0.000000
0.000000
0.000780
0.000595
0.000632
0.001468
0.001194
0.000022
0.000000
0.000000
0.000000
0.004973
0.004045
0.001074
0.000774
0.000797
0.000016
0.000000
0.000000
0.000000
0.000552
0.001655
0.001558
0.000849
0.000842
0.000008
0.000000
0.000000
0.000000
0.004027
0.004265
0.001352
0.000615
0.000519
0.000007
0.000000
0.000000
0.000000
0.004973
0.004045
0.001074
0.000774
0.000797
0.000016
0.000000
0.000000
0.000000
0.002923
0.005300
0.005109
0.001753
0.000963
0.000202
0.000000
0.000000
0.000000
0.004027
0.004265
0.001352
0.000615
0.000519
0.000007
0.000000
0.000000
0.000000
0.003783
0.005634
0.003019
0.002909
0.003149
0.000174
0.000000
0.000000
0.000000
0.002923
0.005300
0.005109
0.001753
0.000963
0.000202
0.000000
0.000000
0.000000
0.000524
0.000992
0.001569
0.001395
0.000638
0.000056
0.000000
0.000000
0.000000
0.003783
0.005634
0.003019
0.002909
0.003149
0.000174
0.000000
0.000000
0.000000
0.001666
0.003253
0.001646
0.000740
0.000263
0.000026
0.000000
0.000000
0.000000
0.000524
0.000992
0.001569
0.001395
0.000638
0.000056
0.000000
0.000000
0.000000
0.000814
0.001395
0.001364
0.001971
0.001898
0.000176
0.000000
0.000000
0.000000
0.001666
0.003253
0.001646
0.000740
0.000263
0.000026
0.000000
0.000000
0.000000
0.001581
0.002891
0.002114
0.001062
0.000585
0.000036
0.000000
0.000000
0.000000
0.000814
0.001395
0.001364
0.001971
0.001898
0.000176
0.000000
0.000000
0.000000
0.000476
0.002129
0.002236
0.001501
0.000758
0.000033
0.000000
0.000000
0.000000
0.001581
0.002891
0.002114
0.001062
0.000585
0.000036
0.000000
0.000000
0.000000
0.002460
0.003322
0.002058
0.000767
0.000227
0.000016
0.000000
0.000000
0.000000
0.000476
0.002129
0.002236
0.001501
0.000758
0.000033
0.000000
0.000000
0.000000
0.000950
0.001554
0.001207
0.000921
0.000246
0.000007
0.000000
0.000000
0.000000
0.002460
0.003322
0.002058
0.000767
0.000227
0.000016
0.000000
0.000000
0.000000
0.001422
0.001963
0.002094
0.001940
0.000978
0.000042
0.000000
0.000000
0.000000
0.000950
0.001554
0.001207
0.000921
0.000246
0.000007
0.000000
0.000000
0.000000
0.000442
0.000855
0.000869
0.001906
0.001925
0.000096
0.000000
0.000000
0.000000
0.001422
0.001963
0.002094
0.001940
0.000978
0.000042
0.000000
0.000000
0.000000
0.001107
0.001077
0.002339
0.001781
0.000756
0.000098
0.000000
0.000000
0.000000
0.000442
0.000855
0.000869
0.001906
0.001925
0.000096
0.000000
0.000000
0.000000
0.000844
0.001686
0.001455
0.001712
0.000863
0.000017
0.000000
0.000000
0.000000
0.001107
0.001077
0.002339
0.001781
0.000756
0.000098
0.000000
0.000000
0.000000
0.002029
0.002896
0.002323
0.001419
0.000207
0.000000
0.000000
0.000000
0.000000
0.000844
0.001686
0.001455
0.001712
0.000863
0.000017
0.000000
0.000000
0.000000
0.000783
0.001132
0.000708
0.001075
0.000897
0.000048
0.000000
0.000000
0.000000
0.002029
0.002896
0.002323
0.001419
0.000207
0.000000
0.000000
0.000000
0.000000
0.001049
0.002094
0.001837
0.001368
0.000287
0.000016
0.000000
0.000000
0.000000
0.000783
0.001132
0.000708
0.001075
0.000897
0.000048
0.000000
0.000000
0.000000
0.000538
0.001085
0.001041
0.000915
0.000378
0.000033
0.000000
0.000000
0.000000
0.001049
0.002094
0.001837
0.001368
0.000287
0.000016
0.000000
0.000000
0.000000
0.001029
0.001081
0.001936
0.001551
0.001344
0.000120
0.000000
0.000000
0.000000
0.000335
0.000980
0.000802
0.001692
0.001688
0.000235
0.000000
0.000000
0.000000
0.000552
0.001655
0.001558
0.000849
0.000842
0.000008
0.000000
0.000000
0.000000
0.001299
0.001845
0.001626
0.001668
0.003191
0.000551
0.000000
0.000000
0.000000
0.000695
0.002106
0.001384
0.001568
0.000461
0.000000
0.000000
0.000000
0.000000
0.000552
0.001655
0.001558
0.000849
0.000842
0.000008
0.000000
0.000000
0.000000
0.004027
0.004265
0.001352
0.000615
0.000519
0.000007
0.000000
0.000000
0.000000
0.000695
0.002106
0.001384
0.001568
0.000461
0.000000
0.000000
0.000000
0.000000
0.002643
0.003666
0.001541
0.001588
0.000520
0.000102
0.000000
0.000000
0.000000
0.004027
0.004265
0.001352
0.000615
0.000519
0.000007
0.000000
0.000000
0.000000
0.003783
0.005634
0.003019
0.002909
0.003149
0.000174
0.000000
0.000000
0.000000
0.002643
0.003666
0.001541
0.001588
0.000520
0.000102
0.000000
0.000000
0.000000
0.002734
0.005035
0.003271
0.001544
0.000935
0.000046
0.000000
0.000000
0.000000
0.003783
0.005634
0.003019
0.002909
0.003149
0.000174
0.000000
0.000000
0.000000
0.001666
0.003253
0.001646
0.000740
0.000263
0.000026
0.000000
0.000000
0.000000
0.002734
0.005035
0.003271
0.001544
0.000935
0.000046
0.000000
0.000000
0.000000
0.001819
0.004041
0.002276
0.002257
0.001965
0.000095
0.000000
0.000000
0.000000
0.001666
0.003253
0.001646
0.000740
0.000263
0.000026
0.000000
0.000000
0.000000
0.001581
0.002891
0.002114
0.001062
0.000585
0.000036
0.000000
0.000000
0.000000
0.001819
0.004041
0.002276
0.002257
0.001965
0.000095
0.000000
0.000000
0.000000
0.000961
0.002864
0.002957
0.003070
0.001742
0.000109
0.000000
0.000000
0.000000
0.001581
0.002891
0.002114
0.001062
0.000585
0.000036
0.000000
0.000000
0.000000
0.002460
0.003322
0.002058
0.000767
0.000227
0.000016
0.000000
0.000000
0.000000
0.000961
0.002864
0.002957
0.003070
0.001742
0.000109
0.000000
0.000000
0.000000
0.002388
0.003450
0.003001
0.002183
0.001281
0.000102
0.000000
0.000000
0.000000
0.002460
0.003322
0.002058
0.000767
0.000227
0.000016
0.000000
0.000000
0.000000
0.001422
0.001963
0.002094
0.001940
0.000978
0.000042
0.000000
0.000000
0.000000
0.002388
0.003450
0.003001
0.002183
0.001281
0.000102
0.000000
0.000000
0.000000
0.001664
0.004218
0.001442
0.000728
0.000171
0.000000
0.000000
0.000000
0.000000
0.001422
0.001963
0.002094
0.001940
0.000978
0.000042
0.000000
0.000000
0.000000
0.001107
0.001077
0.002339
0.001781
0.000756
0.000098
0.000000
0.000000
0.000000
0.001664
0.004218
0.001442
0.000728
0.000171
0.000000
0.000000
0.000000
0.000000
0.001535
0.002944
0.003177
0.001399
0.000634
0.000007
0.000000
0.000000
0.000000
0.001107
0.001077
0.002339
0.001781
0.000756
0.000098
0.000000
0.000000
0.000000
0.002029
0.002896
0.002323
0.001419
0.000207
0.000000
0.000000
0.000000
0.000000
0.001535
0.002944
0.003177
0.001399
0.000634
0.000007
0.000000
0.000000
0.000000
0.003521
0.004842
0.003058
0.002248
0.000452
0.000000
0.000000
0.000000
0.000000
0.002029
0.002896
0.002323
0.001419
0.000207
0.000000
0.000000
0.000000
0.000000
0.001049
0.002094
0.001837
0.001368
0.000287
0.000016
0.000000
0.000000
0.000000
0.003521
0.004842
0.003058
0.002248
0.000452
0.000000
0.000000
0.000000
0.000000
0.000888
0.002385
0.001158
0.002038
0.001280
0.000133
0.000000
0.000000
0.000000
0.001049
0.002094
0.001837
0.001368
0.000287
0.000016
0.000000
0.000000
0.000000
0.001029
0.001081
0.001936
0.001551
0.001344
0.000120
0.000000
0.000000
0.000000
0.000888
0.002385
0.001158
0.002038
0.001280
0.000133
0.000000
0.000000
0.000000
0.002619
0.003979
0.001416
0.000781
0.000393
0.000051
0.000000
0.000000
0.000000
0.001299
0.001845
0.001626
0.001668
0.003191
0.000551
0.000000
0.000000
0.000000
0.000695
0.002106
0.001384
0.001568
0.000461
0.000000
0.000000
0.000000
0.000000
0.000266
0.000006
0.000189
0.001283
0.007310
0.001925
0.000000
0.000000
0.000000
0.000993
0.000152
0.000143
0.000793
0.006393
0.002261
0.000000
0.000000
0.000000
0.000695
0.002106
0.001384
0.001568
0.000461
0.000000
0.000000
0.000000
0.000000
0.002643
0.003666
0.001541
0.001588
0.000520
0.000102
0.000000
0.000000
0.000000
0.000993
0.000152
0.000143
0.000793
0.006393
0.002261
0.000000
0.000000
0.000000
0.000895
0.000006
0.000117
0.001023
0.008217
0.002244
0.000000
0.000000
0.000000
0.002643
0.003666
0.001541
0.001588
0.000520
0.000102
0.000000
0.000000
0.000000
0.002734
0.005035
0.003271
0.001544
0.000935
0.000046
0.000000
0.000000
0.000000
0.000895
0.000006
0.000117
0.001023
0.008217
0.002244
0.000000
0.000000
0.000000
0.001306
0.000098
0.000252
0.001263
0.007372
0.002308
0.000000
0.000000
0.000000
0.002734
0.005035
0.003271
0.001544
0.000935
0.000046
0.000000
0.000000
0.000000
0.001819
0.004041
0.002276
0.002257
0.001965
0.000095
0.000000
0.000000
0.000000
0.001306
0.000098
0.000252
0.001263
0.007372
0.002308
0.000000
0.000000
0.000000
0.002007
0.000057
0.000149
0.001056
0.006006
0.001895
0.000000
0.000000
0.000000
0.001819
0.004041
0.002276
0.002257
0.001965
0.000095
0.000000
0.000000
0.000000
0.000961
0.002864
0.002957
0.003070
0.001742
0.000109
0.000000
0.000000
0.000000
0.002007
0.000057
0.000149
0.001056
0.006006
0.001895
0.000000
0.000000
0.000000
0.000581
0.000298
0.000442
0.001523
0.007856
0.002164
0.000000
0.000000
0.000000
0.000961
0.002864
0.002957
0.003070
0.001742
0.000109
0.000000
0.000000
0.000000
0.002388
0.003450
0.003001
0.002183
0.001281
0.000102
0.000000
0.000000
0.000000
0.000581
0.000298
0.000442
0.001523
0.007856
0.002164
0.000000
0.000000
0.000000
0.000993
0.000234
0.000237
0.001020
0.007767
0.001935
0.000000
0.000000
0.000000
0.002388
0.003450
0.003001
0.002183
0.001281
0.000102
0.000000
0.000000
0.000000
0.001664
0.004218
0.001442
0.000728
0.000171
0.000000
0.000000
0.000000
0.000000
0.000993
0.000234
0.000237
0.001020
0.007767
0.001935
0.000000
0.000000
0.000000
0.000193
0.000052
0.000243
0.001709
0.007551
0.002318
0.000000
0.000000
0.000000
0.001664
0.004218
0.001442
0.000728
0.000171
0.000000
0.000000
0.000000
0.000000
0.001535
0.002944
0.003177
0.001399
0.000634
0.000007
0.000000
0.000000
0.000000
0.000193
0.000052
0.000243
0.001709
0.007551
0.002318
0.000000
0.000000
0.000000
0.001436
0.000263
0.000843
0.007067
0.015055
0.002758
0.000000
0.000000
0.000000
0.001535
0.002944
0.003177
0.001399
0.000634
0.000007
0.000000
0.000000
0.000000
0.003521
0.004842
0.003058
0.002248
0.000452
0.000000
0.000000
0.000000
0.000000
0.001436
0.000263
0.000843
0.007067
0.015055
0.002758
0.000000
0.000000
0.000000
0.001236
0.000545
0.001141
0.003762
0.025316
0.006640
0.000000
0.000000
0.000000
0.003521
0.004842
0.003058
0.002248
0.000452
0.000000
0.000000
0.000000
0.000000
0.000888
0.002385
0.001158
0.002038
0.001280
0.000133
0.000000
0.000000
0.000000
0.001236
0.000545
0.001141
0.003762
0.025316
0.006640
0.000000
0.000000
0.000000
0.000484
0.000006
0.000062
0.002858
0.022709
0.003891
0.000000
0.000000
0.000000
0.000888
0.002385
0.001158
0.002038
0.001280
0.000133
0.000000
0.000000
0.000000
0.002619
0.003979
0.001416
0.000781
0.000393
0.000051
0.000000
0.000000
0.000000
0.000484
0.000006
0.000062
0.002858
0.022709
0.003891
0.000000
0.000000
0.000000
0.000145
0.000000
0.000105
0.002622
0.021403
0.007933
0.000000
0.000000
0.000000
0.000266
0.000006
0.000189
0.001283
0.007310
0.001925
0.000000
0.000000
0.000000
0.000993
0.000152
0.000143
0.000793
0.006393
0.002261
0.000000
0.000000
0.000000
0.000339
0.000006
0.000111
0.000520
0.000331
0.000000
0.000000
0.000000
0.000000
0.000194
0.000149
0.000360
0.000476
0.000216
0.000007
0.000000
0.000000
0.000000
0.000993
0.000152
0.000143
0.000793
0.006393
0.002261
0.000000
0.000000
0.000000
0.000895
0.000006
0.000117
0.001023
0.008217
0.002244
0.000000
0.000000
0.000000
0.000194
0.000149
0.000360
0.000476
0.000216
0.000007
0.000000
0.000000
0.000000
0.000193
0.000074
0.000230
0.000373
0.000169
0.000000
0.000000
0.000000
0.000000
0.000895
0.000006
0.000117
0.001023
0.008217
0.002244
0.000000
0.000000
0.000000
0.001306
0.000098
0.000252
0.001263
0.007372
0.002308
0.000000
0.000000
0.000000
0.000193
0.000074
0.000230
0.000373
0.000169
0.000000
0.000000
0.000000
0.000000
0.000266
0.000033
0.000317
0.000505
0.000233
0.000000
0.000000
0.000000
0.000000
0.001306
0.000098
0.000252
0.001263
0.007372
0.002308
0.000000
0.000000
0.000000
0.002007
0.000057
0.000149
0.001056
0.006006
0.001895
0.000000
0.000000
0.000000
0.000266
0.000033
0.000317
0.000505
0.000233
0.000000
0.000000
0.000000
0.000000
0.000314
0.000117
0.000245
0.000479
0.000360
0.000007
0.000000
0.000000
0.000000
0.002007
0.000057
0.000149
0.001056
0.006006
0.001895
0.000000
0.000000
0.000000
0.000581
0.000298
0.000442
0.001523
0.007856
0.002164
0.000000
0.000000
0.000000
0.000314
0.000117
0.000245
0.000479
0.000360
0.000007
0.000000
0.000000
0.000000
0.000226
0.000465
0.000473
0.000492
0.000447
0.000049
0.000000
0.000000
0.000000
0.000581
0.000298
0.000442
0.001523
0.007856
0.002164
0.000000
0.000000
0.000000
0.000993
0.000234
0.000237
0.001020
0.007767
0.001935
0.000000
0.000000
0.000000
0.000226
0.000465
0.000473
0.000492
0.000447
0.000049
0.000000
0.000000
0.000000
0.000074
0.000187
0.000434
0.000410
0.000056
0.000000
0.000000
0.000000
0.000000
0.000993
0.000234
0.000237
0.001020
0.007767
0.001935
0.000000
0.000000
0.000000
0.000193
0.000052
0.000243
0.001709
0.007551
0.002318
0.000000
0.000000
0.000000
0.000074
0.000187
0.000434
0.000410
0.000056
0.000000
0.000000
0.000000
0.000000
0.002973
0.001806
0.000794
0.000447
0.000146
0.000000
0.000000
0.000000
0.000000
0.000193
0.000052
0.000243
0.001709
0.007551
0.002318
0.000000
0.000000
0.000000
0.001436
0.000263
0.000843
0.007067
0.015055
0.002758
0.000000
0.000000
0.000000
0.002973
0.001806
0.000794
0.000447
0.000146
0.000000
0.000000
0.000000
0.000000
0.016584
0.023695
0.014316
0.009192
0.005877
0.000921
0.000000
0.000000
0.000000
0.001436
0.000263
0.000843
0.007067
0.015055
0.002758
0.000000
0.000000
0.000000
0.001236
0.000545
0.001141
0.003762
0.025316
0.006640
0.000000
0.000000
0.000000
0.016584
0.023695
0.014316
0.009192
0.005877
0.000921
0.000000
0.000000
0.000000
0.012832
0.010587
0.011956
0.011055
0.011199
0.001614
0.000000
0.000000
0.000000
0.001236
0.000545
0.001141
0.003762
0.025316
0.006640
0.000000
0.000000
0.000000
0.000484
0.000006
0.000062
0.002858
0.022709
0.003891
0.000000
0.000000
0.000000
0.012832
0.010587
0.011956
0.011055
0.011199
0.001614
0.000000
0.000000
0.000000
0.003449
0.005192
0.013183
0.012811
0.011050
0.001469
0.000000
0.000000
0.000000
0.000484
0.000006
0.000062
0.002858
0.022709
0.003891
0.000000
0.000000
0.000000
0.000145
0.000000
0.000105
0.002622
0.021403
0.007933
0.000000
0.000000
0.000000
0.003449
0.005192
0.013183
0.012811
0.011050
0.001469
0.000000
0.000000
0.000000
0.002460
0.006693
0.003414
0.005183
0.015468
0.002957
0.000000
0.000000
0.000000
0.000339
0.000006
0.000111
0.000520
0.000331
0.000000
0.000000
0.000000
0.000000
0.000194
0.000149
0.000360
0.000476
0.000216
0.000007
0.000000
0.000000
0.000000
0.000145
0.000098
0.000273
0.000396
0.000200
0.000000
0.000000
0.000000
0.000000
0.000281
0.000220
0.000538
0.000406
0.000103
0.000000
0.000000
0.000000
0.000000
0.000194
0.000149
0.000360
0.000476
0.000216
0.000007
0.000000
0.000000
0.000000
0.000193
0.000074
0.000230
0.000373
0.000169
0.000000
0.000000
0.000000
0.000000
0.000281
0.000220
0.000538
0.000406
0.000103
0.000000
0.000000
0.000000
0.000000
0.000121
0.000057
0.000174
0.000371
0.000195
0.000000
0.000000
0.000000
0.000000
0.000193
0.000074
0.000230
0.000373
0.000169
0.000000
0.000000
0.000000
0.000000
0.000266
0.000033
0.000317
0.000505
0.000233
0.000000
0.000000
0.000000
0.000000
0.000121
0.000057
0.000174
0.000371
0.000195
0.000000
0.000000
0.000000
0.000000
0.000364
0.000075
0.000198
0.000519
0.000465
0.000000
0.000000
0.000000
0.000000
0.000266
0.000033
0.000317
0.000505
0.000233
0.000000
0.000000
0.000000
0.000000
0.000314
0.000117
0.000245
0.000479
0.000360
0.000007
0.000000
0.000000
0.000000
0.000364
0.000075
0.000198
0.000519
0.000465
0.000000
0.000000
0.000000
0.000000
0.000258
0.000683
0.000991
0.000963
0.000684
0.000000
0.000000
0.000000
0.000000
0.000314
0.000117
0.000245
0.000479
0.000360
0.000007
0.000000
0.000000
0.000000
0.000226
0.000465
0.000473
0.000492
0.000447
0.000049
0.000000
0.000000
0.000000
0.000258
0.000683
0.000991
0.000963
0.000684
0.000000
0.000000
0.000000
0.000000
0.000146
0.000184
0.000395
0.000576
0.000391
0.000000
0.000000
0.000000
0.000000
0.000226
0.000465
0.000473
0.000492
0.000447
0.000049
0.000000
0.000000
0.000000
0.000074
0.000187
0.000434
0.000410
0.000056
0.000000
0.000000
0.000000
0.000000
0.000146
0.000184
0.000395
0.000576
0.000391
0.000000
0.000000
0.000000
0.000000
0.000121
0.000249
0.000643
0.000469
0.000066
0.000000
0.000000
0.000000
0.000000
0.000074
0.000187
0.000434
0.000410
0.000056
0.000000
0.000000
0.000000
0.000000
0.002973
0.001806
0.000794
0.000447
0.000146
0.000000
0.000000
0.000000
0.000000
0.000121
0.000249
0.000643
0.000469
0.000066
0.000000
0.000000
0.000000
0.000000
0.002432
0.001565
0.000448
0.000445
0.000406
0.000000
0.000000
0.000000
0.000000
0.002973
0.001806
0.000794
0.000447
0.000146
0.000000
0.000000
0.000000
0.000000
0.016584
0.023695
0.014316
0.009192
0.005877
0.000921
0.000000
0.000000
0.000000
0.002432
0.001565
0.000448
0.000445
0.000406
0.000000
0.000000
0.000000
0.000000
0.015522
0.020294
0.008218
0.007437
0.007898
0.001179
0.000000
0.000000
0.000000
0.016584
0.023695
0.014316
0.009192
0.005877
0.000921
0.000000
0.000000
0.000000
0.012832
0.010587
0.011956
0.011055
0.011199
0.001614
0.000000
0.000000
0.000000
0.015522
0.020294
0.008218
0.007437
0.007898
0.001179
0.000000
0.000000
0.000000
0.002736
0.018144
0.019009
0.017548
0.008216
0.000771
0.000000
0.000000
0.000000
0.012832
0.010587
0.011956
0.011055
0.011199
0.001614
0.000000
0.000000
0.000000
0.003449
0.005192
0.013183
0.012811
0.011050
0.001469
0.000000
0.000000
0.000000
0.002736
0.018144
0.019009
0.017548
0.008216
0.000771
0.000000
0.000000
0.000000
0.003356
0.007947
0.007002
0.013668
0.009364
0.001294
0.000000
0.000000
0.000000
0.003449
0.005192
0.013183
0.012811
0.011050
0.001469
0.000000
0.000000
0.000000
0.002460
0.006693
0.003414
0.005183
0.015468
0.002957
0.000000
0.000000
0.000000
0.003356
0.007947
0.007002
0.013668
0.009364
0.001294
0.000000
0.000000
0.000000
0.001469
0.002914
0.004335
0.008227
0.006971
0.000409
0.000000
0.000000
0.000000
0.000145
0.000098
0.000273
0.000396
0.000200
0.000000
0.000000
0.000000
0.000000
0.000281
0.000220
0.000538
0.000406
0.000103
0.000000
0.000000
0.000000
0.000000
0.000073
0.000022
0.000198
0.000579
0.000264
0.000000
0.000000
0.000000
0.000000
0.000147
0.000210
0.000504
0.000537
0.000077
0.000000
0.000000
0.000000
0.000000
0.000281
0.000220
0.000538
0.000406
0.000103
0.000000
0.000000
0.000000
0.000000
0.000121
0.000057
0.000174
0.000371
0.000195
0.000000
0.000000
0.000000
0.000000
0.000147
0.000210
0.000504
0.000537
0.000077
0.000000
0.000000
0.000000
0.000000
0.000290
0.000098
0.000243
0.000623
0.000873
0.000024
0.000000
0.000000
0.000000
0.000121
0.000057
0.000174
0.000371
0.000195
0.000000
0.000000
0.000000
0.000000
0.000364
0.000075
0.000198
0.000519
0.000465
0.000000
0.000000
0.000000
0.000000
0.000290
0.000098
0.000243
0.000623
0.000873
0.000024
0.000000
0.000000
0.000000
0.000599
0.000403
0.000516
0.001080
0.000547
0.000024
0.000000
0.000000
0.000000
0.000364
0.000075
0.000198
0.000519
0.000465
0.000000
0.000000
0.000000
0.000000
0.000258
0.000683
0.000991
0.000963
0.000684
0.000000
0.000000
0.000000
0.000000
0.000599
0.000403
0.000516
0.001080
0.000547
0.000024
0.000000
0.000000
0.000000
0.000963
0.000967
0.000938
0.001461
0.000426
0.000007
0.000000
0.000000
0.000000
0.000258
0.000683
0.000991
0.000963
0.000684
0.000000
0.000000
0.000000
0.000000
0.000146
0.000184
0.000395
0.000576
0.000391
0.000000
0.000000
0.000000
0.000000
0.000963
0.000967
0.000938
0.001461
0.000426
0.000007
0.000000
0.000000
0.000000
0.000446
0.001312
0.000536
0.000530
0.000614
0.000043
0.000000
0.000000
0.000000
0.000146
0.000184
0.000395
0.000576
0.000391
0.000000
0.000000
0.000000
0.000000
0.000121
0.000249
0.000643
0.000469
0.000066
0.000000
0.000000
0.000000
0.000000
0.000446
0.001312
0.000536
0.000530
0.000614
0.000043
0.000000
0.000000
0.000000
0.000814
0.000959
0.000530
0.000505
0.000305
0.000007
0.000000
0.000000
0.000000
0.000121
0.000249
0.000643
0.000469
0.000066
0.000000
0.000000
0.000000
0.000000
0.002432
0.001565
0.000448
0.000445
0.000406
0.000000
0.000000
0.000000
0.000000
0.000814
0.000959
0.000530
0.000505
0.000305
0.000007
0.000000
0.000000
0.000000
0.001702
0.002307
0.000986
0.000750
0.000220
0.000007
0.000000
0.000000
0.000000
0.002432
0.001565
0.000448
0.000445
0.000406
0.000000
0.000000
0.000000
0.000000
0.015522
0.020294
0.008218
0.007437
0.007898
0.001179
0.000000
0.000000
0.000000
0.001702
0.002307
0.000986
0.000750
0.000220
0.000007
0.000000
0.000000
0.000000
0.022934
0.025994
0.023230
0.019926
0.011203
0.001391
0.000000
0.000000
0.000000
0.015522
0.020294
0.008218
0.007437
0.007898
0.001179
0.000000
0.000000
0.000000
0.002736
0.018144
0.019009
0.017548
0.008216
0.000771
0.000000
0.000000
0.000000
0.022934
0.025994
0.023230
0.019926
0.011203
0.001391
0.000000
0.000000
0.000000
0.017952
0.023737
0.023130
0.017635
0.023026
0.003020
0.000000
0.000000
0.000000
0.002736
0.018144
0.019009
0.017548
0.008216
0.000771
0.000000
0.000000
0.000000
0.003356
0.007947
0.007002
0.013668
0.009364
0.001294
0.000000
0.000000
0.000000
0.017952
0.023737
0.023130
0.017635
0.023026
0.003020
0.000000
0.000000
0.000000
0.003053
0.005430
0.008310
0.029346
0.027211
0.003714
0.000000
0.000000
0.000000
0.003356
0.007947
0.007002
0.013668
0.009364
0.001294
0.000000
0.000000
0.000000
0.001469
0.002914
0.004335
0.008227
0.006971
0.000409
0.000000
0.000000
0.000000
0.003053
0.005430
0.008310
0.029346
0.027211
0.003714
0.000000
0.000000
0.000000
0.001638
0.007382
0.006835
0.014136
0.027996
0.004689
0.000000
0.000000
0.000000
0.000073
0.000022
0.000198
0.000579
0.000264
0.000000
0.000000
0.000000
0.000000
0.000147
0.000210
0.000504
0.000537
0.000077
0.000000
0.000000
0.000000
0.000000
0.000422
0.000216
0.000637
0.000499
0.000257
0.000000
0.000000
0.000000
0.000000
0.001080
0.003438
0.002800
0.002301
0.002055
0.000199
0.000000
0.000000
0.000000
0.000147
0.000210
0.000504
0.000537
0.000077
0.000000
0.000000
0.000000
0.000000
0.000290
0.000098
0.000243
0.000623
0.000873
0.000024
0.000000
0.000000
0.000000
0.001080
0.003438
0.002800
0.002301
0.002055
0.000199
0.000000
0.000000
0.000000
0.000568
0.000310
0.001156
0.002904
0.003441
0.000399
0.000000
0.000000
0.000000
0.000290
0.000098
0.000243
0.000623
0.000873
0.000024
0.000000
0.000000
0.000000
0.000599
0.000403
0.000516
0.001080
0.000547
0.000024
0.000000
0.000000
0.000000
0.000568
0.000310
0.001156
0.002904
0.003441
0.000399
0.000000
0.000000
0.000000
0.000527
0.000587
0.001120
0.001797
0.001864
0.000101
0.000000
0.000000
0.000000
0.000599
0.000403
0.000516
0.001080
0.000547
0.000024
0.000000
0.000000
0.000000
0.000963
0.000967
0.000938
0.001461
0.000426
0.000007
0.000000
0.000000
0.000000
0.000527
0.000587
0.001120
0.001797
0.001864
0.000101
0.000000
0.000000
0.000000
0.000438
0.000926
0.001030
0.000617
0.000254
0.000000
0.000000
0.000000
0.000000
0.000963
0.000967
0.000938
0.001461
0.000426
0.000007
0.000000
0.000000
0.000000
0.000446
0.001312
0.000536
0.000530
0.000614
0.000043
0.000000
0.000000
0.000000
0.000438
0.000926
0.001030
0.000617
0.000254
0.000000
0.000000
0.000000
0.000000
0.001334
0.001355
0.000451
0.000615
0.000404
0.000000
0.000000
0.000000
0.000000
0.000446
0.001312
0.000536
0.000530
0.000614
0.000043
0.000000
0.000000
0.000000
0.000814
0.000959
0.000530
0.000505
0.000305
0.000007
0.000000
0.000000
0.000000
0.001334
0.001355
0.000451
0.000615
0.000404
0.000000
0.000000
0.000000
0.000000
0.001010
0.001697
0.002180
0.002222
0.000324
0.000014
0.000000
0.000000
0.000000
0.000814
0.000959
0.000530
0.000505
0.000305
0.000007
0.000000
0.000000
0.000000
0.001702
0.002307
0.000986
0.000750
0.000220
0.000007
0.000000
0.000000
0.000000
0.001010
0.001697
0.002180
0.002222
0.000324
0.000014
0.000000
0.000000
0.000000
0.003187
0.003847
0.002437
0.003372
0.002331
0.000278
0.000000
0.000000
0.000000
0.001702
0.002307
0.000986
0.000750
0.000220
0.000007
0.000000
0.000000
0.000000
0.022934
0.025994
0.023230
0.019926
0.011203
0.001391
0.000000
0.000000
0.000000
0.003187
0.003847
0.002437
0.003372
0.002331
0.000278
0.000000
0.000000
0.000000
0.058220
0.058856
0.029310
0.010960
0.004256
0.000000
0.000000
0.000000
0.000000
0.022934
0.025994
0.023230
0.019926
0.011203
0.001391
0.000000
0.000000
0.000000
0.017952
0.023737
0.023130
0.017635
0.023026
0.003020
0.000000
0.000000
0.000000
0.058220
0.058856
0.029310
0.010960
0.004256
0.000000
0.000000
0.000000
0.000000
0.047968
0.037346
0.014286
0.023032
0.015000
0.000901
0.000000
0.000000
0.000000
0.017952
0.023737
0.023130
0.017635
0.023026
0.003020
0.000000
0.000000
0.000000
0.003053
0.005430
0.008310
0.029346
0.027211
0.003714
0.000000
0.000000
0.000000
0.047968
0.037346
0.014286
0.023032
0.015000
0.000901
0.000000
0.000000
0.000000
0.007638
0.022936
0.028106
0.018437
0.008897
0.000772
0.000000
0.000000
0.000000
0.003053
0.005430
0.008310
0.029346
0.027211
0.003714
0.000000
0.000000
0.000000
0.001638
0.007382
0.006835
0.014136
0.027996
0.004689
0.000000
0.000000
0.000000
0.007638
0.022936
0.028106
0.018437
0.008897
0.000772
0.000000
0.000000
0.000000
0.003869
0.009252
0.016522
0.014453
0.014368
0.002665
0.000000
0.000000
0.000000
0.000422
0.000216
0.000637
0.000499
0.000257
0.000000
0.000000
0.000000
0.000000
0.001080
0.003438
0.002800
0.002301
0.002055
0.000199
0.000000
0.000000
0.000000
0.008651
0.007469
0.006725
0.007805
0.008180
0.000970
0.000000
0.000000
0.000000
0.004149
0.010337
0.008538
0.012770
0.021298
0.005344
0.000000
0.000000
0.000000
0.001080
0.003438
0.002800
0.002301
0.002055
0.000199
0.000000
0.000000
0.000000
0.000568
0.000310
0.001156
0.002904
0.003441
0.000399
0.000000
0.000000
0.000000
0.004149
0.010337
0.008538
0.012770
0.021298
0.005344
0.000000
0.000000
0.000000
0.007129
0.015322
0.007905
0.017196
0.047473
0.006123
0.000000
0.000000
0.000000
0.000568
0.000310
0.001156
0.002904
0.003441
0.000399
0.000000
0.000000
0.000000
0.000527
0.000587
0.001120
0.001797
0.001864
0.000101
0.000000
0.000000
0.000000
0.007129
0.015322
0.007905
0.017196
0.047473
0.006123
0.000000
0.000000
0.000000
0.002300
0.010615
0.012968
0.012949
0.046738
0.010500
0.000000
0.000000
0.000000
0.000527
0.000587
0.001120
0.001797
0.001864
0.000101
0.000000
0.000000
0.000000
0.000438
0.000926
0.001030
0.000617
0.000254
0.000000
0.000000
0.000000
0.000000
0.002300
0.010615
0.012968
0.012949
0.046738
0.010500
0.000000
0.000000
0.000000
0.003156
0.002899
0.009202
0.009093
0.038363
0.014401
0.000000
0.000000
0.000000
0.000438
0.000926
0.001030
0.000617
0.000254
0.000000
0.000000
0.000000
0.000000
0.001334
0.001355
0.000451
0.000615
0.000404
0.000000
0.000000
0.000000
0.000000
0.003156
0.002899
0.009202
0.009093
0.038363
0.014401
0.000000
0.000000
0.000000
0.002806
0.006475
0.005396
0.009237
0.030515
0.015019
0.000000
0.000000
0.000000
0.001334
0.001355
0.000451
0.000615
0.000404
0.000000
0.000000
0.000000
0.000000
0.001010
0.001697
0.002180
0.002222
0.000324
0.000014
0.000000
0.000000
0.000000
0.002806
0.006475
0.005396
0.009237
0.030515
0.015019
0.000000
0.000000
0.000000
0.003361
0.004057
0.008540
0.016753
0.042282
0.008528
0.000000
0.000000
0.000000
0.001010
0.001697
0.002180
0.002222
0.000324
0.000014
0.000000
0.000000
0.000000
0.003187
0.003847
0.002437
0.003372
0.002331
0.000278
0.000000
0.000000
0.000000
0.003361
0.004057
0.008540
0.016753
0.042282
0.008528
0.000000
0.000000
0.000000
0.004542
0.006990
0.012237
0.013525
0.038388
0.007427
0.000000
0.000000
0.000000
0.003187
0.003847
0.002437
0.003372
0.002331
0.000278
0.000000
0.000000
0.000000
0.058220
0.058856
0.029310
0.010960
0.004256
0.000000
0.000000
0.000000
0.000000
0.004542
0.006990
0.012237
0.013525
0.038388
0.007427
0.000000
0.000000
0.000000
0.048253
0.048591
0.032975
0.012291
0.005810
0.000116
0.000000
0.000000
0.000000
0.058220
0.058856
0.029310
0.010960
0.004256
0.000000
0.000000
0.000000
0.000000
0.047968
0.037346
0.014286
0.023032
0.015000
0.000901
0.000000
0.000000
0.000000
0.048253
0.048591
0.032975
0.012291
0.005810
0.000116
0.000000
0.000000
0.000000
0.036949
0.034331
0.028550
0.013047
0.005456
0.000832
0.000000
0.000000
0.000000
0.047968
0.037346
0.014286
0.023032
0.015000
0.000901
0.000000
0.000000
0.000000
0.007638
0.022936
0.028106
0.018437
0.008897
0.000772
0.000000
0.000000
0.000000
0.036949
0.034331
0.028550
0.013047
0.005456
0.000832
0.000000
0.000000
0.000000
0.006717
0.019103
0.015867
0.012264
0.008900
0.001494
0.000000
0.000000
0.000000
0.007638
0.022936
0.028106
0.018437
0.008897
0.000772
0.000000
0.000000
0.000000
0.003869
0.009252
0.016522
0.014453
0.014368
0.002665
0.000000
0.000000
0.000000
0.006717
0.019103
0.015867
0.012264
0.008900
0.001494
0.000000
0.000000
0.000000
0.005114
0.013828
0.007067
0.007134
0.005214
0.000332
0.000000
0.000000
0.000000
0.008651
0.007469
0.006725
0.007805
0.008180
0.000970
0.000000
0.000000
0.000000
0.004149
0.010337
0.008538
0.012770
0.021298
0.005344
0.000000
0.000000
0.000000
0.012482
0.022229
0.004310
0.005292
0.004945
0.001546
0.000000
0.000000
0.000000
0.006096
0.010191
0.011921
0.022369
0.031797
0.004822
0.000000
0.000000
0.000000
0.004149
0.010337
0.008538
0.012770
0.021298
0.005344
0.000000
0.000000
0.000000
0.007129
0.015322
0.007905
0.017196
0.047473
0.006123
0.000000
0.000000
0.000000
0.006096
0.010191
0.011921
0.022369
0.031797
0.004822
0.000000
0.000000
0.000000
0.013499
0.016603
0.009102
0.006774
0.019866
0.005394
0.000000
0.000000
0.000000
0.007129
0.015322
0.007905
0.017196
0.047473
0.006123
0.000000
0.000000
0.000000
0.002300
0.010615
0.012968
0.012949
0.046738
0.010500
0.000000
0.000000
0.000000
0.013499
0.016603
0.009102
0.006774
0.019866
0.005394
0.000000
0.000000
0.000000
0.014395
0.031440
0.015280
0.010749
0.011086
0.000910
0.000000
0.000000
0.000000
0.002300
0.010615
0.012968
0.012949
0.046738
0.010500
0.000000
0.000000
0.000000
0.003156
0.002899
0.009202
0.009093
0.038363
0.014401
0.000000
0.000000
0.000000
0.014395
0.031440
0.015280
0.010749
0.011086
0.000910
0.000000
0.000000
0.000000
0.003475
0.005577
0.011087
0.016511
0.013570
0.000754
0.000000
0.000000
0.000000
0.003156
0.002899
0.009202
0.009093
0.038363
0.014401
0.000000
0.000000
0.000000
0.002806
0.006475
0.005396
0.009237
0.030515
0.015019
0.000000
0.000000
0.000000
0.003475
0.005577
0.011087
0.016511
0.013570
0.000754
0.000000
0.000000
0.000000
0.010095
0.026576
0.019447
0.009359
0.012056
0.002022
0.000000
0.000000
0.000000
0.002806
0.006475
0.005396
0.009237
0.030515
0.015019
0.000000
0.000000
0.000000
0.003361
0.004057
0.008540
0.016753
0.042282
0.008528
0.000000
0.000000
0.000000
0.010095
0.026576
0.019447
0.009359
0.012056
0.002022
0.000000
0.000000
0.000000
0.004231
0.007699
0.010547
0.009622
0.027701
0.005271
0.000000
0.000000
0.000000
0.003361
0.004057
0.008540
0.016753
0.042282
0.008528
0.000000
0.000000
0.000000
0.004542
0.006990
0.012237
0.013525
0.038388
0.007427
0.000000
0.000000
0.000000
0.004231
0.007699
0.010547
0.009622
0.027701
0.005271
0.000000
0.000000
0.000000
0.007681
0.017769
0.016775
0.018484
0.017493
0.002587
0.000000
0.000000
0.000000
0.004542
0.006990
0.012237
0.013525
0.038388
0.007427
0.000000
0.000000
0.000000
0.048253
0.048591
0.032975
0.012291
0.005810
0.000116
0.000000
0.000000
0.000000
0.007681
0.017769
0.016775
0.018484
0.017493
0.002587
0.000000
0.000000
0.000000
0.004932
0.023073
0.022210
0.028018
0.023151
0.001481
0.000000
0.000000
0.000000
0.048253
0.048591
0.032975
0.012291
0.005810
0.000116
0.000000
0.000000
0.000000
0.036949
0.034331
0.028550
0.013047
0.005456
0.000832
0.000000
0.000000
0.000000
0.004932
0.023073
0.022210
0.028018
0.023151
0.001481
0.000000
0.000000
0.000000
0.015199
0.024103
0.023117
0.022158
0.010358
0.001183
0.000000
0.000000
0.000000
0.036949
0.034331
0.028550
0.013047
0.005456
0.000832
0.000000
0.000000
0.000000
0.006717
0.019103
0.015867
0.012264
0.008900
0.001494
0.000000
0.000000
0.000000
0.015199
0.024103
0.023117
0.022158
0.010358
0.001183
0.000000
0.000000
0.000000
0.004157
0.008811
0.015348
0.014851
0.012872
0.002818
0.000000
0.000000
0.000000
0.006717
0.019103
0.015867
0.012264
0.008900
0.001494
0.000000
0.000000
0.000000
0.005114
0.013828
0.007067
0.007134
0.005214
0.000332
0.000000
0.000000
0.000000
0.004157
0.008811
0.015348
0.014851
0.012872
0.002818
0.000000
0.000000
0.000000
0.005920
0.012435
0.008951
0.014009
0.013664
0.001242
0.000000
0.000000
0.000000
0.012482
0.022229
0.004310
0.005292
0.004945
0.001546
0.000000
0.000000
0.000000
0.006096
0.010191
0.011921
0.022369
0.031797
0.004822
0.000000
0.000000
0.000000
0.007067
0.025427
0.017667
0.012195
0.005855
0.001430
0.000000
0.000000
0.000000
0.003068
0.016779
0.027763
0.045110
0.024084
0.001246
0.000000
0.000000
0.000000
0.006096
0.010191
0.011921
0.022369
0.031797
0.004822
0.000000
0.000000
0.000000
0.013499
0.016603
0.009102
0.006774
0.019866
0.005394
0.000000
0.000000
0.000000
0.003068
0.016779
0.027763
0.045110
0.024084
0.001246
0.000000
0.000000
0.000000
0.003689
0.016931
0.016091
0.028815
0.040295
0.005267
0.000000
0.000000
0.000000
0.013499
0.016603
0.009102
0.006774
0.019866
0.005394
0.000000
0.000000
0.000000
0.014395
0.031440
0.015280
0.010749
0.011086
0.000910
0.000000
0.000000
0.000000
0.003689
0.016931
0.016091
0.028815
0.040295
0.005267
0.000000
0.000000
0.000000
0.002092
0.003350
0.010462
0.029936
0.043533
0.008342
0.000000
0.000000
0.000000
0.014395
0.031440
0.015280
0.010749
0.011086
0.000910
0.000000
0.000000
0.000000
0.003475
0.005577
0.011087
0.016511
0.013570
0.000754
0.000000
0.000000
0.000000
0.002092
0.003350
0.010462
0.029936
0.043533
0.008342
0.000000
0.000000
0.000000
0.001121
0.004908
0.007883
0.016050
0.041882
0.005535
0.000000
0.000000
0.000000
0.003475
0.005577
0.011087
0.016511
0.013570
0.000754
0.000000
0.000000
0.000000
0.010095
0.026576
0.019447
0.009359
0.012056
0.002022
0.000000
0.000000
0.000000
0.001121
0.004908
0.007883
0.016050
0.041882
0.005535
0.000000
0.000000
0.000000
0.008770
0.017404
0.017777
0.026942
0.022719
0.000378
0.000000
0.000000
0.000000
0.010095
0.026576
0.019447
0.009359
0.012056
0.002022
0.000000
0.000000
0.000000
0.004231
0.007699
0.010547
0.009622
0.027701
0.005271
0.000000
0.000000
0.000000
0.008770
0.017404
0.017777
0.026942
0.022719
0.000378
0.000000
0.000000
0.000000
0.000593
0.005490
0.013533
0.021559
0.045120
0.004698
0.000000
0.000000
0.000000
0.004231
0.007699
0.010547
0.009622
0.027701
0.005271
0.000000
0.000000
0.000000
0.007681
0.017769
0.016775
0.018484
0.017493
0.002587
0.000000
0.000000
0.000000
0.000593
0.005490
0.013533
0.021559
0.045120
0.004698
0.000000
0.000000
0.000000
0.002070
0.001410
0.002654
0.014623
0.053416
0.016070
0.000000
0.000000
0.000000
0.007681
0.017769
0.016775
0.018484
0.017493
0.002587
0.000000
0.000000
0.000000
0.004932
0.023073
0.022210
0.028018
0.023151
0.001481
0.000000
0.000000
0.000000
0.002070
0.001410
0.002654
0.014623
0.053416
0.016070
0.000000
0.000000
0.000000
0.001466
0.002736
0.006227
0.014266
0.063634
0.013448
0.000000
0.000000
0.000000
0.004932
0.023073
0.022210
0.028018
0.023151
0.001481
0.000000
0.000000
0.000000
0.015199
0.024103
0.023117
0.022158
0.010358
0.001183
0.000000
0.000000
0.000000
0.001466
0.002736
0.006227
0.014266
0.063634
0.013448
0.000000
0.000000
0.000000
0.002980
0.011402
0.015028
0.027344
0.027221
0.007017
0.000000
0.000000
0.000000
0.015199
0.024103
0.023117
0.022158
0.010358
0.001183
0.000000
0.000000
0.000000
0.004157
0.008811
0.015348
0.014851
0.012872
0.002818
0.000000
0.000000
0.000000
0.002980
0.011402
0.015028
0.027344
0.027221
0.007017
0.000000
0.000000
0.000000
0.008966
0.009468
0.009122
0.027345
0.053081
0.010916
0.000000
0.000000
0.000000
0.004157
0.008811
0.015348
0.014851
0.012872
0.002818
0.000000
0.000000
0.000000
0.005920
0.012435
0.008951
0.014009
0.013664
0.001242
0.000000
0.000000
0.000000
0.008966
0.009468
0.009122
0.027345
0.053081
0.010916
0.000000
0.000000
0.000000
0.002817
0.004966
0.009393
0.018757
0.041954
0.019973
0.000000
0.000000
0.000000
0.007067
0.025427
0.017667
0.012195
0.005855
0.001430
0.000000
0.000000
0.000000
0.003068
0.016779
0.027763
0.045110
0.024084
0.001246
0.000000
0.000000
0.000000
0.012552
0.020866
0.014699
0.005959
0.006256
0.000072
0.000000
0.000000
0.000000
0.006497
0.020355
0.030059
0.027711
0.026897
0.005733
0.000000
0.000000
0.000000
0.003068
0.016779
0.027763
0.045110
0.024084
0.001246
0.000000
0.000000
0.000000
0.003689
0.016931
0.016091
0.028815
0.040295
0.005267
0.000000
0.000000
0.000000
0.006497
0.020355
0.030059
0.027711
0.026897
0.005733
0.000000
0.000000
0.000000
0.014401
0.020688
0.030863
0.033137
0.022450
0.004347
0.000000
0.000000
0.000000
0.003689
0.016931
0.016091
0.028815
0.040295
0.005267
0.000000
0.000000
0.000000
0.002092
0.003350
0.010462
0.029936
0.043533
0.008342
0.000000
0.000000
0.000000
0.014401
0.020688
0.030863
0.033137
0.022450
0.004347
0.000000
0.000000
0.000000
0.008386
0.037790
0.038533
0.050540
0.022514
0.001759
0.000000
0.000000
0.000000
0.002092
0.003350
0.010462
0.029936
0.043533
0.008342
0.000000
0.000000
0.000000
0.001121
0.004908
0.007883
0.016050
0.041882
0.005535
0.000000
0.000000
0.000000
0.008386
0.037790
0.038533
0.050540
0.022514
0.001759
0.000000
0.000000
0.000000
0.010984
0.020873
0.038544
0.050233
0.024685
0.007866
0.000000
0.000000
0.000000
0.001121
0.004908
0.007883
0.016050
0.041882
0.005535
0.000000
0.000000
0.000000
0.008770
0.017404
0.017777
0.026942
0.022719
0.000378
0.000000
0.000000
0.000000
0.010984
0.020873
0.038544
0.050233
0.024685
0.007866
0.000000
0.000000
0.000000
0.009592
0.025369
0.028948
0.032941
0.044414
0.005127
0.000000
0.000000
0.000000
0.008770
0.017404
0.017777
0.026942
0.022719
0.000378
0.000000
0.000000
0.000000
0.000593
0.005490
0.013533
0.021559
0.045120
0.004698
0.000000
0.000000
0.000000
0.009592
0.025369
0.028948
0.032941
0.044414
0.005127
0.000000
0.000000
0.000000
0.010330
0.032621
0.035817
0.029039
0.035521
0.005142
0.000000
0.000000
0.000000
0.000593
0.005490
0.013533
0.021559
0.045120
0.004698
0.000000
0.000000
0.000000
0.002070
0.001410
0.002654
0.014623
0.053416
0.016070
0.000000
0.000000
0.000000
0.010330
0.032621
0.035817
0.029039
0.035521
0.005142
0.000000
0.000000
0.000000
0.008909
0.015422
0.017684
0.055381
0.052634
0.004512
0.000000
0.000000
0.000000
0.002070
0.001410
0.002654
0.014623
0.053416
0.016070
0.000000
0.000000
0.000000
0.001466
0.002736
0.006227
0.014266
0.063634
0.013448
0.000000
0.000000
0.000000
0.008909
0.015422
0.017684
0.055381
0.052634
0.004512
0.000000
0.000000
0.000000
0.006956
0.013121
0.024336
0.039774
0.021113
0.002426
0.000000
0.000000
0.000000
0.001466
0.002736
0.006227
0.014266
0.063634
0.013448
0.000000
0.000000
0.000000
0.002980
0.011402
0.015028
0.027344
0.027221
0.007017
0.000000
0.000000
0.000000
0.006956
0.013121
0.024336
0.039774
0.021113
0.002426
0.000000
0.000000
0.000000
0.008821
0.017986
0.032813
0.041992
0.037911
0.007353
0.000000
0.000000
0.000000
0.002980
0.011402
0.015028
0.027344
0.027221
0.007017
0.000000
0.000000
0.000000
0.008966
0.009468
0.009122
0.027345
0.053081
0.010916
0.000000
0.000000
0.000000
0.008821
0.017986
0.032813
0.041992
0.037911
0.007353
0.000000
0.000000
0.000000
0.001778
0.004993
0.012623
0.029971
0.033992
0.004759
0.000000
0.000000
0.000000
0.008966
0.009468
0.009122
0.027345
0.053081
0.010916
0.000000
0.000000
0.000000
0.002817
0.004966
0.009393
0.018757
0.041954
0.019973
0.000000
0.000000
0.000000
0.001778
0.004993
0.012623
0.029971
0.033992
0.004759
0.000000
0.000000
0.000000
0.003671
0.008362
0.009447
0.013977
0.023054
0.006682
0.000000
0.000000
0.000000
0.012552
0.020866
0.014699
0.005959
0.006256
0.000072
0.000000
0.000000
0.000000
0.006497
0.020355
0.030059
0.027711
0.026897
0.005733
0.000000
0.000000
0.000000
0.004383
0.017437
0.017892
0.010376
0.006879
0.000849
0.000000
0.000000
0.000000
0.006355
0.013813
0.015392
0.026762
0.042090
0.007013
0.000000
0.000000
0.000000
0.006497
0.020355
0.030059
0.027711
0.026897
0.005733
0.000000
0.000000
0.000000
0.014401
0.020688
0.030863
0.033137
0.022450
0.004347
0.000000
0.000000
0.000000
0.006355
0.013813
0.015392
0.026762
0.042090
0.007013
0.000000
0.000000
0.000000
0.006353
0.015278
0.017847
0.022477
0.024472
0.002123
0.000000
0.000000
0.000000
0.014401
0.020688
0.030863
0.033137
0.022450
0.004347
0.000000
0.000000
0.000000
0.008386
0.037790
0.038533
0.050540
0.022514
0.001759
0.000000
0.000000
0.000000
0.006353
0.015278
0.017847
0.022477
0.024472
0.002123
0.000000
0.000000
0.000000
0.001331
0.001546
0.010328
0.032555
0.028515
0.001966
0.000000
0.000000
0.000000
0.008386
0.037790
0.038533
0.050540
0.022514
0.001759
0.000000
0.000000
0.000000
0.010984
0.020873
0.038544
0.050233
0.024685
0.007866
0.000000
0.000000
0.000000
0.001331
0.001546
0.010328
0.032555
0.028515
0.001966
0.000000
0.000000
0.000000
0.001032
0.001416
0.004861
0.016966
0.030821
0.004970
0.000000
0.000000
0.000000
0.010984
0.020873
0.038544
0.050233
0.024685
0.007866
0.000000
0.000000
0.000000
0.009592
0.025369
0.028948
0.032941
0.044414
0.005127
0.000000
0.000000
0.000000
0.001032
0.001416
0.004861
0.016966
0.030821
0.004970
0.000000
0.000000
0.000000
0.003515
0.007461
0.013455
0.028187
0.029056
0.004773
0.000000
0.000000
0.000000
0.009592
0.025369
0.028948
0.032941
0.044414
0.005127
0.000000
0.000000
0.000000
0.010330
0.032621
0.035817
0.029039
0.035521
0.005142
0.000000
0.000000
0.000000
0.003515
0.007461
0.013455
0.028187
0.029056
0.004773
0.000000
0.000000
0.000000
0.002908
0.014403
0.017940
0.025666
0.029915
0.002748
0.000000
0.000000
0.000000
0.010330
0.032621
0.035817
0.029039
0.035521
0.005142
0.000000
0.000000
0.000000
0.008909
0.015422
0.017684
0.055381
0.052634
0.004512
0.000000
0.000000
0.000000
0.002908
0.014403
0.017940
0.025666
0.029915
0.002748
0.000000
0.000000
0.000000
0.006683
0.005707
0.020424
0.034316
0.058145
0.014105
0.000000
0.000000
0.000000
0.008909
0.015422
0.017684
0.055381
0.052634
0.004512
0.000000
0.000000
0.000000
0.006956
0.013121
0.024336
0.039774
0.021113
0.002426
0.000000
0.000000
0.000000
0.006683
0.005707
0.020424
0.034316
0.058145
0.014105
0.000000
0.000000
0.000000
0.001694
0.009783
0.021665
0.037037
0.041832
0.003018
0.000000
0.000000
0.000000
0.006956
0.013121
0.024336
0.039774
0.021113
0.002426
0.000000
0.000000
0.000000
0.008821
0.017986
0.032813
0.041992
0.037911
0.007353
0.000000
0.000000
0.000000
0.001694
0.009783
0.021665
0.037037
0.041832
0.003018
0.000000
0.000000
0.000000
0.004621
0.009818
0.013710
0.037214
0.042664
0.007751
0.000000
0.000000
0.000000
0.008821
0.017986
0.032813
0.041992
0.037911
0.007353
0.000000
0.000000
0.000000
0.001778
0.004993
0.012623
0.029971
0.033992
0.004759
0.000000
0.000000
0.000000
0.004621
0.009818
0.013710
0.037214
0.042664
0.007751
0.000000
0.000000
0.000000
0.007695
0.003688
0.008527
0.032344
0.073556
0.019010
0.000000
0.000000
0.000000
0.001778
0.004993
0.012623
0.029971
0.033992
0.004759
0.000000
0.000000
0.000000
0.003671
0.008362
0.009447
0.013977
0.023054
0.006682
0.000000
0.000000
0.000000
0.007695
0.003688
0.008527
0.032344
0.073556
0.019010
0.000000
0.000000
0.000000
0.000000
0.001999
0.008064
0.022005
0.058392
0.015065
0.000000
0.000000
0.000000
0.004383
0.017437
0.017892
0.010376
0.006879
0.000849
0.000000
0.000000
0.000000
0.006355
0.013813
0.015392
0.026762
0.042090
0.007013
0.000000
0.000000
0.000000
0.005139
0.006704
0.004829
0.015697
0.021356
0.002617
0.000000
0.000000
0.000000
0.001976
0.005904
0.008970
0.018119
0.022955
0.002843
0.000000
0.000000
0.000000
0.006355
0.013813
0.015392
0.026762
0.042090
0.007013
0.000000
0.000000
0.000000
0.006353
0.015278
0.017847
0.022477
0.024472
0.002123
0.000000
0.000000
0.000000
0.001976
0.005904
0.008970
0.018119
0.022955
0.002843
0.000000
0.000000
0.000000
0.003411
0.009983
0.016755
0.021341
0.039905
0.011301
0.000000
0.000000
0.000000
0.006353
0.015278
0.017847
0.022477
0.024472
0.002123
0.000000
0.000000
0.000000
0.001331
0.001546
0.010328
0.032555
0.028515
0.001966
0.000000
0.000000
0.000000
0.003411
0.009983
0.016755
0.021341
0.039905
0.011301
0.000000
0.000000
0.000000
0.000739
0.001409
0.006308
0.010555
0.020676
0.001905
0.000000
0.000000
0.000000
0.001331
0.001546
0.010328
0.032555
0.028515
0.001966
0.000000
0.000000
0.000000
0.001032
0.001416
0.004861
0.016966
0.030821
0.004970
0.000000
0.000000
0.000000
0.000739
0.001409
0.006308
0.010555
0.020676
0.001905
0.000000
0.000000
0.000000
0.001906
0.000879
0.005875
0.010865
0.009428
0.001539
0.000000
0.000000
0.000000
0.001032
0.001416
0.004861
0.016966
0.030821
0.004970
0.000000
0.000000
0.000000
0.003515
0.007461
0.013455
0.028187
0.029056
0.004773
0.000000
0.000000
0.000000
0.001906
0.000879
0.005875
0.010865
0.009428
0.001539
0.000000
0.000000
0.000000
0.001296
0.002403
0.003145
0.007558
0.017364
0.002643
0.000000
0.000000
0.000000
0.003515
0.007461
0.013455
0.028187
0.029056
0.004773
0.000000
0.000000
0.000000
0.002908
0.014403
0.017940
0.025666
0.029915
0.002748
0.000000
0.000000
0.000000
0.001296
0.002403
0.003145
0.007558
0.017364
0.002643
0.000000
0.000000
0.000000
0.001046
0.000308
0.001709
0.011325
0.018633
0.003589
0.000000
0.000000
0.000000
0.002908
0.014403
0.017940
0.025666
0.029915
0.002748
0.000000
0.000000
0.000000
0.006683
0.005707
0.020424
0.034316
0.058145
0.014105
0.000000
0.000000
0.000000
0.001046
0.000308
0.001709
0.011325
0.018633
0.003589
0.000000
0.000000
0.000000
0.001013
0.003156
0.013028
0.027848
0.033055
0.004115
0.000000
0.000000
0.000000
0.006683
0.005707
0.020424
0.034316
0.058145
0.014105
0.000000
0.000000
0.000000
0.001694
0.009783
0.021665
0.037037
0.041832
0.003018
0.000000
0.000000
0.000000
0.001013
0.003156
0.013028
0.027848
0.033055
0.004115
0.000000
0.000000
0.000000
0.005614
0.011504
0.016042
0.036061
0.032117
0.004502
0.000000
0.000000
0.000000
0.001694
0.009783
0.021665
0.037037
0.041832
0.003018
0.000000
0.000000
0.000000
0.004621
0.009818
0.013710
0.037214
0.042664
0.007751
0.000000
0.000000
0.000000
0.005614
0.011504
0.016042
0.036061
0.032117
0.004502
0.000000
0.000000
0.000000
0.004241
0.009622
0.012929
0.035560
0.057520
0.009182
0.000000
0.000000
0.000000
0.004621
0.009818
0.013710
0.037214
0.042664
0.007751
0.000000
0.000000
0.000000
0.007695
0.003688
0.008527
0.032344
0.073556
0.019010
0.000000
0.000000
0.000000
0.004241
0.009622
0.012929
0.035560
0.057520
0.009182
0.000000
0.000000
0.000000
0.001701
0.001382
0.017506
0.055161
0.073844
0.008016
0.000000
0.000000
0.000000
0.007695
0.003688
0.008527
0.032344
0.073556
0.019010
0.000000
0.000000
0.000000
0.000000
0.001999
0.008064
0.022005
0.058392
0.015065
0.000000
0.000000
0.000000
0.001701
0.001382
0.017506
0.055161
0.073844
0.008016
0.000000
0.000000
0.000000
0.000242
0.001021
0.001420
0.018985
0.074657
0.015971
0.000000
0.000000
0.000000
0.005139
0.006704
0.004829
0.015697
0.021356
0.002617
0.000000
0.000000
0.000000
0.001976
0.005904
0.008970
0.018119
0.022955
0.002843
0.000000
0.000000
0.000000
0.002517
0.006516
0.008496
0.015753
0.013376
0.001221
0.000000
0.000000
0.000000
0.004056
0.007854
0.016466
0.027186
0.024024
0.001928
0.000000
0.000000
0.000000
0.001976
0.005904
0.008970
0.018119
0.022955
0.002843
0.000000
0.000000
0.000000
0.003411
0.009983
0.016755
0.021341
0.039905
0.011301
0.000000
0.000000
0.000000
0.004056
0.007854
0.016466
0.027186
0.024024
0.001928
0.000000
0.000000
0.000000
0.001287
0.003945
0.013508
0.029616
0.059011
0.008919
0.000000
0.000000
0.000000
0.003411
0.009983
0.016755
0.021341
0.039905
0.011301
0.000000
0.000000
0.000000
0.000739
0.001409
0.006308
0.010555
0.020676
0.001905
0.000000
0.000000
0.000000
0.001287
0.003945
0.013508
0.029616
0.059011
0.008919
0.000000
0.000000
0.000000
0.001098
0.005092
0.006214
0.012551
0.025121
0.003533
0.000000
0.000000
0.000000
0.000739
0.001409
0.006308
0.010555
0.020676
0.001905
0.000000
0.000000
0.000000
0.001906
0.000879
0.005875
0.010865
0.009428
0.001539
0.000000
0.000000
0.000000
0.001098
0.005092
0.006214
0.012551
0.025121
0.003533
0.000000
0.000000
0.000000
0.000810
0.006461
0.011859
0.040315
0.044196
0.007325
0.000000
0.000000
0.000000
0.001906
0.000879
0.005875
0.010865
0.009428
0.001539
0.000000
0.000000
0.000000
0.001296
0.002403
0.003145
0.007558
0.017364
0.002643
0.000000
0.000000
0.000000
0.000810
0.006461
0.011859
0.040315
0.044196
0.007325
0.000000
0.000000
0.000000
0.002225
0.005961
0.006443
0.020613
0.029395
0.005583
0.000000
0.000000
0.000000
0.001296
0.002403
0.003145
0.007558
0.017364
0.002643
0.000000
0.000000
0.000000
0.001046
0.000308
0.001709
0.011325
0.018633
0.003589
0.000000
0.000000
0.000000
0.002225
0.005961
0.006443
0.020613
0.029395
0.005583
0.000000
0.000000
0.000000
0.000633
0.001336
0.003794
0.005522
0.021327
0.004989
0.000000
0.000000
0.000000
0.001046
0.000308
0.001709
0.011325
0.018633
0.003589
0.000000
0.000000
0.000000
0.001013
0.003156
0.013028
0.027848
0.033055
0.004115
0.000000
0.000000
0.000000
0.000633
0.001336
0.003794
0.005522
0.021327
0.004989
0.000000
0.000000
0.000000
0.001767
0.005168
0.004023
0.004235
0.007853
0.000748
0.000000
0.000000
0.000000
0.001013
0.003156
0.013028
0.027848
0.033055
0.004115
0.000000
0.000000
0.000000
0.005614
0.011504
0.016042
0.036061
0.032117
0.004502
0.000000
0.000000
0.000000
0.001767
0.005168
0.004023
0.004235
0.007853
0.000748
0.000000
0.000000
0.000000
0.001727
0.001476
0.003124
0.003771
0.004497
0.000422
0.000000
0.000000
0.000000
0.005614
0.011504
0.016042
0.036061
0.032117
0.004502
0.000000
0.000000
0.000000
0.004241
0.009622
0.012929
0.035560
0.057520
0.009182
0.000000
0.000000
0.000000
0.001727
0.001476
0.003124
0.003771
0.004497
0.000422
0.000000
0.000000
0.000000
0.001486
0.003465
0.007680
0.025418
0.020671
0.002989
0.000000
0.000000
0.000000
0.004241
0.009622
0.012929
0.035560
0.057520
0.009182
0.000000
0.000000
0.000000
0.001701
0.001382
0.017506
0.055161
0.073844
0.008016
0.000000
0.000000
0.000000
0.001486
0.003465
0.007680
0.025418
0.020671
0.002989
0.000000
0.000000
0.000000
0.001156
0.001580
0.003308
0.009845
0.011744
0.001457
0.000000
0.000000
0.000000
0.001701
0.001382
0.017506
0.055161
0.073844
0.008016
0.000000
0.000000
0.000000
0.000242
0.001021
0.001420
0.018985
0.074657
0.015971
0.000000
0.000000
0.000000
0.001156
0.001580
0.003308
0.009845
0.011744
0.001457
0.000000
0.000000
0.000000
0.001369
0.002072
0.003200
0.012048
0.019807
0.003530
0.000000
0.000000
0.000000
0.002517
0.006516
0.008496
0.015753
0.013376
0.001221
0.000000
0.000000
0.000000
0.004056
0.007854
0.016466
0.027186
0.024024
0.001928
0.000000
0.000000
0.000000
0.001916
0.004546
0.003927
0.014508
0.036198
0.005427
0.000000
0.000000
0.000000
0.000698
0.002705
0.010053
0.013122
0.020687
0.004385
0.000000
0.000000
0.000000
0.004056
0.007854
0.016466
0.027186
0.024024
0.001928
0.000000
0.000000
0.000000
0.001287
0.003945
0.013508
0.029616
0.059011
0.008919
0.000000
0.000000
0.000000
0.000698
0.002705
0.010053
0.013122
0.020687
0.004385
0.000000
0.000000
0.000000
0.003085
0.004016
0.006278
0.008377
0.029845
0.006433
0.000000
0.000000
0.000000
0.001287
0.003945
0.013508
0.029616
0.059011
0.008919
0.000000
0.000000
0.000000
0.001098
0.005092
0.006214
0.012551
0.025121
0.003533
0.000000
0.000000
0.000000
0.003085
0.004016
0.006278
0.008377
0.029845
0.006433
0.000000
0.000000
0.000000
0.001479
0.000733
0.003150
0.013210
0.029708
0.003976
0.000000
0.000000
0.000000
0.001098
0.005092
0.006214
0.012551
0.025121
0.003533
0.000000
0.000000
0.000000
0.000810
0.006461
0.011859
0.040315
0.044196
0.007325
0.000000
0.000000
0.000000
0.001479
0.000733
0.003150
0.013210
0.029708
0.003976
0.000000
0.000000
0.000000
0.001818
0.003914
0.003563
0.015868
0.028951
0.002759
0.000000
0.000000
0.000000
0.000810
0.006461
0.011859
0.040315
0.044196
0.007325
0.000000
0.000000
0.000000
0.002225
0.005961
0.006443
0.020613
0.029395
0.005583
0.000000
0.000000
0.000000
0.001818
0.003914
0.003563
0.015868
0.028951
0.002759
0.000000
0.000000
0.000000
0.000771
0.002635
0.004020
0.020627
0.026197
0.006227
0.000000
0.000000
0.000000
0.002225
0.005961
0.006443
0.020613
0.029395
0.005583
0.000000
0.000000
0.000000
0.000633
0.001336
0.003794
0.005522
0.021327
0.004989
0.000000
0.000000
0.000000
0.000771
0.002635
0.004020
0.020627
0.026197
0.006227
0.000000
0.000000
0.000000
0.000979
0.002801
0.007210
0.007528
0.018964
0.006721
0.000000
0.000000
0.000000
0.000633
0.001336
0.003794
0.005522
0.021327
0.004989
0.000000
0.000000
0.000000
0.001767
0.005168
0.004023
0.004235
0.007853
0.000748
0.000000
0.000000
0.000000
0.000979
0.002801
0.007210
0.007528
0.018964
0.006721
0.000000
0.000000
0.000000
0.001950
0.000708
0.001572
0.011409
0.036910
0.010829
0.000000
0.000000
0.000000
0.001767
0.005168
0.004023
0.004235
0.007853
0.000748
0.000000
0.000000
0.000000
0.001727
0.001476
0.003124
0.003771
0.004497
0.000422
0.000000
0.000000
0.000000
0.001950
0.000708
0.001572
0.011409
0.036910
0.010829
0.000000
0.000000
0.000000
0.002454
0.002361
0.006196
0.011891
0.037011
0.006173
0.000000
0.000000
0.000000
0.001727
0.001476
0.003124
0.003771
0.004497
0.000422
0.000000
0.000000
0.000000
0.001486
0.003465
0.007680
0.025418
0.020671
0.002989
0.000000
0.000000
0.000000
0.002454
0.002361
0.006196
0.011891
0.037011
0.006173
0.000000
0.000000
0.000000
0.002251
0.001263
0.004205
0.015361
0.024176
0.004443
0.000000
0.000000
0.000000
0.001486
0.003465
0.007680
0.025418
0.020671
0.002989
0.000000
0.000000
0.000000
0.001156
0.001580
0.003308
0.009845
0.011744
0.001457
0.000000
0.000000
0.000000
0.002251
0.001263
0.004205
0.015361
0.024176
0.004443
0.000000
0.000000
0.000000
0.000970
0.002259
0.005416
0.009878
0.023124
0.004370
0.000000
0.000000
0.000000
0.001156
0.001580
0.003308
0.009845
0.011744
0.001457
0.000000
0.000000
0.000000
0.001369
0.002072
0.003200
0.012048
0.019807
0.003530
0.000000
0.000000
0.000000
0.000970
0.002259
0.005416
0.009878
0.023124
0.004370
0.000000
0.000000
0.000000
0.002530
0.006234
0.010642
0.009712
0.013138
0.000834
0.000000
0.000000
0.000000
0.001916
0.004546
0.003927
0.014508
0.036198
0.005427
0.000000
0.000000
0.000000
0.000698
0.002705
0.010053
0.013122
0.020687
0.004385
0.000000
0.000000
0.000000
0.001127
0.002220
0.003710
0.010776
0.025183
0.003702
0.000000
0.000000
0.000000
0.000625
0.003293
0.003619
0.011113
0.030789
0.005500
0.000000
0.000000
0.000000
0.000698
0.002705
0.010053
0.013122
0.020687
0.004385
0.000000
0.000000
0.000000
0.003085
0.004016
0.006278
0.008377
0.029845
0.006433
0.000000
0.000000
0.000000
0.000625
0.003293
0.003619
0.011113
0.030789
0.005500
0.000000
0.000000
0.000000
0.000991
0.003835
0.006788
0.013319
0.021707
0.002713
0.000000
0.000000
0.000000
0.003085
0.004016
0.006278
0.008377
0.029845
0.006433
0.000000
0.000000
0.000000
0.001479
0.000733
0.003150
0.013210
0.029708
0.003976
0.000000
0.000000
0.000000
0.000991
0.003835
0.006788
0.013319
0.021707
0.002713
0.000000
0.000000
0.000000
0.002124
0.003765
0.006242
0.010648
0.022148
0.002904
0.000000
0.000000
0.000000
0.001479
0.000733
0.003150
0.013210
0.029708
0.003976
0.000000
0.000000
0.000000
0.001818
0.003914
0.003563
0.015868
0.028951
0.002759
0.000000
0.000000
0.000000
0.002124
0.003765
0.006242
0.010648
0.022148
0.002904
0.000000
0.000000
0.000000
0.002413
0.001230
0.004122
0.011599
0.028674
0.005572
0.000000
0.000000
0.000000
0.001818
0.003914
0.003563
0.015868
0.028951
0.002759
0.000000
0.000000
0.000000
0.000771
0.002635
0.004020
0.020627
0.026197
0.006227
0.000000
0.000000
0.000000
0.002413
0.001230
0.004122
0.011599
0.028674
0.005572
0.000000
0.000000
0.000000
0.002351
0.002554
0.004839
0.017786
0.024770
0.004671
0.000000
0.000000
0.000000
0.000771
0.002635
0.004020
0.020627
0.026197
0.006227
0.000000
0.000000
0.000000
0.000979
0.002801
0.007210
0.007528
0.018964
0.006721
0.000000
0.000000
0.000000
0.002351
0.002554
0.004839
0.017786
0.024770
0.004671
0.000000
0.000000
0.000000
0.000624
0.002303
0.005143
0.013974
0.029658
0.003986
0.000000
0.000000
0.000000
0.000979
0.002801
0.007210
0.007528
0.018964
0.006721
0.000000
0.000000
0.000000
0.001950
0.000708
0.001572
0.011409
0.036910
0.010829
0.000000
0.000000
0.000000
0.000624
0.002303
0.005143
0.013974
0.029658
0.003986
0.000000
0.000000
0.000000
0.001681
0.001628
0.005926
0.014838
0.021573
0.004771
0.000000
0.000000
0.000000
0.001950
0.000708
0.001572
0.011409
0.036910
0.010829
0.000000
0.000000
0.000000
0.002454
0.002361
0.006196
0.011891
0.037011
0.006173
0.000000
0.000000
0.000000
0.001681
0.001628
0.005926
0.014838
0.021573
0.004771
0.000000
0.000000
0.000000
0.002188
0.004016
0.007166
0.016111
0.013413
0.001501
0.000000
0.000000
0.000000
0.002454
0.002361
0.006196
0.011891
0.037011
0.006173
0.000000
0.000000
0.000000
0.002251
0.001263
0.004205
0.015361
0.024176
0.004443
0.000000
0.000000
0.000000
0.002188
0.004016
0.007166
0.016111
0.013413
0.001501
0.000000
0.000000
0.000000
0.001396
0.002757
0.002489
0.009701
0.024406
0.003116
0.000000
0.000000
0.000000
0.002251
0.001263
0.004205
0.015361
0.024176
0.004443
0.000000
0.000000
0.000000
0.000970
0.002259
0.005416
0.009878
0.023124
0.004370
0.000000
0.000000
0.000000
0.001396
0.002757
0.002489
0.009701
0.024406
0.003116
0.000000
0.000000
0.000000
0.002011
0.002741
0.006861
0.019754
0.033189
0.004192
0.000000
0.000000
0.000000
0.000970
0.002259
0.005416
0.009878
0.023124
0.004370
0.000000
0.000000
0.000000
0.002530
0.006234
0.010642
0.009712
0.013138
0.000834
0.000000
0.000000
0.000000
0.002011
0.002741
0.006861
0.019754
0.033189
0.004192
0.000000
0.000000
0.000000
0.001720
0.002701
0.005645
0.012765
0.017482
0.003987
0.000000
0.000000
0.000000
0.001127
0.002220
0.003710
0.010776
0.025183
0.003702
0.000000
0.000000
0.000000
0.000625
0.003293
0.003619
0.011113
0.030789
0.005500
0.000000
0.000000
0.000000
0.002219
0.000624
0.004730
0.016622
0.019002
0.002385
0.000000
0.000000
0.000000
0.001690
0.002303
0.008704
0.017030
0.025370
0.006614
0.000000
0.000000
0.000000
0.000625
0.003293
0.003619
0.011113
0.030789
0.005500
0.000000
0.000000
0.000000
0.000991
0.003835
0.006788
0.013319
0.021707
0.002713
0.000000
0.000000
0.000000
0.001690
0.002303
0.008704
0.017030
0.025370
0.006614
0.000000
0.000000
0.000000
0.000375
0.002737
0.006582
0.013684
0.022889
0.005045
0.000000
0.000000
0.000000
0.000991
0.003835
0.006788
0.013319
0.021707
0.002713
0.000000
0.000000
0.000000
0.002124
0.003765
0.006242
0.010648
0.022148
0.002904
0.000000
0.000000
0.000000
0.000375
0.002737
0.006582
0.013684
0.022889
0.005045
0.000000
0.000000
0.000000
0.000540
0.002734
0.004422
0.010606
0.017644
0.002090
0.000000
0.000000
0.000000
0.002124
0.003765
0.006242
0.010648
0.022148
0.002904
0.000000
0.000000
0.000000
0.002413
0.001230
0.004122
0.011599
0.028674
0.005572
0.000000
0.000000
0.000000
0.000540
0.002734
0.004422
0.010606
0.017644
0.002090
0.000000
0.000000
0.000000
0.000991
0.002286
0.004132
0.008220
0.013775
0.003530
0.000000
0.000000
0.000000
0.002413
0.001230
0.004122
0.011599
0.028674
0.005572
0.000000
0.000000
0.000000
0.002351
0.002554
0.004839
0.017786
0.024770
0.004671
0.000000
0.000000
0.000000
0.000991
0.002286
0.004132
0.008220
0.013775
0.003530
0.000000
0.000000
0.000000
0.002280
0.001972
0.007005
0.012043
0.014763
0.002778
0.000000
0.000000
0.000000
0.002351
0.002554
0.004839
0.017786
0.024770
0.004671
0.000000
0.000000
0.000000
0.000624
0.002303
0.005143
0.013974
0.029658
0.003986
0.000000
0.000000
0.000000
0.002280
0.001972
0.007005
0.012043
0.014763
0.002778
0.000000
0.000000
0.000000
0.001938
0.002232
0.005052
0.012369
0.027376
0.003215
0.000000
0.000000
0.000000
0.000624
0.002303
0.005143
0.013974
0.029658
0.003986
0.000000
0.000000
0.000000
0.001681
0.001628
0.005926
0.014838
0.021573
0.004771
0.000000
0.000000
0.000000
0.001938
0.002232
0.005052
0.012369
0.027376
0.003215
0.000000
0.000000
0.000000
0.000907
0.000792
0.004157
0.013446
0.036405
0.005858
0.000000
0.000000
0.000000
0.001681
0.001628
0.005926
0.014838
0.021573
0.004771
0.000000
0.000000
0.000000
0.002188
0.004016
0.007166
0.016111
0.013413
0.001501
0.000000
0.000000
0.000000
0.000907
0.000792
0.004157
0.013446
0.036405
0.005858
0.000000
0.000000
0.000000
0.000024
0.000304
0.003447
0.013620
0.029048
0.003829
0.000000
0.000000
0.000000
0.002188
0.004016
0.007166
0.016111
0.013413
0.001501
0.000000
0.000000
0.000000
0.001396
0.002757
0.002489
0.009701
0.024406
0.003116
0.000000
0.000000
0.000000
0.000024
0.000304
0.003447
0.013620
0.029048
0.003829
0.000000
0.000000
0.000000
0.002461
0.002333
0.003764
0.009524
0.019566
0.004741
0.000000
0.000000
0.000000
0.001396
0.002757
0.002489
0.009701
0.024406
0.003116
0.000000
0.000000
0.000000
0.002011
0.002741
0.006861
0.019754
0.033189
0.004192
0.000000
0.000000
0.000000
0.002461
0.002333
0.003764
0.009524
0.019566
0.004741
0.000000
0.000000
0.000000
0.001330
0.000753
0.006070
0.018018
0.027976
0.003307
0.000000
0.000000
0.000000
0.002011
0.002741
0.006861
0.019754
0.033189
0.004192
0.000000
0.000000
0.000000
0.001720
0.002701
0.005645
0.012765
0.017482
0.003987
0.000000
0.000000
0.000000
0.001330
0.000753
0.006070
0.018018
0.027976
0.003307
0.000000
0.000000
0.000000
0.003080
0.001304
0.003990
0.008849
0.027411
0.006194
0.000000
0.000000
0.000000
