0.011319
0.010756
0.003311
0.002007
0.000766
0.000014
0.000000
0.000000
0.000000
0.101635
0.006299
0.001448
0.001089
0.000670
0.000060
0.000000
0.000000
0.000000
0.016536
0.008199
0.003061
0.003589
0.000590
0.000000
0.000000
0.000000
0.000000
0.114310
0.010446
0.002072
0.001020
0.000422
0.000000
0.000000
0.000000
0.000000
0.101635
0.006299
0.001448
0.001089
0.000670
0.000060
0.000000
0.000000
0.000000
0.002398
0.002899
0.002675
0.001299
0.000038
0.000000
0.000000
0.000000
0.000000
0.114310
0.010446
0.002072
0.001020
0.000422
0.000000
0.000000
0.000000
0.000000
0.003420
0.004431
0.002556
0.001625
0.000740
0.000006
0.000000
0.000000
0.000000
0.002398
0.002899
0.002675
0.001299
0.000038
0.000000
0.000000
0.000000
0.000000
0.004850
0.002438
0.001348
0.001271
0.000647
0.000065
0.000000
0.000000
0.000000
0.003420
0.004431
0.002556
0.001625
0.000740
0.000006
0.000000
0.000000
0.000000
0.004601
0.003079
0.001703
0.001721
0.001053
0.000013
0.000000
0.000000
0.000000
0.004850
0.002438
0.001348
0.001271
0.000647
0.000065
0.000000
0.000000
0.000000
0.005113
0.004359
0.000974
0.001170
0.000250
0.000000
0.000000
0.000000
0.000000
0.004601
0.003079
0.001703
0.001721
0.001053
0.000013
0.000000
0.000000
0.000000
0.006099
0.008441
0.001700
0.000673
0.000155
0.000000
0.000000
0.000000
0.000000
0.005113
0.004359
0.000974
0.001170
0.000250
0.000000
0.000000
0.000000
0.000000
0.001731
0.002695
0.003101
0.001456
0.000637
0.000025
0.000000
0.000000
0.000000
0.006099
0.008441
0.001700
0.000673
0.000155
0.000000
0.000000
0.000000
0.000000
0.003395
0.004283
0.003964
0.001380
0.000554
0.000085
0.000000
0.000000
0.000000
0.001731
0.002695
0.003101
0.001456
0.000637
0.000025
0.000000
0.000000
0.000000
0.049907
0.007820
0.000891
0.000750
0.000545
0.000054
0.000000
0.000000
0.000000
0.003395
0.004283
0.003964
0.001380
0.000554
0.000085
0.000000
0.000000
0.000000
0.054532
0.012286
0.002751
0.001007
0.000380
0.000054
0.000000
0.000000
0.000000
0.049907
0.007820
0.000891
0.000750
0.000545
0.000054
0.000000
0.000000
0.000000
0.049506
0.011338
0.000854
0.000503
0.000018
0.000000
0.000000
0.000000
0.000000
0.054532
0.012286
0.002751
0.001007
0.000380
0.000054
0.000000
0.000000
0.000000
0.059136
0.013451
0.002315
0.001424
0.000283
0.000000
0.000000
0.000000
0.000000
0.049506
0.011338
0.000854
0.000503
0.000018
0.000000
0.000000
0.000000
0.000000
0.000458
0.000988
0.001890
0.001403
0.000372
0.000000
0.000000
0.000000
0.000000
0.059136
0.013451
0.002315
0.001424
0.000283
0.000000
0.000000
0.000000
0.000000
0.000212
0.001237
0.002299
0.005167
0.021030
0.003582
0.000000
0.000000
0.000000
0.000458
0.000988
0.001890
0.001403
0.000372
0.000000
0.000000
0.000000
0.000000
0.000938
0.000760
0.001002
0.000844
0.000837
0.000060
0.000000
0.000000
0.000000
0.000212
0.001237
0.002299
0.005167
0.021030
0.003582
0.000000
0.000000
0.000000
0.001738
0.000677
0.002289
0.008249
0.017477
0.004103
0.000000
0.000000
0.000000
0.000938
0.000760
0.001002
0.000844
0.000837
0.000060
0.000000
0.000000
0.000000
0.001279
0.001021
0.000777
0.000792
0.000634
0.000000
0.000000
0.000000
0.000000
0.001738
0.000677
0.002289
0.008249
0.017477
0.004103
0.000000
0.000000
0.000000
0.000470
0.001137
0.003645
0.017382
0.051559
0.009840
0.000000
0.000000
0.000000
0.001279
0.001021
0.000777
0.000792
0.000634
0.000000
0.000000
0.000000
0.000000
0.000348
0.000619
0.000719
0.001142
0.000598
0.000042
0.000000
0.000000
0.000000
0.000470
0.001137
0.003645
0.017382
0.051559
0.009840
0.000000
0.000000
0.000000
0.001030
0.000610
0.003864
0.007906
0.044261
0.007194
0.000000
0.000000
0.000000
0.016536
0.008199
0.003061
0.003589
0.000590
0.000000
0.000000
0.000000
0.000000
0.114310
0.010446
0.002072
0.001020
0.000422
0.000000
0.000000
0.000000
0.000000
0.020482
0.009640
0.003220
0.001038
0.000211
0.000002
0.000000
0.000000
0.000000
0.111740
0.006475
0.001318
0.001965
0.002075
0.000254
0.000000
0.000000
0.000000
0.114310
0.010446
0.002072
0.001020
0.000422
0.000000
0.000000
0.000000
0.000000
0.003420
0.004431
0.002556
0.001625
0.000740
0.000006
0.000000
0.000000
0.000000
0.111740
0.006475
0.001318
0.001965
0.002075
0.000254
0.000000
0.000000
0.000000
0.002864
0.002713
0.003100
0.003471
0.001746
0.000589
0.000000
0.000000
0.000000
0.003420
0.004431
0.002556
0.001625
0.000740
0.000006
0.000000
0.000000
0.000000
0.004601
0.003079
0.001703
0.001721
0.001053
0.000013
0.000000
0.000000
0.000000
0.002864
0.002713
0.003100
0.003471
0.001746
0.000589
0.000000
0.000000
0.000000
0.003497
0.002986
0.004375
0.007318
0.034095
0.006082
0.000000
0.000000
0.000000
0.004601
0.003079
0.001703
0.001721
0.001053
0.000013
0.000000
0.000000
0.000000
0.006099
0.008441
0.001700
0.000673
0.000155
0.000000
0.000000
0.000000
0.000000
0.003497
0.002986
0.004375
0.007318
0.034095
0.006082
0.000000
0.000000
0.000000
0.002773
0.006380
0.009897
0.014306
0.074653
0.012259
0.000000
0.000000
0.000000
0.006099
0.008441
0.001700
0.000673
0.000155
0.000000
0.000000
0.000000
0.000000
0.003395
0.004283
0.003964
0.001380
0.000554
0.000085
0.000000
0.000000
0.000000
0.002773
0.006380
0.009897
0.014306
0.074653
0.012259
0.000000
0.000000
0.000000
0.001965
0.004811
0.005530
0.013318
0.073161
0.019597
0.000000
0.000000
0.000000
0.003395
0.004283
0.003964
0.001380
0.000554
0.000085
0.000000
0.000000
0.000000
0.054532
0.012286
0.002751
0.001007
0.000380
0.000054
0.000000
0.000000
0.000000
0.001965
0.004811
0.005530
0.013318
0.073161
0.019597
0.000000
0.000000
0.000000
0.009964
0.006624
0.008328
0.027406
0.064864
0.009015
0.000000
0.000000
0.000000
0.054532
0.012286
0.002751
0.001007
0.000380
0.000054
0.000000
0.000000
0.000000
0.059136
0.013451
0.002315
0.001424
0.000283
0.000000
0.000000
0.000000
0.000000
0.009964
0.006624
0.008328
0.027406
0.064864
0.009015
0.000000
0.000000
0.000000
0.021685
0.024342
0.026864
0.033147
0.048941
0.010074
0.000000
0.000000
0.000000
0.059136
0.013451
0.002315
0.001424
0.000283
0.000000
0.000000
0.000000
0.000000
0.000212
0.001237
0.002299
0.005167
0.021030
0.003582
0.000000
0.000000
0.000000
0.021685
0.024342
0.026864
0.033147
0.048941
0.010074
0.000000
0.000000
0.000000
0.000673
0.000970
0.003540
0.018768
0.059086
0.007658
0.000000
0.000000
0.000000
0.000212
0.001237
0.002299
0.005167
0.021030
0.003582
0.000000
0.000000
0.000000
0.001738
0.000677
0.002289
0.008249
0.017477
0.004103
0.000000
0.000000
0.000000
0.000673
0.000970
0.003540
0.018768
0.059086
0.007658
0.000000
0.000000
0.000000
0.003576
0.005156
0.004784
0.037687
0.100983
0.017948
0.000000
0.000000
0.000000
0.001738
0.000677
0.002289
0.008249
0.017477
0.004103
0.000000
0.000000
0.000000
0.000470
0.001137
0.003645
0.017382
0.051559
0.009840
0.000000
0.000000
0.000000
0.003576
0.005156
0.004784
0.037687
0.100983
0.017948
0.000000
0.000000
0.000000
0.001013
0.000745
0.011722
0.020428
0.127546
0.019755
0.000000
0.000000
0.000000
0.000470
0.001137
0.003645
0.017382
0.051559
0.009840
0.000000
0.000000
0.000000
0.001030
0.000610
0.003864
0.007906
0.044261
0.007194
0.000000
0.000000
0.000000
0.001013
0.000745
0.011722
0.020428
0.127546
0.019755
0.000000
0.000000
0.000000
0.000213
0.000000
0.002470
0.007095
0.024164
0.002416
0.000000
0.000000
0.000000
0.020482
0.009640
0.003220
0.001038
0.000211
0.000002
0.000000
0.000000
0.000000
0.111740
0.006475
0.001318
0.001965
0.002075
0.000254
0.000000
0.000000
0.000000
0.007572
0.008771
0.008780
0.017705
0.066353
0.012153
0.000000
0.000000
0.000000
0.030695
0.033802
0.026664
0.015676
0.072658
0.013488
0.000000
0.000000
0.000000
0.111740
0.006475
0.001318
0.001965
0.002075
0.000254
0.000000
0.000000
0.000000
0.002864
0.002713
0.003100
0.003471
0.001746
0.000589
0.000000
0.000000
0.000000
0.030695
0.033802
0.026664
0.015676
0.072658
0.013488
0.000000
0.000000
0.000000
0.001006
0.004952
0.008811
0.029455
0.172637
0.029242
0.000000
0.000000
0.000000
0.002864
0.002713
0.003100
0.003471
0.001746
0.000589
0.000000
0.000000
0.000000
0.003497
0.002986
0.004375
0.007318
0.034095
0.006082
0.000000
0.000000
0.000000
0.001006
0.004952
0.008811
0.029455
0.172637
0.029242
0.000000
0.000000
0.000000
0.000000
0.000196
0.001103
0.018960
0.171030
0.018489
0.000000
0.000000
0.000000
0.003497
0.002986
0.004375
0.007318
0.034095
0.006082
0.000000
0.000000
0.000000
0.002773
0.006380
0.009897
0.014306
0.074653
0.012259
0.000000
0.000000
0.000000
0.000000
0.000196
0.001103
0.018960
0.171030
0.018489
0.000000
0.000000
0.000000
0.002551
0.001821
0.006184
0.026589
0.090871
0.011084
0.000000
0.000000
0.000000
0.002773
0.006380
0.009897
0.014306
0.074653
0.012259
0.000000
0.000000
0.000000
0.001965
0.004811
0.005530
0.013318
0.073161
0.019597
0.000000
0.000000
0.000000
0.002551
0.001821
0.006184
0.026589
0.090871
0.011084
0.000000
0.000000
0.000000
0.000000
0.001092
0.001351
0.013320
0.065542
0.005314
0.000000
0.000000
0.000000
0.001965
0.004811
0.005530
0.013318
0.073161
0.019597
0.000000
0.000000
0.000000
0.009964
0.006624
0.008328
0.027406
0.064864
0.009015
0.000000
0.000000
0.000000
0.000000
0.001092
0.001351
0.013320
0.065542
0.005314
0.000000
0.000000
0.000000
0.000431
0.000313
0.000965
0.007304
0.055817
0.006150
0.000000
0.000000
0.000000
0.009964
0.006624
0.008328
0.027406
0.064864
0.009015
0.000000
0.000000
0.000000
0.021685
0.024342
0.026864
0.033147
0.048941
0.010074
0.000000
0.000000
0.000000
0.000431
0.000313
0.000965
0.007304
0.055817
0.006150
0.000000
0.000000
0.000000
0.000886
0.000194
0.001460
0.006467
0.020921
0.001804
0.000000
0.000000
0.000000
0.021685
0.024342
0.026864
0.033147
0.048941
0.010074
0.000000
0.000000
0.000000
0.000673
0.000970
0.003540
0.018768
0.059086
0.007658
0.000000
0.000000
0.000000
0.000886
0.000194
0.001460
0.006467
0.020921
0.001804
0.000000
0.000000
0.000000
0.001891
0.000883
0.001554
0.003997
0.003100
0.000046
0.000000
0.000000
0.000000
0.000673
0.000970
0.003540
0.018768
0.059086
0.007658
0.000000
0.000000
0.000000
0.003576
0.005156
0.004784
0.037687
0.100983
0.017948
0.000000
0.000000
0.000000
0.001891
0.000883
0.001554
0.003997
0.003100
0.000046
0.000000
0.000000
0.000000
0.001362
0.000943
0.001543
0.001898
0.003255
0.000371
0.000000
0.000000
0.000000
0.003576
0.005156
0.004784
0.037687
0.100983
0.017948
0.000000
0.000000
0.000000
0.001013
0.000745
0.011722
0.020428
0.127546
0.019755
0.000000
0.000000
0.000000
0.001362
0.000943
0.001543
0.001898
0.003255
0.000371
0.000000
0.000000
0.000000
0.001064
0.001117
0.001598
0.002957
0.001871
0.000033
0.000000
0.000000
0.000000
0.001013
0.000745
0.011722
0.020428
0.127546
0.019755
0.000000
0.000000
0.000000
0.000213
0.000000
0.002470
0.007095
0.024164
0.002416
0.000000
0.000000
0.000000
0.001064
0.001117
0.001598
0.002957
0.001871
0.000033
0.000000
0.000000
0.000000
0.000552
0.000726
0.001417
0.001732
0.001883
0.000110
0.000000
0.000000
0.000000
0.007572
0.008771
0.008780
0.017705
0.066353
0.012153
0.000000
0.000000
0.000000
0.030695
0.033802
0.026664
0.015676
0.072658
0.013488
0.000000
0.000000
0.000000
0.001369
0.000015
0.002408
0.011813
0.043082
0.007030
0.000000
0.000000
0.000000
0.000669
0.003105
0.004997
0.026046
0.047770
0.005278
0.000000
0.000000
0.000000
0.030695
0.033802
0.026664
0.015676
0.072658
0.013488
0.000000
0.000000
0.000000
0.001006
0.004952
0.008811
0.029455
0.172637
0.029242
0.000000
0.000000
0.000000
0.000669
0.003105
0.004997
0.026046
0.047770
0.005278
0.000000
0.000000
0.000000
0.002997
0.000063
0.000791
0.010282
0.027075
0.001538
0.000000
0.000000
0.000000
0.001006
0.004952
0.008811
0.029455
0.172637
0.029242
0.000000
0.000000
0.000000
0.000000
0.000196
0.001103
0.018960
0.171030
0.018489
0.000000
0.000000
0.000000
0.002997
0.000063
0.000791
0.010282
0.027075
0.001538
0.000000
0.000000
0.000000
0.000670
0.000302
0.000766
0.003580
0.012427
0.001271
0.000000
0.000000
0.000000
0.000000
0.000196
0.001103
0.018960
0.171030
0.018489
0.000000
0.000000
0.000000
0.002551
0.001821
0.006184
0.026589
0.090871
0.011084
0.000000
0.000000
0.000000
0.000670
0.000302
0.000766
0.003580
0.012427
0.001271
0.000000
0.000000
0.000000
0.001009
0.001201
0.001073
0.002324
0.006014
0.001340
0.000000
0.000000
0.000000
0.002551
0.001821
0.006184
0.026589
0.090871
0.011084
0.000000
0.000000
0.000000
0.000000
0.001092
0.001351
0.013320
0.065542
0.005314
0.000000
0.000000
0.000000
0.001009
0.001201
0.001073
0.002324
0.006014
0.001340
0.000000
0.000000
0.000000
0.000578
0.000963
0.001865
0.003436
0.003100
0.000280
0.000000
0.000000
0.000000
0.000000
0.001092
0.001351
0.013320
0.065542
0.005314
0.000000
0.000000
0.000000
0.000431
0.000313
0.000965
0.007304
0.055817
0.006150
0.000000
0.000000
0.000000
0.000578
0.000963
0.001865
0.003436
0.003100
0.000280
0.000000
0.000000
0.000000
0.000580
0.000169
0.002276
0.003225
0.003379
0.000472
0.000000
0.000000
0.000000
0.000431
0.000313
0.000965
0.007304
0.055817
0.006150
0.000000
0.000000
0.000000
0.000886
0.000194
0.001460
0.006467
0.020921
0.001804
0.000000
0.000000
0.000000
0.000580
0.000169
0.002276
0.003225
0.003379
0.000472
0.000000
0.000000
0.000000
0.001217
0.001366
0.001466
0.002285
0.002413
0.000168
0.000000
0.000000
0.000000
0.000886
0.000194
0.001460
0.006467
0.020921
0.001804
0.000000
0.000000
0.000000
0.001891
0.000883
0.001554
0.003997
0.003100
0.000046
0.000000
0.000000
0.000000
0.001217
0.001366
0.001466
0.002285
0.002413
0.000168
0.000000
0.000000
0.000000
0.000436
0.001045
0.001759
0.002010
0.002891
0.000136
0.000000
0.000000
0.000000
0.001891
0.000883
0.001554
0.003997
0.003100
0.000046
0.000000
0.000000
0.000000
0.001362
0.000943
0.001543
0.001898
0.003255
0.000371
0.000000
0.000000
0.000000
0.000436
0.001045
0.001759
0.002010
0.002891
0.000136
0.000000
0.000000
0.000000
0.000897
0.000380
0.001166
0.002203
0.003664
0.000422
0.000000
0.000000
0.000000
0.001362
0.000943
0.001543
0.001898
0.003255
0.000371
0.000000
0.000000
0.000000
0.001064
0.001117
0.001598
0.002957
0.001871
0.000033
0.000000
0.000000
0.000000
0.000897
0.000380
0.001166
0.002203
0.003664
0.000422
0.000000
0.000000
0.000000
0.000751
0.000626
0.001406
0.002292
0.001903
0.000080
0.000000
0.000000
0.000000
0.001064
0.001117
0.001598
0.002957
0.001871
0.000033
0.000000
0.000000
0.000000
0.000552
0.000726
0.001417
0.001732
0.001883
0.000110
0.000000
0.000000
0.000000
0.000751
0.000626
0.001406
0.002292
0.001903
0.000080
0.000000
0.000000
0.000000
0.001941
0.001197
0.002795
0.009487
0.006684
0.000107
0.000000
0.000000
0.000000
0.001369
0.000015
0.002408
0.011813
0.043082
0.007030
0.000000
0.000000
0.000000
0.000669
0.003105
0.004997
0.026046
0.047770
0.005278
0.000000
0.000000
0.000000
0.000140
0.001139
0.001143
0.002209
0.004080
0.000569
0.000000
0.000000
0.000000
0.000809
0.001431
0.001151
0.001573
0.002786
0.000160
0.000000
0.000000
0.000000
0.000669
0.003105
0.004997
0.026046
0.047770
0.005278
0.000000
0.000000
0.000000
0.002997
0.000063
0.000791
0.010282
0.027075
0.001538
0.000000
0.000000
0.000000
0.000809
0.001431
0.001151
0.001573
0.002786
0.000160
0.000000
0.000000
0.000000
0.000444
0.001258
0.002738
0.004606
0.002682
0.000198
0.000000
0.000000
0.000000
0.002997
0.000063
0.000791
0.010282
0.027075
0.001538
0.000000
0.000000
0.000000
0.000670
0.000302
0.000766
0.003580
0.012427
0.001271
0.000000
0.000000
0.000000
0.000444
0.001258
0.002738
0.004606
0.002682
0.000198
0.000000
0.000000
0.000000
0.001132
0.001037
0.002757
0.002244
0.003295
0.000457
0.000000
0.000000
0.000000
0.000670
0.000302
0.000766
0.003580
0.012427
0.001271
0.000000
0.000000
0.000000
0.001009
0.001201
0.001073
0.002324
0.006014
0.001340
0.000000
0.000000
0.000000
0.001132
0.001037
0.002757
0.002244
0.003295
0.000457
0.000000
0.000000
0.000000
0.000908
0.000720
0.001565
0.002647
0.004573
0.000449
0.000000
0.000000
0.000000
0.001009
0.001201
0.001073
0.002324
0.006014
0.001340
0.000000
0.000000
0.000000
0.000578
0.000963
0.001865
0.003436
0.003100
0.000280
0.000000
0.000000
0.000000
0.000908
0.000720
0.001565
0.002647
0.004573
0.000449
0.000000
0.000000
0.000000
0.000783
0.001435
0.002196
0.003388
0.002019
0.000189
0.000000
0.000000
0.000000
0.000578
0.000963
0.001865
0.003436
0.003100
0.000280
0.000000
0.000000
0.000000
0.000580
0.000169
0.002276
0.003225
0.003379
0.000472
0.000000
0.000000
0.000000
0.000783
0.001435
0.002196
0.003388
0.002019
0.000189
0.000000
0.000000
0.000000
0.000533
0.000828
0.001738
0.001310
0.002066
0.000067
0.000000
0.000000
0.000000
0.000580
0.000169
0.002276
0.003225
0.003379
0.000472
0.000000
0.000000
0.000000
0.001217
0.001366
0.001466
0.002285
0.002413
0.000168
0.000000
0.000000
0.000000
0.000533
0.000828
0.001738
0.001310
0.002066
0.000067
0.000000
0.000000
0.000000
0.000567
0.000566
0.003029
0.010862
0.025098
0.004237
0.000000
0.000000
0.000000
0.001217
0.001366
0.001466
0.002285
0.002413
0.000168
0.000000
0.000000
0.000000
0.000436
0.001045
0.001759
0.002010
0.002891
0.000136
0.000000
0.000000
0.000000
0.000567
0.000566
0.003029
0.010862
0.025098
0.004237
0.000000
0.000000
0.000000
0.003081
0.002816
0.003195
0.004189
0.006724
0.001869
0.000000
0.000000
0.000000
0.000436
0.001045
0.001759
0.002010
0.002891
0.000136
0.000000
0.000000
0.000000
0.000897
0.000380
0.001166
0.002203
0.003664
0.000422
0.000000
0.000000
0.000000
0.003081
0.002816
0.003195
0.004189
0.006724
0.001869
0.000000
0.000000
0.000000
0.000398
0.000625
0.001500
0.003183
0.004043
0.000353
0.000000
0.000000
0.000000
0.000897
0.000380
0.001166
0.002203
0.003664
0.000422
0.000000
0.000000
0.000000
0.000751
0.000626
0.001406
0.002292
0.001903
0.000080
0.000000
0.000000
0.000000
0.000398
0.000625
0.001500
0.003183
0.004043
0.000353
0.000000
0.000000
0.000000
0.001142
0.000856
0.001047
0.002323
0.002795
0.000205
0.000000
0.000000
0.000000
0.000751
0.000626
0.001406
0.002292
0.001903
0.000080
0.000000
0.000000
0.000000
0.001941
0.001197
0.002795
0.009487
0.006684
0.000107
0.000000
0.000000
0.000000
0.001142
0.000856
0.001047
0.002323
0.002795
0.000205
0.000000
0.000000
0.000000
0.000958
0.002301
0.001330
0.001134
0.000818
0.000031
0.000000
0.000000
0.000000
0.000140
0.001139
0.001143
0.002209
0.004080
0.000569
0.000000
0.000000
0.000000
0.000809
0.001431
0.001151
0.001573
0.002786
0.000160
0.000000
0.000000
0.000000
0.000608
0.000507
0.000851
0.003291
0.003491
0.000318
0.000000
0.000000
0.000000
0.000803
0.001347
0.002486
0.002894
0.004748
0.000590
0.000000
0.000000
0.000000
0.000809
0.001431
0.001151
0.001573
0.002786
0.000160
0.000000
0.000000
0.000000
0.000444
0.001258
0.002738
0.004606
0.002682
0.000198
0.000000
0.000000
0.000000
0.000803
0.001347
0.002486
0.002894
0.004748
0.000590
0.000000
0.000000
0.000000
0.001192
0.001478
0.002801
0.002353
0.003117
0.000284
0.000000
0.000000
0.000000
0.000444
0.001258
0.002738
0.004606
0.002682
0.000198
0.000000
0.000000
0.000000
0.001132
0.001037
0.002757
0.002244
0.003295
0.000457
0.000000
0.000000
0.000000
0.001192
0.001478
0.002801
0.002353
0.003117
0.000284
0.000000
0.000000
0.000000
0.001181
0.002040
0.002887
0.002610
0.000987
0.000061
0.000000
0.000000
0.000000
0.001132
0.001037
0.002757
0.002244
0.003295
0.000457
0.000000
0.000000
0.000000
0.000908
0.000720
0.001565
0.002647
0.004573
0.000449
0.000000
0.000000
0.000000
0.001181
0.002040
0.002887
0.002610
0.000987
0.000061
0.000000
0.000000
0.000000
0.000292
0.001592
0.004879
0.011077
0.035555
0.001217
0.000000
0.000000
0.000000
0.000908
0.000720
0.001565
0.002647
0.004573
0.000449
0.000000
0.000000
0.000000
0.000783
0.001435
0.002196
0.003388
0.002019
0.000189
0.000000
0.000000
0.000000
0.000292
0.001592
0.004879
0.011077
0.035555
0.001217
0.000000
0.000000
0.000000
0.000940
0.000689
0.004082
0.017121
0.082132
0.007728
0.000000
0.000000
0.000000
0.000783
0.001435
0.002196
0.003388
0.002019
0.000189
0.000000
0.000000
0.000000
0.000533
0.000828
0.001738
0.001310
0.002066
0.000067
0.000000
0.000000
0.000000
0.000940
0.000689
0.004082
0.017121
0.082132
0.007728
0.000000
0.000000
0.000000
0.000021
0.001333
0.005553
0.025779
0.083121
0.006621
0.000000
0.000000
0.000000
0.000533
0.000828
0.001738
0.001310
0.002066
0.000067
0.000000
0.000000
0.000000
0.000567
0.000566
0.003029
0.010862
0.025098
0.004237
0.000000
0.000000
0.000000
0.000021
0.001333
0.005553
0.025779
0.083121
0.006621
0.000000
0.000000
0.000000
0.000545
0.000773
0.002126
0.014460
0.057544
0.004111
0.000000
0.000000
0.000000
0.000567
0.000566
0.003029
0.010862
0.025098
0.004237
0.000000
0.000000
0.000000
0.003081
0.002816
0.003195
0.004189
0.006724
0.001869
0.000000
0.000000
0.000000
0.000545
0.000773
0.002126
0.014460
0.057544
0.004111
0.000000
0.000000
0.000000
0.001173
0.001526
0.003874
0.006951
0.007290
0.000087
0.000000
0.000000
0.000000
0.003081
0.002816
0.003195
0.004189
0.006724
0.001869
0.000000
0.000000
0.000000
0.000398
0.000625
0.001500
0.003183
0.004043
0.000353
0.000000
0.000000
0.000000
0.001173
0.001526
0.003874
0.006951
0.007290
0.000087
0.000000
0.000000
0.000000
0.000993
0.000539
0.001846
0.003581
0.002552
0.000254
0.000000
0.000000
0.000000
0.000398
0.000625
0.001500
0.003183
0.004043
0.000353
0.000000
0.000000
0.000000
0.001142
0.000856
0.001047
0.002323
0.002795
0.000205
0.000000
0.000000
0.000000
0.000993
0.000539
0.001846
0.003581
0.002552
0.000254
0.000000
0.000000
0.000000
0.001141
0.002771
0.002789
0.004386
0.007626
0.001732
0.000000
0.000000
0.000000
0.001142
0.000856
0.001047
0.002323
0.002795
0.000205
0.000000
0.000000
0.000000
0.000958
0.002301
0.001330
0.001134
0.000818
0.000031
0.000000
0.000000
0.000000
0.001141
0.002771
0.002789
0.004386
0.007626
0.001732
0.000000
0.000000
0.000000
0.002080
0.001215
0.002890
0.005691
0.005318
0.000330
0.000000
0.000000
0.000000
0.000608
0.000507
0.000851
0.003291
0.003491
0.000318
0.000000
0.000000
0.000000
0.000803
0.001347
0.002486
0.002894
0.004748
0.000590
0.000000
0.000000
0.000000
0.001332
0.001763
0.002719
0.002238
0.001999
0.000172
0.000000
0.000000
0.000000
0.000911
0.002601
0.004257
0.005496
0.001582
0.000243
0.000000
0.000000
0.000000
0.000803
0.001347
0.002486
0.002894
0.004748
0.000590
0.000000
0.000000
0.000000
0.001192
0.001478
0.002801
0.002353
0.003117
0.000284
0.000000
0.000000
0.000000
0.000911
0.002601
0.004257
0.005496
0.001582
0.000243
0.000000
0.000000
0.000000
0.000255
0.001377
0.006309
0.030799
0.070007
0.005497
0.000000
0.000000
0.000000
0.001192
0.001478
0.002801
0.002353
0.003117
0.000284
0.000000
0.000000
0.000000
0.001181
0.002040
0.002887
0.002610
0.000987
0.000061
0.000000
0.000000
0.000000
0.000255
0.001377
0.006309
0.030799
0.070007
0.005497
0.000000
0.000000
0.000000
0.000063
0.001820
0.005779
0.024621
0.098055
0.003773
0.000000
0.000000
0.000000
0.001181
0.002040
0.002887
0.002610
0.000987
0.000061
0.000000
0.000000
0.000000
0.000292
0.001592
0.004879
0.011077
0.035555
0.001217
0.000000
0.000000
0.000000
0.000063
0.001820
0.005779
0.024621
0.098055
0.003773
0.000000
0.000000
0.000000
0.000568
0.000985
0.002735
0.016729
0.059824
0.002553
0.000000
0.000000
0.000000
0.000292
0.001592
0.004879
0.011077
0.035555
0.001217
0.000000
0.000000
0.000000
0.000940
0.000689
0.004082
0.017121
0.082132
0.007728
0.000000
0.000000
0.000000
0.000568
0.000985
0.002735
0.016729
0.059824
0.002553
0.000000
0.000000
0.000000
0.000857
0.000613
0.002908
0.006436
0.009450
0.000545
0.000000
0.000000
0.000000
0.000940
0.000689
0.004082
0.017121
0.082132
0.007728
0.000000
0.000000
0.000000
0.000021
0.001333
0.005553
0.025779
0.083121
0.006621
0.000000
0.000000
0.000000
0.000857
0.000613
0.002908
0.006436
0.009450
0.000545
0.000000
0.000000
0.000000
0.000872
0.001420
0.002300
0.002824
0.002043
0.000217
0.000000
0.000000
0.000000
0.000021
0.001333
0.005553
0.025779
0.083121
0.006621
0.000000
0.000000
0.000000
0.000545
0.000773
0.002126
0.014460
0.057544
0.004111
0.000000
0.000000
0.000000
0.000872
0.001420
0.002300
0.002824
0.002043
0.000217
0.000000
0.000000
0.000000
0.000799
0.001712
0.004701
0.002639
0.001395
0.000133
0.000000
0.000000
0.000000
0.000545
0.000773
0.002126
0.014460
0.057544
0.004111
0.000000
0.000000
0.000000
0.001173
0.001526
0.003874
0.006951
0.007290
0.000087
0.000000
0.000000
0.000000
0.000799
0.001712
0.004701
0.002639
0.001395
0.000133
0.000000
0.000000
0.000000
0.001163
0.000923
0.002207
0.004184
0.006016
0.000659
0.000000
0.000000
0.000000
0.001173
0.001526
0.003874
0.006951
0.007290
0.000087
0.000000
0.000000
0.000000
0.000993
0.000539
0.001846
0.003581
0.002552
0.000254
0.000000
0.000000
0.000000
0.001163
0.000923
0.002207
0.004184
0.006016
0.000659
0.000000
0.000000
0.000000
0.000594
0.002688
0.004513
0.005043
0.003041
0.000276
0.000000
0.000000
0.000000
0.000993
0.000539
0.001846
0.003581
0.002552
0.000254
0.000000
0.000000
0.000000
0.001141
0.002771
0.002789
0.004386
0.007626
0.001732
0.000000
0.000000
0.000000
0.000594
0.002688
0.004513
0.005043
0.003041
0.000276
0.000000
0.000000
0.000000
0.001894
0.002561
0.005461
0.006358
0.006235
0.000615
0.000000
0.000000
0.000000
0.001141
0.002771
0.002789
0.004386
0.007626
0.001732
0.000000
0.000000
0.000000
0.002080
0.001215
0.002890
0.005691
0.005318
0.000330
0.000000
0.000000
0.000000
0.001894
0.002561
0.005461
0.006358
0.006235
0.000615
0.000000
0.000000
0.000000
0.002062
0.002569
0.003851
0.004672
0.002418
0.000340
0.000000
0.000000
0.000000
0.001332
0.001763
0.002719
0.002238
0.001999
0.000172
0.000000
0.000000
0.000000
0.000911
0.002601
0.004257
0.005496
0.001582
0.000243
0.000000
0.000000
0.000000
0.001201
0.001833
0.002309
0.002723
0.002300
0.000283
0.000000
0.000000
0.000000
0.001068
0.002125
0.001714
0.003046
0.003075
0.000168
0.000000
0.000000
0.000000
0.000911
0.002601
0.004257
0.005496
0.001582
0.000243
0.000000
0.000000
0.000000
0.000255
0.001377
0.006309
0.030799
0.070007
0.005497
0.000000
0.000000
0.000000
0.001068
0.002125
0.001714
0.003046
0.003075
0.000168
0.000000
0.000000
0.000000
0.000795
0.001826
0.003159
0.002186
0.001282
0.000063
0.000000
0.000000
0.000000
0.000255
0.001377
0.006309
0.030799
0.070007
0.005497
0.000000
0.000000
0.000000
0.000063
0.001820
0.005779
0.024621
0.098055
0.003773
0.000000
0.000000
0.000000
0.000795
0.001826
0.003159
0.002186
0.001282
0.000063
0.000000
0.000000
0.000000
0.000917
0.003202
0.002989
0.003209
0.001188
0.000148
0.000000
0.000000
0.000000
0.000063
0.001820
0.005779
0.024621
0.098055
0.003773
0.000000
0.000000
0.000000
0.000568
0.000985
0.002735
0.016729
0.059824
0.002553
0.000000
0.000000
0.000000
0.000917
0.003202
0.002989
0.003209
0.001188
0.000148
0.000000
0.000000
0.000000
0.000921
0.001329
0.001385
0.005254
0.003496
0.000090
0.000000
0.000000
0.000000
0.000568
0.000985
0.002735
0.016729
0.059824
0.002553
0.000000
0.000000
0.000000
0.000857
0.000613
0.002908
0.006436
0.009450
0.000545
0.000000
0.000000
0.000000
0.000921
0.001329
0.001385
0.005254
0.003496
0.000090
0.000000
0.000000
0.000000
0.001322
0.001899
0.002508
0.004452
0.003260
0.000282
0.000000
0.000000
0.000000
0.000857
0.000613
0.002908
0.006436
0.009450
0.000545
0.000000
0.000000
0.000000
0.000872
0.001420
0.002300
0.002824
0.002043
0.000217
0.000000
0.000000
0.000000
0.001322
0.001899
0.002508
0.004452
0.003260
0.000282
0.000000
0.000000
0.000000
0.000951
0.000876
0.001439
0.002986
0.004539
0.000617
0.000000
0.000000
0.000000
0.000872
0.001420
0.002300
0.002824
0.002043
0.000217
0.000000
0.000000
0.000000
0.000799
0.001712
0.004701
0.002639
0.001395
0.000133
0.000000
0.000000
0.000000
0.000951
0.000876
0.001439
0.002986
0.004539
0.000617
0.000000
0.000000
0.000000
0.001146
0.001766
0.001781
0.005634
0.004479
0.000559
0.000000
0.000000
0.000000
0.000799
0.001712
0.004701
0.002639
0.001395
0.000133
0.000000
0.000000
0.000000
0.001163
0.000923
0.002207
0.004184
0.006016
0.000659
0.000000
0.000000
0.000000
0.001146
0.001766
0.001781
0.005634
0.004479
0.000559
0.000000
0.000000
0.000000
0.001310
0.001701
0.004125
0.007759
0.005562
0.000933
0.000000
0.000000
0.000000
0.001163
0.000923
0.002207
0.004184
0.006016
0.000659
0.000000
0.000000
0.000000
0.000594
0.002688
0.004513
0.005043
0.003041
0.000276
0.000000
0.000000
0.000000
0.001310
0.001701
0.004125
0.007759
0.005562
0.000933
0.000000
0.000000
0.000000
0.002030
0.001647
0.002499
0.002726
0.002270
0.000389
0.000000
0.000000
0.000000
0.000594
0.002688
0.004513
0.005043
0.003041
0.000276
0.000000
0.000000
0.000000
0.001894
0.002561
0.005461
0.006358
0.006235
0.000615
0.000000
0.000000
0.000000
0.002030
0.001647
0.002499
0.002726
0.002270
0.000389
0.000000
0.000000
0.000000
0.000676
0.000869
0.001638
0.003358
0.003515
0.000471
0.000000
0.000000
0.000000
0.001894
0.002561
0.005461
0.006358
0.006235
0.000615
0.000000
0.000000
0.000000
0.002062
0.002569
0.003851
0.004672
0.002418
0.000340
0.000000
0.000000
0.000000
0.000676
0.000869
0.001638
0.003358
0.003515
0.000471
0.000000
0.000000
0.000000
0.000563
0.001705
0.002481
0.002297
0.001142
0.000117
0.000000
0.000000
0.000000
0.001201
0.001833
0.002309
0.002723
0.002300
0.000283
0.000000
0.000000
0.000000
0.001068
0.002125
0.001714
0.003046
0.003075
0.000168
0.000000
0.000000
0.000000
0.001052
0.002550
0.002802
0.003084
0.001747
0.000174
0.000000
0.000000
0.000000
0.001470
0.002843
0.001953
0.002900
0.002232
0.000194
0.000000
0.000000
0.000000
0.001068
0.002125
0.001714
0.003046
0.003075
0.000168
0.000000
0.000000
0.000000
0.000795
0.001826
0.003159
0.002186
0.001282
0.000063
0.000000
0.000000
0.000000
0.001470
0.002843
0.001953
0.002900
0.002232
0.000194
0.000000
0.000000
0.000000
0.000463
0.003467
0.003826
0.002988
0.001502
0.000197
0.000000
0.000000
0.000000
0.000795
0.001826
0.003159
0.002186
0.001282
0.000063
0.000000
0.000000
0.000000
0.000917
0.003202
0.002989
0.003209
0.001188
0.000148
0.000000
0.000000
0.000000
0.000463
0.003467
0.003826
0.002988
0.001502
0.000197
0.000000
0.000000
0.000000
0.000627
0.002690
0.003417
0.002655
0.002499
0.000161
0.000000
0.000000
0.000000
0.000917
0.003202
0.002989
0.003209
0.001188
0.000148
0.000000
0.000000
0.000000
0.000921
0.001329
0.001385
0.005254
0.003496
0.000090
0.000000
0.000000
0.000000
0.000627
0.002690
0.003417
0.002655
0.002499
0.000161
0.000000
0.000000
0.000000
0.001165
0.001323
0.002897
0.003737
0.001305
0.000009
0.000000
0.000000
0.000000
0.000921
0.001329
0.001385
0.005254
0.003496
0.000090
0.000000
0.000000
0.000000
0.001322
0.001899
0.002508
0.004452
0.003260
0.000282
0.000000
0.000000
0.000000
0.001165
0.001323
0.002897
0.003737
0.001305
0.000009
0.000000
0.000000
0.000000
0.001631
0.003654
0.003904
0.002967
0.002634
0.000027
0.000000
0.000000
0.000000
0.001322
0.001899
0.002508
0.004452
0.003260
0.000282
0.000000
0.000000
0.000000
0.000951
0.000876
0.001439
0.002986
0.004539
0.000617
0.000000
0.000000
0.000000
0.001631
0.003654
0.003904
0.002967
0.002634
0.000027
0.000000
0.000000
0.000000
0.001096
0.002227
0.002671
0.001845
0.001008
0.000037
0.000000
0.000000
0.000000
0.000951
0.000876
0.001439
0.002986
0.004539
0.000617
0.000000
0.000000
0.000000
0.001146
0.001766
0.001781
0.005634
0.004479
0.000559
0.000000
0.000000
0.000000
0.001096
0.002227
0.002671
0.001845
0.001008
0.000037
0.000000
0.000000
0.000000
0.000953
0.001616
0.002739
0.002000
0.002525
0.000055
0.000000
0.000000
0.000000
0.001146
0.001766
0.001781
0.005634
0.004479
0.000559
0.000000
0.000000
0.000000
0.001310
0.001701
0.004125
0.007759
0.005562
0.000933
0.000000
0.000000
0.000000
0.000953
0.001616
0.002739
0.002000
0.002525
0.000055
0.000000
0.000000
0.000000
0.000616
0.002109
0.003103
0.003221
0.001406
0.000042
0.000000
0.000000
0.000000
0.001310
0.001701
0.004125
0.007759
0.005562
0.000933
0.000000
0.000000
0.000000
0.002030
0.001647
0.002499
0.002726
0.002270
0.000389
0.000000
0.000000
0.000000
0.000616
0.002109
0.003103
0.003221
0.001406
0.000042
0.000000
0.000000
0.000000
0.001245
0.001388
0.002541
0.002710
0.002028
0.000250
0.000000
0.000000
0.000000
0.002030
0.001647
0.002499
0.002726
0.002270
0.000389
0.000000
0.000000
0.000000
0.000676
0.000869
0.001638
0.003358
0.003515
0.000471
0.000000
0.000000
0.000000
0.001245
0.001388
0.002541
0.002710
0.002028
0.000250
0.000000
0.000000
0.000000
0.001318
0.001782
0.002119
0.002407
0.002096
0.000167
0.000000
0.000000
0.000000
0.000676
0.000869
0.001638
0.003358
0.003515
0.000471
0.000000
0.000000
0.000000
0.000563
0.001705
0.002481
0.002297
0.001142
0.000117
0.000000
0.000000
0.000000
0.001318
0.001782
0.002119
0.002407
0.002096
0.000167
0.000000
0.000000
0.000000
0.001753
0.002270
0.001874
0.001252
0.000589
0.000020
0.000000
0.000000
0.000000
0.001052
0.002550
0.002802
0.003084
0.001747
0.000174
0.000000
0.000000
0.000000
0.001470
0.002843
0.001953
0.002900
0.002232
0.000194
0.000000
0.000000
0.000000
0.000629
0.001980
0.001865
0.002096
0.003212
0.000258
0.000000
0.000000
0.000000
0.000551
0.001437
0.002175
0.002248
0.003541
0.000545
0.000000
0.000000
0.000000
0.001470
0.002843
0.001953
0.002900
0.002232
0.000194
0.000000
0.000000
0.000000
0.000463
0.003467
0.003826
0.002988
0.001502
0.000197
0.000000
0.000000
0.000000
0.000551
0.001437
0.002175
0.002248
0.003541
0.000545
0.000000
0.000000
0.000000
0.001259
0.002749
0.002650
0.002207
0.003049
0.000317
0.000000
0.000000
0.000000
0.000463
0.003467
0.003826
0.002988
0.001502
0.000197
0.000000
0.000000
0.000000
0.000627
0.002690
0.003417
0.002655
0.002499
0.000161
0.000000
0.000000
0.000000
0.001259
0.002749
0.002650
0.002207
0.003049
0.000317
0.000000
0.000000
0.000000
0.001218
0.001383
0.001786
0.003419
0.002910
0.000238
0.000000
0.000000
0.000000
0.000627
0.002690
0.003417
0.002655
0.002499
0.000161
0.000000
0.000000
0.000000
0.001165
0.001323
0.002897
0.003737
0.001305
0.000009
0.000000
0.000000
0.000000
0.001218
0.001383
0.001786
0.003419
0.002910
0.000238
0.000000
0.000000
0.000000
0.001119
0.001887
0.003306
0.003687
0.003750
0.000277
0.000000
0.000000
0.000000
0.001165
0.001323
0.002897
0.003737
0.001305
0.000009
0.000000
0.000000
0.000000
0.001631
0.003654
0.003904
0.002967
0.002634
0.000027
0.000000
0.000000
0.000000
0.001119
0.001887
0.003306
0.003687
0.003750
0.000277
0.000000
0.000000
0.000000
0.000487
0.001475
0.002140
0.003783
0.002495
0.000116
0.000000
0.000000
0.000000
0.001631
0.003654
0.003904
0.002967
0.002634
0.000027
0.000000
0.000000
0.000000
0.001096
0.002227
0.002671
0.001845
0.001008
0.000037
0.000000
0.000000
0.000000
0.000487
0.001475
0.002140
0.003783
0.002495
0.000116
0.000000
0.000000
0.000000
0.001675
0.002420
0.002510
0.002135
0.001660
0.000157
0.000000
0.000000
0.000000
0.001096
0.002227
0.002671
0.001845
0.001008
0.000037
0.000000
0.000000
0.000000
0.000953
0.001616
0.002739
0.002000
0.002525
0.000055
0.000000
0.000000
0.000000
0.001675
0.002420
0.002510
0.002135
0.001660
0.000157
0.000000
0.000000
0.000000
0.002048
0.002537
0.003595
0.002410
0.001859
0.000178
0.000000
0.000000
0.000000
0.000953
0.001616
0.002739
0.002000
0.002525
0.000055
0.000000
0.000000
0.000000
0.000616
0.002109
0.003103
0.003221
0.001406
0.000042
0.000000
0.000000
0.000000
0.002048
0.002537
0.003595
0.002410
0.001859
0.000178
0.000000
0.000000
0.000000
0.000949
0.002804
0.002696
0.003334
0.001582
0.000106
0.000000
0.000000
0.000000
0.000616
0.002109
0.003103
0.003221
0.001406
0.000042
0.000000
0.000000
0.000000
0.001245
0.001388
0.002541
0.002710
0.002028
0.000250
0.000000
0.000000
0.000000
0.000949
0.002804
0.002696
0.003334
0.001582
0.000106
0.000000
0.000000
0.000000
0.001506
0.003280
0.003061
0.003136
0.001847
0.000040
0.000000
0.000000
0.000000
0.001245
0.001388
0.002541
0.002710
0.002028
0.000250
0.000000
0.000000
0.000000
0.001318
0.001782
0.002119
0.002407
0.002096
0.000167
0.000000
0.000000
0.000000
0.001506
0.003280
0.003061
0.003136
0.001847
0.000040
0.000000
0.000000
0.000000
0.001198
0.001545
0.003219
0.003465
0.001767
0.000154
0.000000
0.000000
0.000000
0.001318
0.001782
0.002119
0.002407
0.002096
0.000167
0.000000
0.000000
0.000000
0.001753
0.002270
0.001874
0.001252
0.000589
0.000020
0.000000
0.000000
0.000000
0.001198
0.001545
0.003219
0.003465
0.001767
0.000154
0.000000
0.000000
0.000000
0.000542
0.000921
0.002073
0.002162
0.001531
0.000104
0.000000
0.000000
0.000000
0.000629
0.001980
0.001865
0.002096
0.003212
0.000258
0.000000
0.000000
0.000000
0.000551
0.001437
0.002175
0.002248
0.003541
0.000545
0.000000
0.000000
0.000000
0.001293
0.003155
0.003200
0.002250
0.002636
0.000244
0.000000
0.000000
0.000000
0.002254
0.001917
0.003811
0.003676
0.002514
0.000373
0.000000
0.000000
0.000000
0.000551
0.001437
0.002175
0.002248
0.003541
0.000545
0.000000
0.000000
0.000000
0.001259
0.002749
0.002650
0.002207
0.003049
0.000317
0.000000
0.000000
0.000000
0.002254
0.001917
0.003811
0.003676
0.002514
0.000373
0.000000
0.000000
0.000000
0.002213
0.004031
0.001766
0.002887
0.001682
0.000109
0.000000
0.000000
0.000000
0.001259
0.002749
0.002650
0.002207
0.003049
0.000317
0.000000
0.000000
0.000000
0.001218
0.001383
0.001786
0.003419
0.002910
0.000238
0.000000
0.000000
0.000000
0.002213
0.004031
0.001766
0.002887
0.001682
0.000109
0.000000
0.000000
0.000000
0.000891
0.002820
0.004591
0.003433
0.001453
0.000047
0.000000
0.000000
0.000000
0.001218
0.001383
0.001786
0.003419
0.002910
0.000238
0.000000
0.000000
0.000000
0.001119
0.001887
0.003306
0.003687
0.003750
0.000277
0.000000
0.000000
0.000000
0.000891
0.002820
0.004591
0.003433
0.001453
0.000047
0.000000
0.000000
0.000000
0.001687
0.001852
0.002184
0.003307
0.002030
0.000137
0.000000
0.000000
0.000000
0.001119
0.001887
0.003306
0.003687
0.003750
0.000277
0.000000
0.000000
0.000000
0.000487
0.001475
0.002140
0.003783
0.002495
0.000116
0.000000
0.000000
0.000000
0.001687
0.001852
0.002184
0.003307
0.002030
0.000137
0.000000
0.000000
0.000000
0.001598
0.004361
0.003674
0.003604
0.002280
0.000000
0.000000
0.000000
0.000000
0.000487
0.001475
0.002140
0.003783
0.002495
0.000116
0.000000
0.000000
0.000000
0.001675
0.002420
0.002510
0.002135
0.001660
0.000157
0.000000
0.000000
0.000000
0.001598
0.004361
0.003674
0.003604
0.002280
0.000000
0.000000
0.000000
0.000000
0.001920
0.002350
0.001985
0.003754
0.002400
0.000187
0.000000
0.000000
0.000000
0.001675
0.002420
0.002510
0.002135
0.001660
0.000157
0.000000
0.000000
0.000000
0.002048
0.002537
0.003595
0.002410
0.001859
0.000178
0.000000
0.000000
0.000000
0.001920
0.002350
0.001985
0.003754
0.002400
0.000187
0.000000
0.000000
0.000000
0.000646
0.001941
0.002721
0.003160
0.000938
0.000025
0.000000
0.000000
0.000000
0.002048
0.002537
0.003595
0.002410
0.001859
0.000178
0.000000
0.000000
0.000000
0.000949
0.002804
0.002696
0.003334
0.001582
0.000106
0.000000
0.000000
0.000000
0.000646
0.001941
0.002721
0.003160
0.000938
0.000025
0.000000
0.000000
0.000000
0.001375
0.002614
0.002368
0.004323
0.003270
0.000502
0.000000
0.000000
0.000000
0.000949
0.002804
0.002696
0.003334
0.001582
0.000106
0.000000
0.000000
0.000000
0.001506
0.003280
0.003061
0.003136
0.001847
0.000040
0.000000
0.000000
0.000000
0.001375
0.002614
0.002368
0.004323
0.003270
0.000502
0.000000
0.000000
0.000000
0.000565
0.001640
0.003059
0.005762
0.003137
0.000198
0.000000
0.000000
0.000000
0.001506
0.003280
0.003061
0.003136
0.001847
0.000040
0.000000
0.000000
0.000000
0.001198
0.001545
0.003219
0.003465
0.001767
0.000154
0.000000
0.000000
0.000000
0.000565
0.001640
0.003059
0.005762
0.003137
0.000198
0.000000
0.000000
0.000000
0.001288
0.002989
0.003765
0.002693
0.001669
0.000101
0.000000
0.000000
0.000000
0.001198
0.001545
0.003219
0.003465
0.001767
0.000154
0.000000
0.000000
0.000000
0.000542
0.000921
0.002073
0.002162
0.001531
0.000104
0.000000
0.000000
0.000000
0.001288
0.002989
0.003765
0.002693
0.001669
0.000101
0.000000
0.000000
0.000000
0.000933
0.001868
0.001518
0.001232
0.001806
0.000188
0.000000
0.000000
0.000000
0.001293
0.003155
0.003200
0.002250
0.002636
0.000244
0.000000
0.000000
0.000000
0.002254
0.001917
0.003811
0.003676
0.002514
0.000373
0.000000
0.000000
0.000000
0.001904
0.002459
0.001626
0.003308
0.002751
0.000335
0.000000
0.000000
0.000000
0.001563
0.001159
0.002624
0.004296
0.002990
0.000116
0.000000
0.000000
0.000000
0.002254
0.001917
0.003811
0.003676
0.002514
0.000373
0.000000
0.000000
0.000000
0.002213
0.004031
0.001766
0.002887
0.001682
0.000109
0.000000
0.000000
0.000000
0.001563
0.001159
0.002624
0.004296
0.002990
0.000116
0.000000
0.000000
0.000000
0.002229
0.003216
0.002615
0.003151
0.002578
0.000297
0.000000
0.000000
0.000000
0.002213
0.004031
0.001766
0.002887
0.001682
0.000109
0.000000
0.000000
0.000000
0.000891
0.002820
0.004591
0.003433
0.001453
0.000047
0.000000
0.000000
0.000000
0.002229
0.003216
0.002615
0.003151
0.002578
0.000297
0.000000
0.000000
0.000000
0.003213
0.001925
0.003185
0.003899
0.002917
0.000377
0.000000
0.000000
0.000000
0.000891
0.002820
0.004591
0.003433
0.001453
0.000047
0.000000
0.000000
0.000000
0.001687
0.001852
0.002184
0.003307
0.002030
0.000137
0.000000
0.000000
0.000000
0.003213
0.001925
0.003185
0.003899
0.002917
0.000377
0.000000
0.000000
0.000000
0.001453
0.004463
0.004153
0.003012
0.001692
0.000167
0.000000
0.000000
0.000000
0.001687
0.001852
0.002184
0.003307
0.002030
0.000137
0.000000
0.000000
0.000000
0.001598
0.004361
0.003674
0.003604
0.002280
0.000000
0.000000
0.000000
0.000000
0.001453
0.004463
0.004153
0.003012
0.001692
0.000167
0.000000
0.000000
0.000000
0.002717
0.003515
0.003414
0.002596
0.001078
0.000037
0.000000
0.000000
0.000000
0.001598
0.004361
0.003674
0.003604
0.002280
0.000000
0.000000
0.000000
0.000000
0.001920
0.002350
0.001985
0.003754
0.002400
0.000187
0.000000
0.000000
0.000000
0.002717
0.003515
0.003414
0.002596
0.001078
0.000037
0.000000
0.000000
0.000000
0.000651
0.001913
0.003014
0.005760
0.003213
0.000234
0.000000
0.000000
0.000000
0.001920
0.002350
0.001985
0.003754
0.002400
0.000187
0.000000
0.000000
0.000000
0.000646
0.001941
0.002721
0.003160
0.000938
0.000025
0.000000
0.000000
0.000000
0.000651
0.001913
0.003014
0.005760
0.003213
0.000234
0.000000
0.000000
0.000000
0.001242
0.002128
0.002554
0.004553
0.002358
0.000248
0.000000
0.000000
0.000000
0.000646
0.001941
0.002721
0.003160
0.000938
0.000025
0.000000
0.000000
0.000000
0.001375
0.002614
0.002368
0.004323
0.003270
0.000502
0.000000
0.000000
0.000000
0.001242
0.002128
0.002554
0.004553
0.002358
0.000248
0.000000
0.000000
0.000000
0.001162
0.003023
0.004989
0.004294
0.001638
0.000108
0.000000
0.000000
0.000000
0.001375
0.002614
0.002368
0.004323
0.003270
0.000502
0.000000
0.000000
0.000000
0.000565
0.001640
0.003059
0.005762
0.003137
0.000198
0.000000
0.000000
0.000000
0.001162
0.003023
0.004989
0.004294
0.001638
0.000108
0.000000
0.000000
0.000000
0.000871
0.001590
0.003734
0.003135
0.001774
0.000093
0.000000
0.000000
0.000000
0.000565
0.001640
0.003059
0.005762
0.003137
0.000198
0.000000
0.000000
0.000000
0.001288
0.002989
0.003765
0.002693
0.001669
0.000101
0.000000
0.000000
0.000000
0.000871
0.001590
0.003734
0.003135
0.001774
0.000093
0.000000
0.000000
0.000000
0.001129
0.001835
0.002148
0.003238
0.002911
0.000026
0.000000
0.000000
0.000000
0.001288
0.002989
0.003765
0.002693
0.001669
0.000101
0.000000
0.000000
0.000000
0.000933
0.001868
0.001518
0.001232
0.001806
0.000188
0.000000
0.000000
0.000000
0.001129
0.001835
0.002148
0.003238
0.002911
0.000026
0.000000
0.000000
0.000000
0.001339
0.002000
0.003326
0.004128
0.002627
0.000087
0.000000
0.000000
0.000000
0.001904
0.002459
0.001626
0.003308
0.002751
0.000335
0.000000
0.000000
0.000000
0.001563
0.001159
0.002624
0.004296
0.002990
0.000116
0.000000
0.000000
0.000000
0.000879
0.001846
0.002795
0.002318
0.002608
0.000201
0.000000
0.000000
0.000000
0.001829
0.003163
0.004995
0.003633
0.001217
0.000193
0.000000
0.000000
0.000000
0.001563
0.001159
0.002624
0.004296
0.002990
0.000116
0.000000
0.000000
0.000000
0.002229
0.003216
0.002615
0.003151
0.002578
0.000297
0.000000
0.000000
0.000000
0.001829
0.003163
0.004995
0.003633
0.001217
0.000193
0.000000
0.000000
0.000000
0.001459
0.003550
0.003854
0.003905
0.003026
0.000423
0.000000
0.000000
0.000000
0.002229
0.003216
0.002615
0.003151
0.002578
0.000297
0.000000
0.000000
0.000000
0.003213
0.001925
0.003185
0.003899
0.002917
0.000377
0.000000
0.000000
0.000000
0.001459
0.003550
0.003854
0.003905
0.003026
0.000423
0.000000
0.000000
0.000000
0.001554
0.002526
0.004080
0.003600
0.001945
0.000107
0.000000
0.000000
0.000000
0.003213
0.001925
0.003185
0.003899
0.002917
0.000377
0.000000
0.000000
0.000000
0.001453
0.004463
0.004153
0.003012
0.001692
0.000167
0.000000
0.000000
0.000000
0.001554
0.002526
0.004080
0.003600
0.001945
0.000107
0.000000
0.000000
0.000000
0.001085
0.003131
0.004546
0.005055
0.001669
0.000000
0.000000
0.000000
0.000000
0.001453
0.004463
0.004153
0.003012
0.001692
0.000167
0.000000
0.000000
0.000000
0.002717
0.003515
0.003414
0.002596
0.001078
0.000037
0.000000
0.000000
0.000000
0.001085
0.003131
0.004546
0.005055
0.001669
0.000000
0.000000
0.000000
0.000000
0.000569
0.002823
0.003688
0.003652
0.001955
0.000122
0.000000
0.000000
0.000000
0.002717
0.003515
0.003414
0.002596
0.001078
0.000037
0.000000
0.000000
0.000000
0.000651
0.001913
0.003014
0.005760
0.003213
0.000234
0.000000
0.000000
0.000000
0.000569
0.002823
0.003688
0.003652
0.001955
0.000122
0.000000
0.000000
0.000000
0.001019
0.002985
0.004472
0.004054
0.001871
0.000081
0.000000
0.000000
0.000000
0.000651
0.001913
0.003014
0.005760
0.003213
0.000234
0.000000
0.000000
0.000000
0.001242
0.002128
0.002554
0.004553
0.002358
0.000248
0.000000
0.000000
0.000000
0.001019
0.002985
0.004472
0.004054
0.001871
0.000081
0.000000
0.000000
0.000000
0.001484
0.001719
0.004103
0.004071
0.004619
0.000495
0.000000
0.000000
0.000000
0.001242
0.002128
0.002554
0.004553
0.002358
0.000248
0.000000
0.000000
0.000000
0.001162
0.003023
0.004989
0.004294
0.001638
0.000108
0.000000
0.000000
0.000000
0.001484
0.001719
0.004103
0.004071
0.004619
0.000495
0.000000
0.000000
0.000000
0.001180
0.003095
0.002463
0.002734
0.003571
0.000648
0.000000
0.000000
0.000000
0.001162
0.003023
0.004989
0.004294
0.001638
0.000108
0.000000
0.000000
0.000000
0.000871
0.001590
0.003734
0.003135
0.001774
0.000093
0.000000
0.000000
0.000000
0.001180
0.003095
0.002463
0.002734
0.003571
0.000648
0.000000
0.000000
0.000000
0.001898
0.000862
0.001505
0.004558
0.003380
0.000239
0.000000
0.000000
0.000000
0.000871
0.001590
0.003734
0.003135
0.001774
0.000093
0.000000
0.000000
0.000000
0.001129
0.001835
0.002148
0.003238
0.002911
0.000026
0.000000
0.000000
0.000000
0.001898
0.000862
0.001505
0.004558
0.003380
0.000239
0.000000
0.000000
0.000000
0.001388
0.001360
0.001815
0.002914
0.001819
0.000227
0.000000
0.000000
0.000000
0.001129
0.001835
0.002148
0.003238
0.002911
0.000026
0.000000
0.000000
0.000000
0.001339
0.002000
0.003326
0.004128
0.002627
0.000087
0.000000
0.000000
0.000000
0.001388
0.001360
0.001815
0.002914
0.001819
0.000227
0.000000
0.000000
0.000000
0.001220
0.004261
0.003688
0.003508
0.003322
0.000156
0.000000
0.000000
0.000000
0.000879
0.001846
0.002795
0.002318
0.002608
0.000201
0.000000
0.000000
0.000000
0.001829
0.003163
0.004995
0.003633
0.001217
0.000193
0.000000
0.000000
0.000000
0.002109
0.002737
0.003405
0.002384
0.001435
0.000069
0.000000
0.000000
0.000000
0.002681
0.002387
0.003255
0.003105
0.001989
0.000122
0.000000
0.000000
0.000000
0.001829
0.003163
0.004995
0.003633
0.001217
0.000193
0.000000
0.000000
0.000000
0.001459
0.003550
0.003854
0.003905
0.003026
0.000423
0.000000
0.000000
0.000000
0.002681
0.002387
0.003255
0.003105
0.001989
0.000122
0.000000
0.000000
0.000000
0.001277
0.003066
0.003214
0.004166
0.002378
0.000319
0.000000
0.000000
0.000000
0.001459
0.003550
0.003854
0.003905
0.003026
0.000423
0.000000
0.000000
0.000000
0.001554
0.002526
0.004080
0.003600
0.001945
0.000107
0.000000
0.000000
0.000000
0.001277
0.003066
0.003214
0.004166
0.002378
0.000319
0.000000
0.000000
0.000000
0.001735
0.003061
0.003414
0.003742
0.001702
0.000098
0.000000
0.000000
0.000000
0.001554
0.002526
0.004080
0.003600
0.001945
0.000107
0.000000
0.000000
0.000000
0.001085
0.003131
0.004546
0.005055
0.001669
0.000000
0.000000
0.000000
0.000000
0.001735
0.003061
0.003414
0.003742
0.001702
0.000098
0.000000
0.000000
0.000000
0.001667
0.002441
0.003026
0.003871
0.001931
0.000146
0.000000
0.000000
0.000000
0.001085
0.003131
0.004546
0.005055
0.001669
0.000000
0.000000
0.000000
0.000000
0.000569
0.002823
0.003688
0.003652
0.001955
0.000122
0.000000
0.000000
0.000000
0.001667
0.002441
0.003026
0.003871
0.001931
0.000146
0.000000
0.000000
0.000000
0.001425
0.002284
0.002923
0.004087
0.002969
0.000155
0.000000
0.000000
0.000000
0.000569
0.002823
0.003688
0.003652
0.001955
0.000122
0.000000
0.000000
0.000000
0.001019
0.002985
0.004472
0.004054
0.001871
0.000081
0.000000
0.000000
0.000000
0.001425
0.002284
0.002923
0.004087
0.002969
0.000155
0.000000
0.000000
0.000000
0.002798
0.004404
0.003578
0.002972
0.002597
0.000262
0.000000
0.000000
0.000000
0.001019
0.002985
0.004472
0.004054
0.001871
0.000081
0.000000
0.000000
0.000000
0.001484
0.001719
0.004103
0.004071
0.004619
0.000495
0.000000
0.000000
0.000000
0.002798
0.004404
0.003578
0.002972
0.002597
0.000262
0.000000
0.000000
0.000000
0.000517
0.002266
0.004706
0.002291
0.004260
0.000229
0.000000
0.000000
0.000000
0.001484
0.001719
0.004103
0.004071
0.004619
0.000495
0.000000
0.000000
0.000000
0.001180
0.003095
0.002463
0.002734
0.003571
0.000648
0.000000
0.000000
0.000000
0.000517
0.002266
0.004706
0.002291
0.004260
0.000229
0.000000
0.000000
0.000000
0.001123
0.003043
0.003551
0.004777
0.003501
0.000222
0.000000
0.000000
0.000000
0.001180
0.003095
0.002463
0.002734
0.003571
0.000648
0.000000
0.000000
0.000000
0.001898
0.000862
0.001505
0.004558
0.003380
0.000239
0.000000
0.000000
0.000000
0.001123
0.003043
0.003551
0.004777
0.003501
0.000222
0.000000
0.000000
0.000000
0.001981
0.002036
0.003773
0.004973
0.002340
0.000293
0.000000
0.000000
0.000000
0.001898
0.000862
0.001505
0.004558
0.003380
0.000239
0.000000
0.000000
0.000000
0.001388
0.001360
0.001815
0.002914
0.001819
0.000227
0.000000
0.000000
0.000000
0.001981
0.002036
0.003773
0.004973
0.002340
0.000293
0.000000
0.000000
0.000000
0.001706
0.002527
0.004008
0.007665
0.003864
0.000249
0.000000
0.000000
0.000000
0.001388
0.001360
0.001815
0.002914
0.001819
0.000227
0.000000
0.000000
0.000000
0.001220
0.004261
0.003688
0.003508
0.003322
0.000156
0.000000
0.000000
0.000000
0.001706
0.002527
0.004008
0.007665
0.003864
0.000249
0.000000
0.000000
0.000000
0.001826
0.002923
0.003511
0.004208
0.001921
0.000002
0.000000
0.000000
0.000000
0.002109
0.002737
0.003405
0.002384
0.001435
0.000069
0.000000
0.000000
0.000000
0.002681
0.002387
0.003255
0.003105
0.001989
0.000122
0.000000
0.000000
0.000000
0.001152
0.002910
0.003490
0.004784
0.003119
0.000427
0.000000
0.000000
0.000000
0.001688
0.003673
0.002372
0.003815
0.001515
0.000111
0.000000
0.000000
0.000000
0.002681
0.002387
0.003255
0.003105
0.001989
0.000122
0.000000
0.000000
0.000000
0.001277
0.003066
0.003214
0.004166
0.002378
0.000319
0.000000
0.000000
0.000000
0.001688
0.003673
0.002372
0.003815
0.001515
0.000111
0.000000
0.000000
0.000000
0.001804
0.002529
0.005731
0.005741
0.004039
0.000145
0.000000
0.000000
0.000000
0.001277
0.003066
0.003214
0.004166
0.002378
0.000319
0.000000
0.000000
0.000000
0.001735
0.003061
0.003414
0.003742
0.001702
0.000098
0.000000
0.000000
0.000000
0.001804
0.002529
0.005731
0.005741
0.004039
0.000145
0.000000
0.000000
0.000000
0.002058
0.004033
0.004518
0.005112
0.003135
0.000130
0.000000
0.000000
0.000000
0.001735
0.003061
0.003414
0.003742
0.001702
0.000098
0.000000
0.000000
0.000000
0.001667
0.002441
0.003026
0.003871
0.001931
0.000146
0.000000
0.000000
0.000000
0.002058
0.004033
0.004518
0.005112
0.003135
0.000130
0.000000
0.000000
0.000000
0.001983
0.003483
0.004629
0.004084
0.002349
0.000084
0.000000
0.000000
0.000000
0.001667
0.002441
0.003026
0.003871
0.001931
0.000146
0.000000
0.000000
0.000000
0.001425
0.002284
0.002923
0.004087
0.002969
0.000155
0.000000
0.000000
0.000000
0.001983
0.003483
0.004629
0.004084
0.002349
0.000084
0.000000
0.000000
0.000000
0.001697
0.003267
0.004245
0.005316
0.003396
0.000425
0.000000
0.000000
0.000000
0.001425
0.002284
0.002923
0.004087
0.002969
0.000155
0.000000
0.000000
0.000000
0.002798
0.004404
0.003578
0.002972
0.002597
0.000262
0.000000
0.000000
0.000000
0.001697
0.003267
0.004245
0.005316
0.003396
0.000425
0.000000
0.000000
0.000000
0.002952
0.004802
0.005639
0.003881
0.002326
0.000298
0.000000
0.000000
0.000000
0.002798
0.004404
0.003578
0.002972
0.002597
0.000262
0.000000
0.000000
0.000000
0.000517
0.002266
0.004706
0.002291
0.004260
0.000229
0.000000
0.000000
0.000000
0.002952
0.004802
0.005639
0.003881
0.002326
0.000298
0.000000
0.000000
0.000000
0.002390
0.003402
0.003756
0.003955
0.002567
0.000268
0.000000
0.000000
0.000000
0.000517
0.002266
0.004706
0.002291
0.004260
0.000229
0.000000
0.000000
0.000000
0.001123
0.003043
0.003551
0.004777
0.003501
0.000222
0.000000
0.000000
0.000000
0.002390
0.003402
0.003756
0.003955
0.002567
0.000268
0.000000
0.000000
0.000000
0.001214
0.002377
0.003716
0.003566
0.003193
0.000477
0.000000
0.000000
0.000000
0.001123
0.003043
0.003551
0.004777
0.003501
0.000222
0.000000
0.000000
0.000000
0.001981
0.002036
0.003773
0.004973
0.002340
0.000293
0.000000
0.000000
0.000000
0.001214
0.002377
0.003716
0.003566
0.003193
0.000477
0.000000
0.000000
0.000000
0.002190
0.002994
0.004872
0.004290
0.002331
0.000177
0.000000
0.000000
0.000000
0.001981
0.002036
0.003773
0.004973
0.002340
0.000293
0.000000
0.000000
0.000000
0.001706
0.002527
0.004008
0.007665
0.003864
0.000249
0.000000
0.000000
0.000000
0.002190
0.002994
0.004872
0.004290
0.002331
0.000177
0.000000
0.000000
0.000000
0.002795
0.003004
0.004815
0.005390
0.004562
0.000671
0.000000
0.000000
0.000000
0.001706
0.002527
0.004008
0.007665
0.003864
0.000249
0.000000
0.000000
0.000000
0.001826
0.002923
0.003511
0.004208
0.001921
0.000002
0.000000
0.000000
0.000000
0.002795
0.003004
0.004815
0.005390
0.004562
0.000671
0.000000
0.000000
0.000000
0.001452
0.002986
0.002432
0.004922
0.005867
0.000474
0.000000
0.000000
0.000000
0.001152
0.002910
0.003490
0.004784
0.003119
0.000427
0.000000
0.000000
0.000000
0.001688
0.003673
0.002372
0.003815
0.001515
0.000111
0.000000
0.000000
0.000000
0.001459
0.002309
0.004092
0.003537
0.001696
0.000081
0.000000
0.000000
0.000000
0.001682
0.003999
0.003522
0.004047
0.003156
0.000418
0.000000
0.000000
0.000000
0.001688
0.003673
0.002372
0.003815
0.001515
0.000111
0.000000
0.000000
0.000000
0.001804
0.002529
0.005731
0.005741
0.004039
0.000145
0.000000
0.000000
0.000000
0.001682
0.003999
0.003522
0.004047
0.003156
0.000418
0.000000
0.000000
0.000000
0.001386
0.003561
0.003457
0.003023
0.003056
0.000486
0.000000
0.000000
0.000000
0.001804
0.002529
0.005731
0.005741
0.004039
0.000145
0.000000
0.000000
0.000000
0.002058
0.004033
0.004518
0.005112
0.003135
0.000130
0.000000
0.000000
0.000000
0.001386
0.003561
0.003457
0.003023
0.003056
0.000486
0.000000
0.000000
0.000000
0.001489
0.002188
0.004611
0.004080
0.003890
0.000445
0.000000
0.000000
0.000000
0.002058
0.004033
0.004518
0.005112
0.003135
0.000130
0.000000
0.000000
0.000000
0.001983
0.003483
0.004629
0.004084
0.002349
0.000084
0.000000
0.000000
0.000000
0.001489
0.002188
0.004611
0.004080
0.003890
0.000445
0.000000
0.000000
0.000000
0.001197
0.002188
0.003813
0.006326
0.003128
0.000112
0.000000
0.000000
0.000000
0.001983
0.003483
0.004629
0.004084
0.002349
0.000084
0.000000
0.000000
0.000000
0.001697
0.003267
0.004245
0.005316
0.003396
0.000425
0.000000
0.000000
0.000000
0.001197
0.002188
0.003813
0.006326
0.003128
0.000112
0.000000
0.000000
0.000000
0.000783
0.001995
0.004185
0.007028
0.002869
0.000117
0.000000
0.000000
0.000000
0.001697
0.003267
0.004245
0.005316
0.003396
0.000425
0.000000
0.000000
0.000000
0.002952
0.004802
0.005639
0.003881
0.002326
0.000298
0.000000
0.000000
0.000000
0.000783
0.001995
0.004185
0.007028
0.002869
0.000117
0.000000
0.000000
0.000000
0.001561
0.004013
0.004703
0.005010
0.004173
0.000102
0.000000
0.000000
0.000000
0.002952
0.004802
0.005639
0.003881
0.002326
0.000298
0.000000
0.000000
0.000000
0.002390
0.003402
0.003756
0.003955
0.002567
0.000268
0.000000
0.000000
0.000000
0.001561
0.004013
0.004703
0.005010
0.004173
0.000102
0.000000
0.000000
0.000000
0.002034
0.002908
0.005566
0.006624
0.002630
0.000014
0.000000
0.000000
0.000000
0.002390
0.003402
0.003756
0.003955
0.002567
0.000268
0.000000
0.000000
0.000000
0.001214
0.002377
0.003716
0.003566
0.003193
0.000477
0.000000
0.000000
0.000000
0.002034
0.002908
0.005566
0.006624
0.002630
0.000014
0.000000
0.000000
0.000000
0.001382
0.003106
0.003842
0.003787
0.002998
0.000248
0.000000
0.000000
0.000000
0.001214
0.002377
0.003716
0.003566
0.003193
0.000477
0.000000
0.000000
0.000000
0.002190
0.002994
0.004872
0.004290
0.002331
0.000177
0.000000
0.000000
0.000000
0.001382
0.003106
0.003842
0.003787
0.002998
0.000248
0.000000
0.000000
0.000000
0.000583
0.001911
0.005671
0.004212
0.003325
0.000331
0.000000
0.000000
0.000000
0.002190
0.002994
0.004872
0.004290
0.002331
0.000177
0.000000
0.000000
0.000000
0.002795
0.003004
0.004815
0.005390
0.004562
0.000671
0.000000
0.000000
0.000000
0.000583
0.001911
0.005671
0.004212
0.003325
0.000331
0.000000
0.000000
0.000000
0.002278
0.004093
0.004703
0.004252
0.001609
0.000193
0.000000
0.000000
0.000000
0.002795
0.003004
0.004815
0.005390
0.004562
0.000671
0.000000
0.000000
0.000000
0.001452
0.002986
0.002432
0.004922
0.005867
0.000474
0.000000
0.000000
0.000000
0.002278
0.004093
0.004703
0.004252
0.001609
0.000193
0.000000
0.000000
0.000000
0.002914
0.004085
0.005883
0.011380
0.005525
0.000607
0.000000
0.000000
0.000000
0.001459
0.002309
0.004092
0.003537
0.001696
0.000081
0.000000
0.000000
0.000000
0.001682
0.003999
0.003522
0.004047
0.003156
0.000418
0.000000
0.000000
0.000000
0.000856
0.003067
0.004751
0.002863
0.001787
0.000033
0.000000
0.000000
0.000000
0.002009
0.004455
0.003205
0.002829
0.003891
0.000314
0.000000
0.000000
0.000000
0.001682
0.003999
0.003522
0.004047
0.003156
0.000418
0.000000
0.000000
0.000000
0.001386
0.003561
0.003457
0.003023
0.003056
0.000486
0.000000
0.000000
0.000000
0.002009
0.004455
0.003205
0.002829
0.003891
0.000314
0.000000
0.000000
0.000000
0.001649
0.002314
0.003364
0.003998
0.001957
0.000165
0.000000
0.000000
0.000000
0.001386
0.003561
0.003457
0.003023
0.003056
0.000486
0.000000
0.000000
0.000000
0.001489
0.002188
0.004611
0.004080
0.003890
0.000445
0.000000
0.000000
0.000000
0.001649
0.002314
0.003364
0.003998
0.001957
0.000165
0.000000
0.000000
0.000000
0.001618
0.003360
0.002972
0.004057
0.002900
0.000153
0.000000
0.000000
0.000000
0.001489
0.002188
0.004611
0.004080
0.003890
0.000445
0.000000
0.000000
0.000000
0.001197
0.002188
0.003813
0.006326
0.003128
0.000112
0.000000
0.000000
0.000000
0.001618
0.003360
0.002972
0.004057
0.002900
0.000153
0.000000
0.000000
0.000000
0.000978
0.002396
0.004137
0.004028
0.002351
0.000289
0.000000
0.000000
0.000000
0.001197
0.002188
0.003813
0.006326
0.003128
0.000112
0.000000
0.000000
0.000000
0.000783
0.001995
0.004185
0.007028
0.002869
0.000117
0.000000
0.000000
0.000000
0.000978
0.002396
0.004137
0.004028
0.002351
0.000289
0.000000
0.000000
0.000000
0.001356
0.002654
0.002586
0.003145
0.003243
0.000221
0.000000
0.000000
0.000000
0.000783
0.001995
0.004185
0.007028
0.002869
0.000117
0.000000
0.000000
0.000000
0.001561
0.004013
0.004703
0.005010
0.004173
0.000102
0.000000
0.000000
0.000000
0.001356
0.002654
0.002586
0.003145
0.003243
0.000221
0.000000
0.000000
0.000000
0.002062
0.003932
0.002626
0.004043
0.003229
0.000203
0.000000
0.000000
0.000000
0.001561
0.004013
0.004703
0.005010
0.004173
0.000102
0.000000
0.000000
0.000000
0.002034
0.002908
0.005566
0.006624
0.002630
0.000014
0.000000
0.000000
0.000000
0.002062
0.003932
0.002626
0.004043
0.003229
0.000203
0.000000
0.000000
0.000000
0.001046
0.002874
0.005391
0.004802
0.005157
0.000385
0.000000
0.000000
0.000000
0.002034
0.002908
0.005566
0.006624
0.002630
0.000014
0.000000
0.000000
0.000000
0.001382
0.003106
0.003842
0.003787
0.002998
0.000248
0.000000
0.000000
0.000000
0.001046
0.002874
0.005391
0.004802
0.005157
0.000385
0.000000
0.000000
0.000000
0.003180
0.005324
0.005465
0.003819
0.001876
0.000173
0.000000
0.000000
0.000000
0.001382
0.003106
0.003842
0.003787
0.002998
0.000248
0.000000
0.000000
0.000000
0.000583
0.001911
0.005671
0.004212
0.003325
0.000331
0.000000
0.000000
0.000000
0.003180
0.005324
0.005465
0.003819
0.001876
0.000173
0.000000
0.000000
0.000000
0.001574
0.006118
0.005383
0.004650
0.003161
0.000077
0.000000
0.000000
0.000000
0.000583
0.001911
0.005671
0.004212
0.003325
0.000331
0.000000
0.000000
0.000000
0.002278
0.004093
0.004703
0.004252
0.001609
0.000193
0.000000
0.000000
0.000000
0.001574
0.006118
0.005383
0.004650
0.003161
0.000077
0.000000
0.000000
0.000000
0.003676
0.006401
0.005318
0.011227
0.008575
0.001160
0.000000
0.000000
0.000000
0.002278
0.004093
0.004703
0.004252
0.001609
0.000193
0.000000
0.000000
0.000000
0.002914
0.004085
0.005883
0.011380
0.005525
0.000607
0.000000
0.000000
0.000000
0.003676
0.006401
0.005318
0.011227
0.008575
0.001160
0.000000
0.000000
0.000000
0.003294
0.003445
0.009144
0.015966
0.016543
0.001718
0.000000
0.000000
0.000000
0.000856
0.003067
0.004751
0.002863
0.001787
0.000033
0.000000
0.000000
0.000000
0.002009
0.004455
0.003205
0.002829
0.003891
0.000314
0.000000
0.000000
0.000000
0.003031
0.002947
0.002228
0.002687
0.001682
0.000293
0.000000
0.000000
0.000000
0.001023
0.001248
0.004614
0.007621
0.007689
0.001050
0.000000
0.000000
0.000000
0.002009
0.004455
0.003205
0.002829
0.003891
0.000314
0.000000
0.000000
0.000000
0.001649
0.002314
0.003364
0.003998
0.001957
0.000165
0.000000
0.000000
0.000000
0.001023
0.001248
0.004614
0.007621
0.007689
0.001050
0.000000
0.000000
0.000000
0.001043
0.004224
0.005215
0.004615
0.002769
0.000144
0.000000
0.000000
0.000000
0.001649
0.002314
0.003364
0.003998
0.001957
0.000165
0.000000
0.000000
0.000000
0.001618
0.003360
0.002972
0.004057
0.002900
0.000153
0.000000
0.000000
0.000000
0.001043
0.004224
0.005215
0.004615
0.002769
0.000144
0.000000
0.000000
0.000000
0.002923
0.004225
0.003839
0.003615
0.002802
0.000333
0.000000
0.000000
0.000000
0.001618
0.003360
0.002972
0.004057
0.002900
0.000153
0.000000
0.000000
0.000000
0.000978
0.002396
0.004137
0.004028
0.002351
0.000289
0.000000
0.000000
0.000000
0.002923
0.004225
0.003839
0.003615
0.002802
0.000333
0.000000
0.000000
0.000000
0.001717
0.001952
0.002824
0.002976
0.005304
0.000834
0.000000
0.000000
0.000000
0.000978
0.002396
0.004137
0.004028
0.002351
0.000289
0.000000
0.000000
0.000000
0.001356
0.002654
0.002586
0.003145
0.003243
0.000221
0.000000
0.000000
0.000000
0.001717
0.001952
0.002824
0.002976
0.005304
0.000834
0.000000
0.000000
0.000000
0.001218
0.003014
0.004914
0.005202
0.003569
0.000429
0.000000
0.000000
0.000000
0.001356
0.002654
0.002586
0.003145
0.003243
0.000221
0.000000
0.000000
0.000000
0.002062
0.003932
0.002626
0.004043
0.003229
0.000203
0.000000
0.000000
0.000000
0.001218
0.003014
0.004914
0.005202
0.003569
0.000429
0.000000
0.000000
0.000000
0.001214
0.002952
0.003110
0.005372
0.002880
0.000049
0.000000
0.000000
0.000000
0.002062
0.003932
0.002626
0.004043
0.003229
0.000203
0.000000
0.000000
0.000000
0.001046
0.002874
0.005391
0.004802
0.005157
0.000385
0.000000
0.000000
0.000000
0.001214
0.002952
0.003110
0.005372
0.002880
0.000049
0.000000
0.000000
0.000000
0.002673
0.003263
0.002959
0.003258
0.003418
0.000128
0.000000
0.000000
0.000000
0.001046
0.002874
0.005391
0.004802
0.005157
0.000385
0.000000
0.000000
0.000000
0.003180
0.005324
0.005465
0.003819
0.001876
0.000173
0.000000
0.000000
0.000000
0.002673
0.003263
0.002959
0.003258
0.003418
0.000128
0.000000
0.000000
0.000000
0.002047
0.001848
0.005845
0.005066
0.003934
0.000488
0.000000
0.000000
0.000000
0.003180
0.005324
0.005465
0.003819
0.001876
0.000173
0.000000
0.000000
0.000000
0.001574
0.006118
0.005383
0.004650
0.003161
0.000077
0.000000
0.000000
0.000000
0.002047
0.001848
0.005845
0.005066
0.003934
0.000488
0.000000
0.000000
0.000000
0.001884
0.004938
0.009919
0.020686
0.007069
0.000106
0.000000
0.000000
0.000000
0.001574
0.006118
0.005383
0.004650
0.003161
0.000077
0.000000
0.000000
0.000000
0.003676
0.006401
0.005318
0.011227
0.008575
0.001160
0.000000
0.000000
0.000000
0.001884
0.004938
0.009919
0.020686
0.007069
0.000106
0.000000
0.000000
0.000000
0.003696
0.003311
0.007820
0.021730
0.017812
0.002465
0.000000
0.000000
0.000000
0.003676
0.006401
0.005318
0.011227
0.008575
0.001160
0.000000
0.000000
0.000000
0.003294
0.003445
0.009144
0.015966
0.016543
0.001718
0.000000
0.000000
0.000000
0.003696
0.003311
0.007820
0.021730
0.017812
0.002465
0.000000
0.000000
0.000000
0.002818
0.006545
0.010320
0.013786
0.015272
0.002220
0.000000
0.000000
0.000000
0.003031
0.002947
0.002228
0.002687
0.001682
0.000293
0.000000
0.000000
0.000000
0.001023
0.001248
0.004614
0.007621
0.007689
0.001050
0.000000
0.000000
0.000000
0.001811
0.002429
0.003532
0.006155
0.002207
0.000357
0.000000
0.000000
0.000000
0.001929
0.005285
0.002112
0.001900
0.002686
0.000084
0.000000
0.000000
0.000000
0.001023
0.001248
0.004614
0.007621
0.007689
0.001050
0.000000
0.000000
0.000000
0.001043
0.004224
0.005215
0.004615
0.002769
0.000144
0.000000
0.000000
0.000000
0.001929
0.005285
0.002112
0.001900
0.002686
0.000084
0.000000
0.000000
0.000000
0.000628
0.003662
0.005662
0.003012
0.002736
0.000242
0.000000
0.000000
0.000000
0.001043
0.004224
0.005215
0.004615
0.002769
0.000144
0.000000
0.000000
0.000000
0.002923
0.004225
0.003839
0.003615
0.002802
0.000333
0.000000
0.000000
0.000000
0.000628
0.003662
0.005662
0.003012
0.002736
0.000242
0.000000
0.000000
0.000000
0.002842
0.002815
0.005262
0.003446
0.003699
0.000312
0.000000
0.000000
0.000000
0.002923
0.004225
0.003839
0.003615
0.002802
0.000333
0.000000
0.000000
0.000000
0.001717
0.001952
0.002824
0.002976
0.005304
0.000834
0.000000
0.000000
0.000000
0.002842
0.002815
0.005262
0.003446
0.003699
0.000312
0.000000
0.000000
0.000000
0.001409
0.002201
0.003073
0.003883
0.002205
0.000189
0.000000
0.000000
0.000000
0.001717
0.001952
0.002824
0.002976
0.005304
0.000834
0.000000
0.000000
0.000000
0.001218
0.003014
0.004914
0.005202
0.003569
0.000429
0.000000
0.000000
0.000000
0.001409
0.002201
0.003073
0.003883
0.002205
0.000189
0.000000
0.000000
0.000000
0.001325
0.003047
0.003385
0.004427
0.003372
0.000264
0.000000
0.000000
0.000000
0.001218
0.003014
0.004914
0.005202
0.003569
0.000429
0.000000
0.000000
0.000000
0.001214
0.002952
0.003110
0.005372
0.002880
0.000049
0.000000
0.000000
0.000000
0.001325
0.003047
0.003385
0.004427
0.003372
0.000264
0.000000
0.000000
0.000000
0.002988
0.005729
0.002915
0.001712
0.000979
0.000006
0.000000
0.000000
0.000000
0.001214
0.002952
0.003110
0.005372
0.002880
0.000049
0.000000
0.000000
0.000000
0.002673
0.003263
0.002959
0.003258
0.003418
0.000128
0.000000
0.000000
0.000000
0.002988
0.005729
0.002915
0.001712
0.000979
0.000006
0.000000
0.000000
0.000000
0.001621
0.003426
0.002340
0.004891
0.002761
0.000052
0.000000
0.000000
0.000000
0.002673
0.003263
0.002959
0.003258
0.003418
0.000128
0.000000
0.000000
0.000000
0.002047
0.001848
0.005845
0.005066
0.003934
0.000488
0.000000
0.000000
0.000000
0.001621
0.003426
0.002340
0.004891
0.002761
0.000052
0.000000
0.000000
0.000000
0.001652
0.006028
0.007948
0.006452
0.010501
0.000857
0.000000
0.000000
0.000000
0.002047
0.001848
0.005845
0.005066
0.003934
0.000488
0.000000
0.000000
0.000000
0.001884
0.004938
0.009919
0.020686
0.007069
0.000106
0.000000
0.000000
0.000000
0.001652
0.006028
0.007948
0.006452
0.010501
0.000857
0.000000
0.000000
0.000000
0.003687
0.006060
0.009393
0.016695
0.013072
0.001080
0.000000
0.000000
0.000000
0.001884
0.004938
0.009919
0.020686
0.007069
0.000106
0.000000
0.000000
0.000000
0.003696
0.003311
0.007820
0.021730
0.017812
0.002465
0.000000
0.000000
0.000000
0.003687
0.006060
0.009393
0.016695
0.013072
0.001080
0.000000
0.000000
0.000000
0.005998
0.009754
0.012169
0.013319
0.019749
0.001200
0.000000
0.000000
0.000000
0.003696
0.003311
0.007820
0.021730
0.017812
0.002465
0.000000
0.000000
0.000000
0.002818
0.006545
0.010320
0.013786
0.015272
0.002220
0.000000
0.000000
0.000000
0.005998
0.009754
0.012169
0.013319
0.019749
0.001200
0.000000
0.000000
0.000000
0.001568
0.001579
0.004367
0.010247
0.020865
0.004119
0.000000
0.000000
0.000000
