0.000700
0.002412
0.006258
0.003551
0.001154
0.000442
0.000000
0.000000
0.000000
0.003253
0.006770
0.012040
0.008631
0.014790
0.003689
0.000000
0.000000
0.000000
0.007223
0.019856
0.012318
0.016507
0.008165
0.001506
0.000000
0.000000
0.000000
0.004276
0.011893
0.016071
0.018377
0.019376
0.003293
0.000000
0.000000
0.000000
0.003253
0.006770
0.012040
0.008631
0.014790
0.003689
0.000000
0.000000
0.000000
0.006898
0.025120
0.020649
0.005798
0.003304
0.000467
0.000000
0.000000
0.000000
0.004276
0.011893
0.016071
0.018377
0.019376
0.003293
0.000000
0.000000
0.000000
0.007729
0.008275
0.010821
0.009758
0.005903
0.000789
0.000000
0.000000
0.000000
0.006898
0.025120
0.020649
0.005798
0.003304
0.000467
0.000000
0.000000
0.000000
0.002214
0.006854
0.012974
0.008123
0.005793
0.001365
0.000000
0.000000
0.000000
0.007729
0.008275
0.010821
0.009758
0.005903
0.000789
0.000000
0.000000
0.000000
0.007242
0.012361
0.005184
0.004913
0.005261
0.000567
0.000000
0.000000
0.000000
0.002214
0.006854
0.012974
0.008123
0.005793
0.001365
0.000000
0.000000
0.000000
0.005436
0.018044
0.015390
0.014691
0.008595
0.000697
0.000000
0.000000
0.000000
0.007242
0.012361
0.005184
0.004913
0.005261
0.000567
0.000000
0.000000
0.000000
0.008074
0.014107
0.014784
0.012129
0.012494
0.001139
0.000000
0.000000
0.000000
0.005436
0.018044
0.015390
0.014691
0.008595
0.000697
0.000000
0.000000
0.000000
0.004080
0.011477
0.012106
0.012183
0.006786
0.000852
0.000000
0.000000
0.000000
0.008074
0.014107
0.014784
0.012129
0.012494
0.001139
0.000000
0.000000
0.000000
0.011849
0.017551
0.015949
0.008242
0.004329
0.000126
0.000000
0.000000
0.000000
0.004080
0.011477
0.012106
0.012183
0.006786
0.000852
0.000000
0.000000
0.000000
0.006688
0.008203
0.023645
0.020278
0.016158
0.001129
0.000000
0.000000
0.000000
0.011849
0.017551
0.015949
0.008242
0.004329
0.000126
0.000000
0.000000
0.000000
0.007645
0.020215
0.025212
0.025479
0.008232
0.000892
0.000000
0.000000
0.000000
0.006688
0.008203
0.023645
0.020278
0.016158
0.001129
0.000000
0.000000
0.000000
0.012515
0.020111
0.026385
0.030644
0.010534
0.000679
0.000000
0.000000
0.000000
0.007645
0.020215
0.025212
0.025479
0.008232
0.000892
0.000000
0.000000
0.000000
0.009774
0.013885
0.015656
0.014848
0.007595
0.001350
0.000000
0.000000
0.000000
0.012515
0.020111
0.026385
0.030644
0.010534
0.000679
0.000000
0.000000
0.000000
0.011830
0.034667
0.030224
0.028942
0.029634
0.003929
0.000000
0.000000
0.000000
0.009774
0.013885
0.015656
0.014848
0.007595
0.001350
0.000000
0.000000
0.000000
0.006062
0.028960
0.025941
0.010772
0.006322
0.001454
0.000000
0.000000
0.000000
0.011830
0.034667
0.030224
0.028942
0.029634
0.003929
0.000000
0.000000
0.000000
0.008180
0.016076
0.009000
0.012868
0.007963
0.001201
0.000000
0.000000
0.000000
0.006062
0.028960
0.025941
0.010772
0.006322
0.001454
0.000000
0.000000
0.000000
0.001867
0.007597
0.010468
0.011939
0.007736
0.001019
0.000000
0.000000
0.000000
0.008180
0.016076
0.009000
0.012868
0.007963
0.001201
0.000000
0.000000
0.000000
0.005917
0.015012
0.007008
0.006848
0.003106
0.000793
0.000000
0.000000
0.000000
0.001867
0.007597
0.010468
0.011939
0.007736
0.001019
0.000000
0.000000
0.000000
0.011351
0.016707
0.009404
0.010588
0.003352
0.000475
0.000000
0.000000
0.000000
0.005917
0.015012
0.007008
0.006848
0.003106
0.000793
0.000000
0.000000
0.000000
0.011992
0.016822
0.009348
0.006698
0.006532
0.000793
0.000000
0.000000
0.000000
0.011351
0.016707
0.009404
0.010588
0.003352
0.000475
0.000000
0.000000
0.000000
0.009547
0.014462
0.016312
0.007951
0.003825
0.000288
0.000000
0.000000
0.000000
0.007223
0.019856
0.012318
0.016507
0.008165
0.001506
0.000000
0.000000
0.000000
0.004276
0.011893
0.016071
0.018377
0.019376
0.003293
0.000000
0.000000
0.000000
0.004311
0.009176
0.019516
0.026640
0.012638
0.001407
0.000000
0.000000
0.000000
0.002324
0.010076
0.018266
0.010878
0.009062
0.001596
0.000000
0.000000
0.000000
0.004276
0.011893
0.016071
0.018377
0.019376
0.003293
0.000000
0.000000
0.000000
0.007729
0.008275
0.010821
0.009758
0.005903
0.000789
0.000000
0.000000
0.000000
0.002324
0.010076
0.018266
0.010878
0.009062
0.001596
0.000000
0.000000
0.000000
0.004215
0.007049
0.009403
0.016523
0.012898
0.000864
0.000000
0.000000
0.000000
0.007729
0.008275
0.010821
0.009758
0.005903
0.000789
0.000000
0.000000
0.000000
0.007242
0.012361
0.005184
0.004913
0.005261
0.000567
0.000000
0.000000
0.000000
0.004215
0.007049
0.009403
0.016523
0.012898
0.000864
0.000000
0.000000
0.000000
0.006336
0.009666
0.011583
0.008719
0.008329
0.000839
0.000000
0.000000
0.000000
0.007242
0.012361
0.005184
0.004913
0.005261
0.000567
0.000000
0.000000
0.000000
0.008074
0.014107
0.014784
0.012129
0.012494
0.001139
0.000000
0.000000
0.000000
0.006336
0.009666
0.011583
0.008719
0.008329
0.000839
0.000000
0.000000
0.000000
0.003637
0.011641
0.011211
0.006650
0.008124
0.001177
0.000000
0.000000
0.000000
0.008074
0.014107
0.014784
0.012129
0.012494
0.001139
0.000000
0.000000
0.000000
0.011849
0.017551
0.015949
0.008242
0.004329
0.000126
0.000000
0.000000
0.000000
0.003637
0.011641
0.011211
0.006650
0.008124
0.001177
0.000000
0.000000
0.000000
0.004872
0.005648
0.011921
0.007222
0.006236
0.000717
0.000000
0.000000
0.000000
0.011849
0.017551
0.015949
0.008242
0.004329
0.000126
0.000000
0.000000
0.000000
0.007645
0.020215
0.025212
0.025479
0.008232
0.000892
0.000000
0.000000
0.000000
0.004872
0.005648
0.011921
0.007222
0.006236
0.000717
0.000000
0.000000
0.000000
0.006145
0.012387
0.011921
0.014287
0.012518
0.002166
0.000000
0.000000
0.000000
0.007645
0.020215
0.025212
0.025479
0.008232
0.000892
0.000000
0.000000
0.000000
0.009774
0.013885
0.015656
0.014848
0.007595
0.001350
0.000000
0.000000
0.000000
0.006145
0.012387
0.011921
0.014287
0.012518
0.002166
0.000000
0.000000
0.000000
0.002050
0.011723
0.009599
0.011144
0.005632
0.000261
0.000000
0.000000
0.000000
0.009774
0.013885
0.015656
0.014848
0.007595
0.001350
0.000000
0.000000
0.000000
0.006062
0.028960
0.025941
0.010772
0.006322
0.001454
0.000000
0.000000
0.000000
0.002050
0.011723
0.009599
0.011144
0.005632
0.000261
0.000000
0.000000
0.000000
0.000717
0.005307
0.009067
0.011983
0.014268
0.001953
0.000000
0.000000
0.000000
0.006062
0.028960
0.025941
0.010772
0.006322
0.001454
0.000000
0.000000
0.000000
0.001867
0.007597
0.010468
0.011939
0.007736
0.001019
0.000000
0.000000
0.000000
0.000717
0.005307
0.009067
0.011983
0.014268
0.001953
0.000000
0.000000
0.000000
0.002521
0.007423
0.010870
0.012004
0.010684
0.000499
0.000000
0.000000
0.000000
0.001867
0.007597
0.010468
0.011939
0.007736
0.001019
0.000000
0.000000
0.000000
0.011351
0.016707
0.009404
0.010588
0.003352
0.000475
0.000000
0.000000
0.000000
0.002521
0.007423
0.010870
0.012004
0.010684
0.000499
0.000000
0.000000
0.000000
0.004552
0.011354
0.012331
0.010201
0.007869
0.000851
0.000000
0.000000
0.000000
0.011351
0.016707
0.009404
0.010588
0.003352
0.000475
0.000000
0.000000
0.000000
0.009547
0.014462
0.016312
0.007951
0.003825
0.000288
0.000000
0.000000
0.000000
0.004552
0.011354
0.012331
0.010201
0.007869
0.000851
0.000000
0.000000
0.000000
0.001682
0.003508
0.014999
0.012744
0.008700
0.001243
0.000000
0.000000
0.000000
0.004311
0.009176
0.019516
0.026640
0.012638
0.001407
0.000000
0.000000
0.000000
0.002324
0.010076
0.018266
0.010878
0.009062
0.001596
0.000000
0.000000
0.000000
0.003495
0.007798
0.011131
0.011607
0.010293
0.000511
0.000000
0.000000
0.000000
0.006036
0.008340
0.010632
0.014933
0.008764
0.001067
0.000000
0.000000
0.000000
0.002324
0.010076
0.018266
0.010878
0.009062
0.001596
0.000000
0.000000
0.000000
0.004215
0.007049
0.009403
0.016523
0.012898
0.000864
0.000000
0.000000
0.000000
0.006036
0.008340
0.010632
0.014933
0.008764
0.001067
0.000000
0.000000
0.000000
0.004954
0.004577
0.004268
0.007629
0.009523
0.000911
0.000000
0.000000
0.000000
0.004215
0.007049
0.009403
0.016523
0.012898
0.000864
0.000000
0.000000
0.000000
0.006336
0.009666
0.011583
0.008719
0.008329
0.000839
0.000000
0.000000
0.000000
0.004954
0.004577
0.004268
0.007629
0.009523
0.000911
0.000000
0.000000
0.000000
0.007047
0.012597
0.014381
0.012152
0.005417
0.000028
0.000000
0.000000
0.000000
0.006336
0.009666
0.011583
0.008719
0.008329
0.000839
0.000000
0.000000
0.000000
0.003637
0.011641
0.011211
0.006650
0.008124
0.001177
0.000000
0.000000
0.000000
0.007047
0.012597
0.014381
0.012152
0.005417
0.000028
0.000000
0.000000
0.000000
0.006043
0.009771
0.010702
0.003631
0.003822
0.000760
0.000000
0.000000
0.000000
0.003637
0.011641
0.011211
0.006650
0.008124
0.001177
0.000000
0.000000
0.000000
0.004872
0.005648
0.011921
0.007222
0.006236
0.000717
0.000000
0.000000
0.000000
0.006043
0.009771
0.010702
0.003631
0.003822
0.000760
0.000000
0.000000
0.000000
0.006707
0.014374
0.012235
0.013428
0.009024
0.000935
0.000000
0.000000
0.000000
0.004872
0.005648
0.011921
0.007222
0.006236
0.000717
0.000000
0.000000
0.000000
0.006145
0.012387
0.011921
0.014287
0.012518
0.002166
0.000000
0.000000
0.000000
0.006707
0.014374
0.012235
0.013428
0.009024
0.000935
0.000000
0.000000
0.000000
0.003513
0.006211
0.011769
0.009724
0.007469
0.000779
0.000000
0.000000
0.000000
0.006145
0.012387
0.011921
0.014287
0.012518
0.002166
0.000000
0.000000
0.000000
0.002050
0.011723
0.009599
0.011144
0.005632
0.000261
0.000000
0.000000
0.000000
0.003513
0.006211
0.011769
0.009724
0.007469
0.000779
0.000000
0.000000
0.000000
0.008148
0.019408
0.015184
0.009387
0.003786
0.000192
0.000000
0.000000
0.000000
0.002050
0.011723
0.009599
0.011144
0.005632
0.000261
0.000000
0.000000
0.000000
0.000717
0.005307
0.009067
0.011983
0.014268
0.001953
0.000000
0.000000
0.000000
0.008148
0.019408
0.015184
0.009387
0.003786
0.000192
0.000000
0.000000
0.000000
0.016607
0.026672
0.017885
0.009731
0.006430
0.001205
0.000000
0.000000
0.000000
0.000717
0.005307
0.009067
0.011983
0.014268
0.001953
0.000000
0.000000
0.000000
0.002521
0.007423
0.010870
0.012004
0.010684
0.000499
0.000000
0.000000
0.000000
0.016607
0.026672
0.017885
0.009731
0.006430
0.001205
0.000000
0.000000
0.000000
0.004938
0.008055
0.012630
0.009809
0.005133
0.001078
0.000000
0.000000
0.000000
0.002521
0.007423
0.010870
0.012004
0.010684
0.000499
0.000000
0.000000
0.000000
0.004552
0.011354
0.012331
0.010201
0.007869
0.000851
0.000000
0.000000
0.000000
0.004938
0.008055
0.012630
0.009809
0.005133
0.001078
0.000000
0.000000
0.000000
0.003942
0.009519
0.010186
0.012293
0.009645
0.001229
0.000000
0.000000
0.000000
0.004552
0.011354
0.012331
0.010201
0.007869
0.000851
0.000000
0.000000
0.000000
0.001682
0.003508
0.014999
0.012744
0.008700
0.001243
0.000000
0.000000
0.000000
0.003942
0.009519
0.010186
0.012293
0.009645
0.001229
0.000000
0.000000
0.000000
0.003362
0.010626
0.018373
0.018792
0.012126
0.000955
0.000000
0.000000
0.000000
0.003495
0.007798
0.011131
0.011607
0.010293
0.000511
0.000000
0.000000
0.000000
0.006036
0.008340
0.010632
0.014933
0.008764
0.001067
0.000000
0.000000
0.000000
0.002309
0.004647
0.008389
0.013392
0.010984
0.001685
0.000000
0.000000
0.000000
0.001259
0.003975
0.012885
0.012516
0.014838
0.001033
0.000000
0.000000
0.000000
0.006036
0.008340
0.010632
0.014933
0.008764
0.001067
0.000000
0.000000
0.000000
0.004954
0.004577
0.004268
0.007629
0.009523
0.000911
0.000000
0.000000
0.000000
0.001259
0.003975
0.012885
0.012516
0.014838
0.001033
0.000000
0.000000
0.000000
0.002349
0.004542
0.012610
0.016036
0.013916
0.001498
0.000000
0.000000
0.000000
0.004954
0.004577
0.004268
0.007629
0.009523
0.000911
0.000000
0.000000
0.000000
0.007047
0.012597
0.014381
0.012152
0.005417
0.000028
0.000000
0.000000
0.000000
0.002349
0.004542
0.012610
0.016036
0.013916
0.001498
0.000000
0.000000
0.000000
0.005242
0.013298
0.013003
0.008677
0.004714
0.000484
0.000000
0.000000
0.000000
0.007047
0.012597
0.014381
0.012152
0.005417
0.000028
0.000000
0.000000
0.000000
0.006043
0.009771
0.010702
0.003631
0.003822
0.000760
0.000000
0.000000
0.000000
0.005242
0.013298
0.013003
0.008677
0.004714
0.000484
0.000000
0.000000
0.000000
0.005190
0.006490
0.010600
0.007046
0.003973
0.000268
0.000000
0.000000
0.000000
0.006043
0.009771
0.010702
0.003631
0.003822
0.000760
0.000000
0.000000
0.000000
0.006707
0.014374
0.012235
0.013428
0.009024
0.000935
0.000000
0.000000
0.000000
0.005190
0.006490
0.010600
0.007046
0.003973
0.000268
0.000000
0.000000
0.000000
0.001749
0.007880
0.009661
0.012382
0.006931
0.000880
0.000000
0.000000
0.000000
0.006707
0.014374
0.012235
0.013428
0.009024
0.000935
0.000000
0.000000
0.000000
0.003513
0.006211
0.011769
0.009724
0.007469
0.000779
0.000000
0.000000
0.000000
0.001749
0.007880
0.009661
0.012382
0.006931
0.000880
0.000000
0.000000
0.000000
0.006529
0.003927
0.007401
0.012890
0.015576
0.001997
0.000000
0.000000
0.000000
0.003513
0.006211
0.011769
0.009724
0.007469
0.000779
0.000000
0.000000
0.000000
0.008148
0.019408
0.015184
0.009387
0.003786
0.000192
0.000000
0.000000
0.000000
0.006529
0.003927
0.007401
0.012890
0.015576
0.001997
0.000000
0.000000
0.000000
0.019500
0.021856
0.011503
0.009122
0.011407
0.001007
0.000000
0.000000
0.000000
0.008148
0.019408
0.015184
0.009387
0.003786
0.000192
0.000000
0.000000
0.000000
0.016607
0.026672
0.017885
0.009731
0.006430
0.001205
0.000000
0.000000
0.000000
0.019500
0.021856
0.011503
0.009122
0.011407
0.001007
0.000000
0.000000
0.000000
0.053535
0.046654
0.012770
0.006505
0.001781
0.000035
0.000000
0.000000
0.000000
0.016607
0.026672
0.017885
0.009731
0.006430
0.001205
0.000000
0.000000
0.000000
0.004938
0.008055
0.012630
0.009809
0.005133
0.001078
0.000000
0.000000
0.000000
0.053535
0.046654
0.012770
0.006505
0.001781
0.000035
0.000000
0.000000
0.000000
0.003515
0.005371
0.008392
0.008053
0.005941
0.000337
0.000000
0.000000
0.000000
0.004938
0.008055
0.012630
0.009809
0.005133
0.001078
0.000000
0.000000
0.000000
0.003942
0.009519
0.010186
0.012293
0.009645
0.001229
0.000000
0.000000
0.000000
0.003515
0.005371
0.008392
0.008053
0.005941
0.000337
0.000000
0.000000
0.000000
0.003939
0.011829
0.012402
0.006717
0.008066
0.001267
0.000000
0.000000
0.000000
0.003942
0.009519
0.010186
0.012293
0.009645
0.001229
0.000000
0.000000
0.000000
0.003362
0.010626
0.018373
0.018792
0.012126
0.000955
0.000000
0.000000
0.000000
0.003939
0.011829
0.012402
0.006717
0.008066
0.001267
0.000000
0.000000
0.000000
0.005712
0.014415
0.012960
0.010757
0.006854
0.001741
0.000000
0.000000
0.000000
0.002309
0.004647
0.008389
0.013392
0.010984
0.001685
0.000000
0.000000
0.000000
0.001259
0.003975
0.012885
0.012516
0.014838
0.001033
0.000000
0.000000
0.000000
0.003915
0.007878
0.013333
0.013369
0.011985
0.001378
0.000000
0.000000
0.000000
0.002643
0.007652
0.009950
0.011789
0.014212
0.002854
0.000000
0.000000
0.000000
0.001259
0.003975
0.012885
0.012516
0.014838
0.001033
0.000000
0.000000
0.000000
0.002349
0.004542
0.012610
0.016036
0.013916
0.001498
0.000000
0.000000
0.000000
0.002643
0.007652
0.009950
0.011789
0.014212
0.002854
0.000000
0.000000
0.000000
0.003132
0.008353
0.011985
0.007310
0.004487
0.000424
0.000000
0.000000
0.000000
0.002349
0.004542
0.012610
0.016036
0.013916
0.001498
0.000000
0.000000
0.000000
0.005242
0.013298
0.013003
0.008677
0.004714
0.000484
0.000000
0.000000
0.000000
0.003132
0.008353
0.011985
0.007310
0.004487
0.000424
0.000000
0.000000
0.000000
0.004323
0.012739
0.011226
0.006861
0.002473
0.000228
0.000000
0.000000
0.000000
0.005242
0.013298
0.013003
0.008677
0.004714
0.000484
0.000000
0.000000
0.000000
0.005190
0.006490
0.010600
0.007046
0.003973
0.000268
0.000000
0.000000
0.000000
0.004323
0.012739
0.011226
0.006861
0.002473
0.000228
0.000000
0.000000
0.000000
0.005190
0.010745
0.013380
0.012404
0.014536
0.000957
0.000000
0.000000
0.000000
0.005190
0.006490
0.010600
0.007046
0.003973
0.000268
0.000000
0.000000
0.000000
0.001749
0.007880
0.009661
0.012382
0.006931
0.000880
0.000000
0.000000
0.000000
0.005190
0.010745
0.013380
0.012404
0.014536
0.000957
0.000000
0.000000
0.000000
0.005504
0.011090
0.012503
0.004803
0.008525
0.001358
0.000000
0.000000
0.000000
0.001749
0.007880
0.009661
0.012382
0.006931
0.000880
0.000000
0.000000
0.000000
0.006529
0.003927
0.007401
0.012890
0.015576
0.001997
0.000000
0.000000
0.000000
0.005504
0.011090
0.012503
0.004803
0.008525
0.001358
0.000000
0.000000
0.000000
0.013708
0.020549
0.015046
0.013931
0.015618
0.001820
0.000000
0.000000
0.000000
0.006529
0.003927
0.007401
0.012890
0.015576
0.001997
0.000000
0.000000
0.000000
0.019500
0.021856
0.011503
0.009122
0.011407
0.001007
0.000000
0.000000
0.000000
0.013708
0.020549
0.015046
0.013931
0.015618
0.001820
0.000000
0.000000
0.000000
0.023148
0.031211
0.037965
0.014418
0.012079
0.002623
0.000000
0.000000
0.000000
0.019500
0.021856
0.011503
0.009122
0.011407
0.001007
0.000000
0.000000
0.000000
0.053535
0.046654
0.012770
0.006505
0.001781
0.000035
0.000000
0.000000
0.000000
0.023148
0.031211
0.037965
0.014418
0.012079
0.002623
0.000000
0.000000
0.000000
0.010609
0.024360
0.021832
0.015601
0.014307
0.000785
0.000000
0.000000
0.000000
0.053535
0.046654
0.012770
0.006505
0.001781
0.000035
0.000000
0.000000
0.000000
0.003515
0.005371
0.008392
0.008053
0.005941
0.000337
0.000000
0.000000
0.000000
0.010609
0.024360
0.021832
0.015601
0.014307
0.000785
0.000000
0.000000
0.000000
0.006571
0.011970
0.007012
0.010527
0.008603
0.000697
0.000000
0.000000
0.000000
0.003515
0.005371
0.008392
0.008053
0.005941
0.000337
0.000000
0.000000
0.000000
0.003939
0.011829
0.012402
0.006717
0.008066
0.001267
0.000000
0.000000
0.000000
0.006571
0.011970
0.007012
0.010527
0.008603
0.000697
0.000000
0.000000
0.000000
0.010315
0.015993
0.015101
0.016021
0.007787
0.001230
0.000000
0.000000
0.000000
0.003939
0.011829
0.012402
0.006717
0.008066
0.001267
0.000000
0.000000
0.000000
0.005712
0.014415
0.012960
0.010757
0.006854
0.001741
0.000000
0.000000
0.000000
0.010315
0.015993
0.015101
0.016021
0.007787
0.001230
0.000000
0.000000
0.000000
0.006530
0.015502
0.012867
0.016718
0.008604
0.000419
0.000000
0.000000
0.000000
0.003915
0.007878
0.013333
0.013369
0.011985
0.001378
0.000000
0.000000
0.000000
0.002643
0.007652
0.009950
0.011789
0.014212
0.002854
0.000000
0.000000
0.000000
0.003538
0.009019
0.006537
0.006424
0.007373
0.000513
0.000000
0.000000
0.000000
0.001770
0.005696
0.008144
0.011188
0.011450
0.002051
0.000000
0.000000
0.000000
0.002643
0.007652
0.009950
0.011789
0.014212
0.002854
0.000000
0.000000
0.000000
0.003132
0.008353
0.011985
0.007310
0.004487
0.000424
0.000000
0.000000
0.000000
0.001770
0.005696
0.008144
0.011188
0.011450
0.002051
0.000000
0.000000
0.000000
0.003962
0.009568
0.012862
0.008022
0.007435
0.001391
0.000000
0.000000
0.000000
0.003132
0.008353
0.011985
0.007310
0.004487
0.000424
0.000000
0.000000
0.000000
0.004323
0.012739
0.011226
0.006861
0.002473
0.000228
0.000000
0.000000
0.000000
0.003962
0.009568
0.012862
0.008022
0.007435
0.001391
0.000000
0.000000
0.000000
0.005326
0.014064
0.007228
0.004711
0.004436
0.000689
0.000000
0.000000
0.000000
0.004323
0.012739
0.011226
0.006861
0.002473
0.000228
0.000000
0.000000
0.000000
0.005190
0.010745
0.013380
0.012404
0.014536
0.000957
0.000000
0.000000
0.000000
0.005326
0.014064
0.007228
0.004711
0.004436
0.000689
0.000000
0.000000
0.000000
0.004831
0.010473
0.009012
0.007825
0.008254
0.000122
0.000000
0.000000
0.000000
0.005190
0.010745
0.013380
0.012404
0.014536
0.000957
0.000000
0.000000
0.000000
0.005504
0.011090
0.012503
0.004803
0.008525
0.001358
0.000000
0.000000
0.000000
0.004831
0.010473
0.009012
0.007825
0.008254
0.000122
0.000000
0.000000
0.000000
0.007018
0.013440
0.012073
0.008586
0.005396
0.000483
0.000000
0.000000
0.000000
0.005504
0.011090
0.012503
0.004803
0.008525
0.001358
0.000000
0.000000
0.000000
0.013708
0.020549
0.015046
0.013931
0.015618
0.001820
0.000000
0.000000
0.000000
0.007018
0.013440
0.012073
0.008586
0.005396
0.000483
0.000000
0.000000
0.000000
0.005320
0.011101
0.012476
0.010790
0.006942
0.000694
0.000000
0.000000
0.000000
0.013708
0.020549
0.015046
0.013931
0.015618
0.001820
0.000000
0.000000
0.000000
0.023148
0.031211
0.037965
0.014418
0.012079
0.002623
0.000000
0.000000
0.000000
0.005320
0.011101
0.012476
0.010790
0.006942
0.000694
0.000000
0.000000
0.000000
0.018235
0.033036
0.018471
0.011184
0.006237
0.001512
0.000000
0.000000
0.000000
0.023148
0.031211
0.037965
0.014418
0.012079
0.002623
0.000000
0.000000
0.000000
0.010609
0.024360
0.021832
0.015601
0.014307
0.000785
0.000000
0.000000
0.000000
0.018235
0.033036
0.018471
0.011184
0.006237
0.001512
0.000000
0.000000
0.000000
0.002837
0.006653
0.012492
0.011614
0.005007
0.000989
0.000000
0.000000
0.000000
0.010609
0.024360
0.021832
0.015601
0.014307
0.000785
0.000000
0.000000
0.000000
0.006571
0.011970
0.007012
0.010527
0.008603
0.000697
0.000000
0.000000
0.000000
0.002837
0.006653
0.012492
0.011614
0.005007
0.000989
0.000000
0.000000
0.000000
0.003999
0.009342
0.016005
0.009873
0.005871
0.000582
0.000000
0.000000
0.000000
0.006571
0.011970
0.007012
0.010527
0.008603
0.000697
0.000000
0.000000
0.000000
0.010315
0.015993
0.015101
0.016021
0.007787
0.001230
0.000000
0.000000
0.000000
0.003999
0.009342
0.016005
0.009873
0.005871
0.000582
0.000000
0.000000
0.000000
0.004041
0.006235
0.011740
0.020331
0.015495
0.001383
0.000000
0.000000
0.000000
0.010315
0.015993
0.015101
0.016021
0.007787
0.001230
0.000000
0.000000
0.000000
0.006530
0.015502
0.012867
0.016718
0.008604
0.000419
0.000000
0.000000
0.000000
0.004041
0.006235
0.011740
0.020331
0.015495
0.001383
0.000000
0.000000
0.000000
0.004336
0.014099
0.015027
0.020002
0.011068
0.000789
0.000000
0.000000
0.000000
0.003538
0.009019
0.006537
0.006424
0.007373
0.000513
0.000000
0.000000
0.000000
0.001770
0.005696
0.008144
0.011188
0.011450
0.002051
0.000000
0.000000
0.000000
0.001841
0.008942
0.014239
0.008516
0.013571
0.002335
0.000000
0.000000
0.000000
0.003367
0.009286
0.010755
0.008319
0.005828
0.000658
0.000000
0.000000
0.000000
0.001770
0.005696
0.008144
0.011188
0.011450
0.002051
0.000000
0.000000
0.000000
0.003962
0.009568
0.012862
0.008022
0.007435
0.001391
0.000000
0.000000
0.000000
0.003367
0.009286
0.010755
0.008319
0.005828
0.000658
0.000000
0.000000
0.000000
0.004300
0.007445
0.007817
0.007740
0.005937
0.000547
0.000000
0.000000
0.000000
0.003962
0.009568
0.012862
0.008022
0.007435
0.001391
0.000000
0.000000
0.000000
0.005326
0.014064
0.007228
0.004711
0.004436
0.000689
0.000000
0.000000
0.000000
0.004300
0.007445
0.007817
0.007740
0.005937
0.000547
0.000000
0.000000
0.000000
0.007251
0.006664
0.009055
0.008687
0.007091
0.000935
0.000000
0.000000
0.000000
0.005326
0.014064
0.007228
0.004711
0.004436
0.000689
0.000000
0.000000
0.000000
0.004831
0.010473
0.009012
0.007825
0.008254
0.000122
0.000000
0.000000
0.000000
0.007251
0.006664
0.009055
0.008687
0.007091
0.000935
0.000000
0.000000
0.000000
0.004260
0.012334
0.013776
0.016338
0.010783
0.001135
0.000000
0.000000
0.000000
0.004831
0.010473
0.009012
0.007825
0.008254
0.000122
0.000000
0.000000
0.000000
0.007018
0.013440
0.012073
0.008586
0.005396
0.000483
0.000000
0.000000
0.000000
0.004260
0.012334
0.013776
0.016338
0.010783
0.001135
0.000000
0.000000
0.000000
0.003850
0.007532
0.013616
0.015196
0.006418
0.000637
0.000000
0.000000
0.000000
0.007018
0.013440
0.012073
0.008586
0.005396
0.000483
0.000000
0.000000
0.000000
0.005320
0.011101
0.012476
0.010790
0.006942
0.000694
0.000000
0.000000
0.000000
0.003850
0.007532
0.013616
0.015196
0.006418
0.000637
0.000000
0.000000
0.000000
0.002002
0.007194
0.015509
0.020098
0.010339
0.001361
0.000000
0.000000
0.000000
0.005320
0.011101
0.012476
0.010790
0.006942
0.000694
0.000000
0.000000
0.000000
0.018235
0.033036
0.018471
0.011184
0.006237
0.001512
0.000000
0.000000
0.000000
0.002002
0.007194
0.015509
0.020098
0.010339
0.001361
0.000000
0.000000
0.000000
0.005932
0.008009
0.010863
0.015126
0.017763
0.003564
0.000000
0.000000
0.000000
0.018235
0.033036
0.018471
0.011184
0.006237
0.001512
0.000000
0.000000
0.000000
0.002837
0.006653
0.012492
0.011614
0.005007
0.000989
0.000000
0.000000
0.000000
0.005932
0.008009
0.010863
0.015126
0.017763
0.003564
0.000000
0.000000
0.000000
0.001891
0.008606
0.011628
0.022588
0.016005
0.002844
0.000000
0.000000
0.000000
0.002837
0.006653
0.012492
0.011614
0.005007
0.000989
0.000000
0.000000
0.000000
0.003999
0.009342
0.016005
0.009873
0.005871
0.000582
0.000000
0.000000
0.000000
0.001891
0.008606
0.011628
0.022588
0.016005
0.002844
0.000000
0.000000
0.000000
0.007431
0.011350
0.009325
0.015334
0.021316
0.003941
0.000000
0.000000
0.000000
0.003999
0.009342
0.016005
0.009873
0.005871
0.000582
0.000000
0.000000
0.000000
0.004041
0.006235
0.011740
0.020331
0.015495
0.001383
0.000000
0.000000
0.000000
0.007431
0.011350
0.009325
0.015334
0.021316
0.003941
0.000000
0.000000
0.000000
0.008666
0.026470
0.020197
0.019153
0.010338
0.000494
0.000000
0.000000
0.000000
0.004041
0.006235
0.011740
0.020331
0.015495
0.001383
0.000000
0.000000
0.000000
0.004336
0.014099
0.015027
0.020002
0.011068
0.000789
0.000000
0.000000
0.000000
0.008666
0.026470
0.020197
0.019153
0.010338
0.000494
0.000000
0.000000
0.000000
0.010393
0.033726
0.030456
0.013694
0.017818
0.003889
0.000000
0.000000
0.000000
0.001841
0.008942
0.014239
0.008516
0.013571
0.002335
0.000000
0.000000
0.000000
0.003367
0.009286
0.010755
0.008319
0.005828
0.000658
0.000000
0.000000
0.000000
0.003372
0.009150
0.004836
0.007309
0.005394
0.000785
0.000000
0.000000
0.000000
0.002586
0.005055
0.009413
0.008403
0.005972
0.000669
0.000000
0.000000
0.000000
0.003367
0.009286
0.010755
0.008319
0.005828
0.000658
0.000000
0.000000
0.000000
0.004300
0.007445
0.007817
0.007740
0.005937
0.000547
0.000000
0.000000
0.000000
0.002586
0.005055
0.009413
0.008403
0.005972
0.000669
0.000000
0.000000
0.000000
0.003575
0.008189
0.008780
0.004363
0.005211
0.000674
0.000000
0.000000
0.000000
0.004300
0.007445
0.007817
0.007740
0.005937
0.000547
0.000000
0.000000
0.000000
0.007251
0.006664
0.009055
0.008687
0.007091
0.000935
0.000000
0.000000
0.000000
0.003575
0.008189
0.008780
0.004363
0.005211
0.000674
0.000000
0.000000
0.000000
0.002936
0.006588
0.006025
0.009046
0.006846
0.000893
0.000000
0.000000
0.000000
0.007251
0.006664
0.009055
0.008687
0.007091
0.000935
0.000000
0.000000
0.000000
0.004260
0.012334
0.013776
0.016338
0.010783
0.001135
0.000000
0.000000
0.000000
0.002936
0.006588
0.006025
0.009046
0.006846
0.000893
0.000000
0.000000
0.000000
0.006624
0.010743
0.009376
0.008671
0.007440
0.000965
0.000000
0.000000
0.000000
0.004260
0.012334
0.013776
0.016338
0.010783
0.001135
0.000000
0.000000
0.000000
0.003850
0.007532
0.013616
0.015196
0.006418
0.000637
0.000000
0.000000
0.000000
0.006624
0.010743
0.009376
0.008671
0.007440
0.000965
0.000000
0.000000
0.000000
0.001422
0.003607
0.017564
0.018935
0.018283
0.002808
0.000000
0.000000
0.000000
0.003850
0.007532
0.013616
0.015196
0.006418
0.000637
0.000000
0.000000
0.000000
0.002002
0.007194
0.015509
0.020098
0.010339
0.001361
0.000000
0.000000
0.000000
0.001422
0.003607
0.017564
0.018935
0.018283
0.002808
0.000000
0.000000
0.000000
0.005989
0.012899
0.010161
0.013377
0.010233
0.002230
0.000000
0.000000
0.000000
0.002002
0.007194
0.015509
0.020098
0.010339
0.001361
0.000000
0.000000
0.000000
0.005932
0.008009
0.010863
0.015126
0.017763
0.003564
0.000000
0.000000
0.000000
0.005989
0.012899
0.010161
0.013377
0.010233
0.002230
0.000000
0.000000
0.000000
0.006275
0.006187
0.011893
0.031024
0.022282
0.003392
0.000000
0.000000
0.000000
0.005932
0.008009
0.010863
0.015126
0.017763
0.003564
0.000000
0.000000
0.000000
0.001891
0.008606
0.011628
0.022588
0.016005
0.002844
0.000000
0.000000
0.000000
0.006275
0.006187
0.011893
0.031024
0.022282
0.003392
0.000000
0.000000
0.000000
0.005885
0.019213
0.028776
0.023057
0.015573
0.001433
0.000000
0.000000
0.000000
0.001891
0.008606
0.011628
0.022588
0.016005
0.002844
0.000000
0.000000
0.000000
0.007431
0.011350
0.009325
0.015334
0.021316
0.003941
0.000000
0.000000
0.000000
0.005885
0.019213
0.028776
0.023057
0.015573
0.001433
0.000000
0.000000
0.000000
0.015332
0.035654
0.018024
0.018536
0.013188
0.002092
0.000000
0.000000
0.000000
0.007431
0.011350
0.009325
0.015334
0.021316
0.003941
0.000000
0.000000
0.000000
0.008666
0.026470
0.020197
0.019153
0.010338
0.000494
0.000000
0.000000
0.000000
0.015332
0.035654
0.018024
0.018536
0.013188
0.002092
0.000000
0.000000
0.000000
0.005655
0.023490
0.015239
0.031331
0.024961
0.002223
0.000000
0.000000
0.000000
0.008666
0.026470
0.020197
0.019153
0.010338
0.000494
0.000000
0.000000
0.000000
0.010393
0.033726
0.030456
0.013694
0.017818
0.003889
0.000000
0.000000
0.000000
0.005655
0.023490
0.015239
0.031331
0.024961
0.002223
0.000000
0.000000
0.000000
0.005439
0.019342
0.011430
0.016151
0.018811
0.001480
0.000000
0.000000
0.000000
0.003372
0.009150
0.004836
0.007309
0.005394
0.000785
0.000000
0.000000
0.000000
0.002586
0.005055
0.009413
0.008403
0.005972
0.000669
0.000000
0.000000
0.000000
0.002180
0.003925
0.007831
0.010808
0.006974
0.000527
0.000000
0.000000
0.000000
0.004314
0.007952
0.005126
0.008478
0.006396
0.000759
0.000000
0.000000
0.000000
0.002586
0.005055
0.009413
0.008403
0.005972
0.000669
0.000000
0.000000
0.000000
0.003575
0.008189
0.008780
0.004363
0.005211
0.000674
0.000000
0.000000
0.000000
0.004314
0.007952
0.005126
0.008478
0.006396
0.000759
0.000000
0.000000
0.000000
0.004035
0.010590
0.010353
0.011911
0.004370
0.000455
0.000000
0.000000
0.000000
0.003575
0.008189
0.008780
0.004363
0.005211
0.000674
0.000000
0.000000
0.000000
0.002936
0.006588
0.006025
0.009046
0.006846
0.000893
0.000000
0.000000
0.000000
0.004035
0.010590
0.010353
0.011911
0.004370
0.000455
0.000000
0.000000
0.000000
0.004970
0.006648
0.011660
0.009031
0.009119
0.001393
0.000000
0.000000
0.000000
0.002936
0.006588
0.006025
0.009046
0.006846
0.000893
0.000000
0.000000
0.000000
0.006624
0.010743
0.009376
0.008671
0.007440
0.000965
0.000000
0.000000
0.000000
0.004970
0.006648
0.011660
0.009031
0.009119
0.001393
0.000000
0.000000
0.000000
0.002487
0.009427
0.014933
0.012740
0.009234
0.001621
0.000000
0.000000
0.000000
0.006624
0.010743
0.009376
0.008671
0.007440
0.000965
0.000000
0.000000
0.000000
0.001422
0.003607
0.017564
0.018935
0.018283
0.002808
0.000000
0.000000
0.000000
0.002487
0.009427
0.014933
0.012740
0.009234
0.001621
0.000000
0.000000
0.000000
0.005241
0.017740
0.015190
0.021260
0.010346
0.001315
0.000000
0.000000
0.000000
0.001422
0.003607
0.017564
0.018935
0.018283
0.002808
0.000000
0.000000
0.000000
0.005989
0.012899
0.010161
0.013377
0.010233
0.002230
0.000000
0.000000
0.000000
0.005241
0.017740
0.015190
0.021260
0.010346
0.001315
0.000000
0.000000
0.000000
0.005368
0.008943
0.015963
0.027110
0.012330
0.000434
0.000000
0.000000
0.000000
0.005989
0.012899
0.010161
0.013377
0.010233
0.002230
0.000000
0.000000
0.000000
0.006275
0.006187
0.011893
0.031024
0.022282
0.003392
0.000000
0.000000
0.000000
0.005368
0.008943
0.015963
0.027110
0.012330
0.000434
0.000000
0.000000
0.000000
0.007285
0.009515
0.016590
0.028659
0.023756
0.001835
0.000000
0.000000
0.000000
0.006275
0.006187
0.011893
0.031024
0.022282
0.003392
0.000000
0.000000
0.000000
0.005885
0.019213
0.028776
0.023057
0.015573
0.001433
0.000000
0.000000
0.000000
0.007285
0.009515
0.016590
0.028659
0.023756
0.001835
0.000000
0.000000
0.000000
0.006684
0.011725
0.019473
0.022179
0.022173
0.000871
0.000000
0.000000
0.000000
0.005885
0.019213
0.028776
0.023057
0.015573
0.001433
0.000000
0.000000
0.000000
0.015332
0.035654
0.018024
0.018536
0.013188
0.002092
0.000000
0.000000
0.000000
0.006684
0.011725
0.019473
0.022179
0.022173
0.000871
0.000000
0.000000
0.000000
0.013045
0.041809
0.024193
0.014680
0.004673
0.000617
0.000000
0.000000
0.000000
0.015332
0.035654
0.018024
0.018536
0.013188
0.002092
0.000000
0.000000
0.000000
0.005655
0.023490
0.015239
0.031331
0.024961
0.002223
0.000000
0.000000
0.000000
0.013045
0.041809
0.024193
0.014680
0.004673
0.000617
0.000000
0.000000
0.000000
0.004989
0.020387
0.020774
0.033446
0.010424
0.000524
0.000000
0.000000
0.000000
0.005655
0.023490
0.015239
0.031331
0.024961
0.002223
0.000000
0.000000
0.000000
0.005439
0.019342
0.011430
0.016151
0.018811
0.001480
0.000000
0.000000
0.000000
0.004989
0.020387
0.020774
0.033446
0.010424
0.000524
0.000000
0.000000
0.000000
0.004870
0.007320
0.012695
0.014535
0.017140
0.002139
0.000000
0.000000
0.000000
0.002180
0.003925
0.007831
0.010808
0.006974
0.000527
0.000000
0.000000
0.000000
0.004314
0.007952
0.005126
0.008478
0.006396
0.000759
0.000000
0.000000
0.000000
0.003393
0.005926
0.005408
0.006719
0.005629
0.000433
0.000000
0.000000
0.000000
0.002507
0.010076
0.010806
0.015898
0.020687
0.003206
0.000000
0.000000
0.000000
0.004314
0.007952
0.005126
0.008478
0.006396
0.000759
0.000000
0.000000
0.000000
0.004035
0.010590
0.010353
0.011911
0.004370
0.000455
0.000000
0.000000
0.000000
0.002507
0.010076
0.010806
0.015898
0.020687
0.003206
0.000000
0.000000
0.000000
0.004660
0.013283
0.018089
0.005064
0.005416
0.001156
0.000000
0.000000
0.000000
0.004035
0.010590
0.010353
0.011911
0.004370
0.000455
0.000000
0.000000
0.000000
0.004970
0.006648
0.011660
0.009031
0.009119
0.001393
0.000000
0.000000
0.000000
0.004660
0.013283
0.018089
0.005064
0.005416
0.001156
0.000000
0.000000
0.000000
0.002846
0.011160
0.016095
0.011526
0.009415
0.000671
0.000000
0.000000
0.000000
0.004970
0.006648
0.011660
0.009031
0.009119
0.001393
0.000000
0.000000
0.000000
0.002487
0.009427
0.014933
0.012740
0.009234
0.001621
0.000000
0.000000
0.000000
0.002846
0.011160
0.016095
0.011526
0.009415
0.000671
0.000000
0.000000
0.000000
0.004469
0.009517
0.012672
0.013384
0.005784
0.000444
0.000000
0.000000
0.000000
0.002487
0.009427
0.014933
0.012740
0.009234
0.001621
0.000000
0.000000
0.000000
0.005241
0.017740
0.015190
0.021260
0.010346
0.001315
0.000000
0.000000
0.000000
0.004469
0.009517
0.012672
0.013384
0.005784
0.000444
0.000000
0.000000
0.000000
0.009511
0.019322
0.019850
0.010386
0.005135
0.000720
0.000000
0.000000
0.000000
0.005241
0.017740
0.015190
0.021260
0.010346
0.001315
0.000000
0.000000
0.000000
0.005368
0.008943
0.015963
0.027110
0.012330
0.000434
0.000000
0.000000
0.000000
0.009511
0.019322
0.019850
0.010386
0.005135
0.000720
0.000000
0.000000
0.000000
0.004532
0.009370
0.008186
0.009775
0.006954
0.000702
0.000000
0.000000
0.000000
0.005368
0.008943
0.015963
0.027110
0.012330
0.000434
0.000000
0.000000
0.000000
0.007285
0.009515
0.016590
0.028659
0.023756
0.001835
0.000000
0.000000
0.000000
0.004532
0.009370
0.008186
0.009775
0.006954
0.000702
0.000000
0.000000
0.000000
0.005808
0.015347
0.008359
0.005587
0.003322
0.000353
0.000000
0.000000
0.000000
0.007285
0.009515
0.016590
0.028659
0.023756
0.001835
0.000000
0.000000
0.000000
0.006684
0.011725
0.019473
0.022179
0.022173
0.000871
0.000000
0.000000
0.000000
0.005808
0.015347
0.008359
0.005587
0.003322
0.000353
0.000000
0.000000
0.000000
0.002844
0.009746
0.009567
0.012029
0.007795
0.000913
0.000000
0.000000
0.000000
0.006684
0.011725
0.019473
0.022179
0.022173
0.000871
0.000000
0.000000
0.000000
0.013045
0.041809
0.024193
0.014680
0.004673
0.000617
0.000000
0.000000
0.000000
0.002844
0.009746
0.009567
0.012029
0.007795
0.000913
0.000000
0.000000
0.000000
0.010133
0.026614
0.010472
0.006008
0.002056
0.000150
0.000000
0.000000
0.000000
0.013045
0.041809
0.024193
0.014680
0.004673
0.000617
0.000000
0.000000
0.000000
0.004989
0.020387
0.020774
0.033446
0.010424
0.000524
0.000000
0.000000
0.000000
0.010133
0.026614
0.010472
0.006008
0.002056
0.000150
0.000000
0.000000
0.000000
0.003949
0.009869
0.012804
0.006212
0.002250
0.000081
0.000000
0.000000
0.000000
0.004989
0.020387
0.020774
0.033446
0.010424
0.000524
0.000000
0.000000
0.000000
0.004870
0.007320
0.012695
0.014535
0.017140
0.002139
0.000000
0.000000
0.000000
0.003949
0.009869
0.012804
0.006212
0.002250
0.000081
0.000000
0.000000
0.000000
0.003502
0.008249
0.011653
0.010184
0.006493
0.001163
0.000000
0.000000
0.000000
0.003393
0.005926
0.005408
0.006719
0.005629
0.000433
0.000000
0.000000
0.000000
0.002507
0.010076
0.010806
0.015898
0.020687
0.003206
0.000000
0.000000
0.000000
0.005038
0.012366
0.024654
0.012029
0.007637
0.000531
0.000000
0.000000
0.000000
0.008561
0.015950
0.019858
0.011248
0.014432
0.002077
0.000000
0.000000
0.000000
0.002507
0.010076
0.010806
0.015898
0.020687
0.003206
0.000000
0.000000
0.000000
0.004660
0.013283
0.018089
0.005064
0.005416
0.001156
0.000000
0.000000
0.000000
0.008561
0.015950
0.019858
0.011248
0.014432
0.002077
0.000000
0.000000
0.000000
0.003531
0.011047
0.015227
0.021176
0.020363
0.002414
0.000000
0.000000
0.000000
0.004660
0.013283
0.018089
0.005064
0.005416
0.001156
0.000000
0.000000
0.000000
0.002846
0.011160
0.016095
0.011526
0.009415
0.000671
0.000000
0.000000
0.000000
0.003531
0.011047
0.015227
0.021176
0.020363
0.002414
0.000000
0.000000
0.000000
0.003655
0.012667
0.021868
0.021681
0.014967
0.001425
0.000000
0.000000
0.000000
0.002846
0.011160
0.016095
0.011526
0.009415
0.000671
0.000000
0.000000
0.000000
0.004469
0.009517
0.012672
0.013384
0.005784
0.000444
0.000000
0.000000
0.000000
0.003655
0.012667
0.021868
0.021681
0.014967
0.001425
0.000000
0.000000
0.000000
0.003040
0.007023
0.012111
0.016558
0.013765
0.001012
0.000000
0.000000
0.000000
0.004469
0.009517
0.012672
0.013384
0.005784
0.000444
0.000000
0.000000
0.000000
0.009511
0.019322
0.019850
0.010386
0.005135
0.000720
0.000000
0.000000
0.000000
0.003040
0.007023
0.012111
0.016558
0.013765
0.001012
0.000000
0.000000
0.000000
0.005960
0.009950
0.010260
0.005027
0.003883
0.000936
0.000000
0.000000
0.000000
0.009511
0.019322
0.019850
0.010386
0.005135
0.000720
0.000000
0.000000
0.000000
0.004532
0.009370
0.008186
0.009775
0.006954
0.000702
0.000000
0.000000
0.000000
0.005960
0.009950
0.010260
0.005027
0.003883
0.000936
0.000000
0.000000
0.000000
0.004315
0.010129
0.006361
0.008588
0.002893
0.000120
0.000000
0.000000
0.000000
0.004532
0.009370
0.008186
0.009775
0.006954
0.000702
0.000000
0.000000
0.000000
0.005808
0.015347
0.008359
0.005587
0.003322
0.000353
0.000000
0.000000
0.000000
0.004315
0.010129
0.006361
0.008588
0.002893
0.000120
0.000000
0.000000
0.000000
0.007182
0.010941
0.002571
0.003531
0.002551
0.000043
0.000000
0.000000
0.000000
0.005808
0.015347
0.008359
0.005587
0.003322
0.000353
0.000000
0.000000
0.000000
0.002844
0.009746
0.009567
0.012029
0.007795
0.000913
0.000000
0.000000
0.000000
0.007182
0.010941
0.002571
0.003531
0.002551
0.000043
0.000000
0.000000
0.000000
0.003826
0.007055
0.010821
0.014983
0.015187
0.002126
0.000000
0.000000
0.000000
0.002844
0.009746
0.009567
0.012029
0.007795
0.000913
0.000000
0.000000
0.000000
0.010133
0.026614
0.010472
0.006008
0.002056
0.000150
0.000000
0.000000
0.000000
0.003826
0.007055
0.010821
0.014983
0.015187
0.002126
0.000000
0.000000
0.000000
0.004665
0.012061
0.011687
0.019665
0.015045
0.001818
0.000000
0.000000
0.000000
0.010133
0.026614
0.010472
0.006008
0.002056
0.000150
0.000000
0.000000
0.000000
0.003949
0.009869
0.012804
0.006212
0.002250
0.000081
0.000000
0.000000
0.000000
0.004665
0.012061
0.011687
0.019665
0.015045
0.001818
0.000000
0.000000
0.000000
0.006541
0.012253
0.018092
0.020024
0.010430
0.001828
0.000000
0.000000
0.000000
0.003949
0.009869
0.012804
0.006212
0.002250
0.000081
0.000000
0.000000
0.000000
0.003502
0.008249
0.011653
0.010184
0.006493
0.001163
0.000000
0.000000
0.000000
0.006541
0.012253
0.018092
0.020024
0.010430
0.001828
0.000000
0.000000
0.000000
0.004064
0.009427
0.015806
0.015038
0.009752
0.000765
0.000000
0.000000
0.000000
0.005038
0.012366
0.024654
0.012029
0.007637
0.000531
0.000000
0.000000
0.000000
0.008561
0.015950
0.019858
0.011248
0.014432
0.002077
0.000000
0.000000
0.000000
0.004260
0.008894
0.006688
0.012602
0.006781
0.001547
0.000000
0.000000
0.000000
0.008606
0.016025
0.015779
0.011091
0.006142
0.000403
0.000000
0.000000
0.000000
0.008561
0.015950
0.019858
0.011248
0.014432
0.002077
0.000000
0.000000
0.000000
0.003531
0.011047
0.015227
0.021176
0.020363
0.002414
0.000000
0.000000
0.000000
0.008606
0.016025
0.015779
0.011091
0.006142
0.000403
0.000000
0.000000
0.000000
0.011891
0.021428
0.018478
0.018625
0.009870
0.001161
0.000000
0.000000
0.000000
0.003531
0.011047
0.015227
0.021176
0.020363
0.002414
0.000000
0.000000
0.000000
0.003655
0.012667
0.021868
0.021681
0.014967
0.001425
0.000000
0.000000
0.000000
0.011891
0.021428
0.018478
0.018625
0.009870
0.001161
0.000000
0.000000
0.000000
0.004880
0.012315
0.022869
0.019008
0.010398
0.000478
0.000000
0.000000
0.000000
0.003655
0.012667
0.021868
0.021681
0.014967
0.001425
0.000000
0.000000
0.000000
0.003040
0.007023
0.012111
0.016558
0.013765
0.001012
0.000000
0.000000
0.000000
0.004880
0.012315
0.022869
0.019008
0.010398
0.000478
0.000000
0.000000
0.000000
0.005882
0.011948
0.014217
0.014480
0.011968
0.001002
0.000000
0.000000
0.000000
0.003040
0.007023
0.012111
0.016558
0.013765
0.001012
0.000000
0.000000
0.000000
0.005960
0.009950
0.010260
0.005027
0.003883
0.000936
0.000000
0.000000
0.000000
0.005882
0.011948
0.014217
0.014480
0.011968
0.001002
0.000000
0.000000
0.000000
0.004029
0.012590
0.018163
0.011526
0.004217
0.000590
0.000000
0.000000
0.000000
0.005960
0.009950
0.010260
0.005027
0.003883
0.000936
0.000000
0.000000
0.000000
0.004315
0.010129
0.006361
0.008588
0.002893
0.000120
0.000000
0.000000
0.000000
0.004029
0.012590
0.018163
0.011526
0.004217
0.000590
0.000000
0.000000
0.000000
0.004621
0.007697
0.011557
0.007907
0.005029
0.000186
0.000000
0.000000
0.000000
0.004315
0.010129
0.006361
0.008588
0.002893
0.000120
0.000000
0.000000
0.000000
0.007182
0.010941
0.002571
0.003531
0.002551
0.000043
0.000000
0.000000
0.000000
0.004621
0.007697
0.011557
0.007907
0.005029
0.000186
0.000000
0.000000
0.000000
0.003635
0.009661
0.012415
0.014592
0.010380
0.000758
0.000000
0.000000
0.000000
0.007182
0.010941
0.002571
0.003531
0.002551
0.000043
0.000000
0.000000
0.000000
0.003826
0.007055
0.010821
0.014983
0.015187
0.002126
0.000000
0.000000
0.000000
0.003635
0.009661
0.012415
0.014592
0.010380
0.000758
0.000000
0.000000
0.000000
0.006087
0.018802
0.016746
0.024717
0.013750
0.001712
0.000000
0.000000
0.000000
0.003826
0.007055
0.010821
0.014983
0.015187
0.002126
0.000000
0.000000
0.000000
0.004665
0.012061
0.011687
0.019665
0.015045
0.001818
0.000000
0.000000
0.000000
0.006087
0.018802
0.016746
0.024717
0.013750
0.001712
0.000000
0.000000
0.000000
0.001787
0.007601
0.031050
0.018316
0.017938
0.002529
0.000000
0.000000
0.000000
0.004665
0.012061
0.011687
0.019665
0.015045
0.001818
0.000000
0.000000
0.000000
0.006541
0.012253
0.018092
0.020024
0.010430
0.001828
0.000000
0.000000
0.000000
0.001787
0.007601
0.031050
0.018316
0.017938
0.002529
0.000000
0.000000
0.000000
0.001508
0.009894
0.014233
0.025450
0.016673
0.002536
0.000000
0.000000
0.000000
0.006541
0.012253
0.018092
0.020024
0.010430
0.001828
0.000000
0.000000
0.000000
0.004064
0.009427
0.015806
0.015038
0.009752
0.000765
0.000000
0.000000
0.000000
0.001508
0.009894
0.014233
0.025450
0.016673
0.002536
0.000000
0.000000
0.000000
0.003722
0.009203
0.011127
0.011442
0.007723
0.002236
0.000000
0.000000
0.000000
0.004260
0.008894
0.006688
0.012602
0.006781
0.001547
0.000000
0.000000
0.000000
0.008606
0.016025
0.015779
0.011091
0.006142
0.000403
0.000000
0.000000
0.000000
0.005010
0.019325
0.016956
0.008306
0.006015
0.000783
0.000000
0.000000
0.000000
0.006858
0.011792
0.010709
0.010118
0.011091
0.001816
0.000000
0.000000
0.000000
0.008606
0.016025
0.015779
0.011091
0.006142
0.000403
0.000000
0.000000
0.000000
0.011891
0.021428
0.018478
0.018625
0.009870
0.001161
0.000000
0.000000
0.000000
0.006858
0.011792
0.010709
0.010118
0.011091
0.001816
0.000000
0.000000
0.000000
0.002633
0.010484
0.013910
0.017236
0.017406
0.001094
0.000000
0.000000
0.000000
0.011891
0.021428
0.018478
0.018625
0.009870
0.001161
0.000000
0.000000
0.000000
0.004880
0.012315
0.022869
0.019008
0.010398
0.000478
0.000000
0.000000
0.000000
0.002633
0.010484
0.013910
0.017236
0.017406
0.001094
0.000000
0.000000
0.000000
0.003239
0.008729
0.012492
0.016758
0.014577
0.000980
0.000000
0.000000
0.000000
0.004880
0.012315
0.022869
0.019008
0.010398
0.000478
0.000000
0.000000
0.000000
0.005882
0.011948
0.014217
0.014480
0.011968
0.001002
0.000000
0.000000
0.000000
0.003239
0.008729
0.012492
0.016758
0.014577
0.000980
0.000000
0.000000
0.000000
0.001608
0.012952
0.011883
0.019160
0.010927
0.001716
0.000000
0.000000
0.000000
0.005882
0.011948
0.014217
0.014480
0.011968
0.001002
0.000000
0.000000
0.000000
0.004029
0.012590
0.018163
0.011526
0.004217
0.000590
0.000000
0.000000
0.000000
0.001608
0.012952
0.011883
0.019160
0.010927
0.001716
0.000000
0.000000
0.000000
0.005185
0.009515
0.013302
0.015354
0.012422
0.001560
0.000000
0.000000
0.000000
0.004029
0.012590
0.018163
0.011526
0.004217
0.000590
0.000000
0.000000
0.000000
0.004621
0.007697
0.011557
0.007907
0.005029
0.000186
0.000000
0.000000
0.000000
0.005185
0.009515
0.013302
0.015354
0.012422
0.001560
0.000000
0.000000
0.000000
0.003121
0.012955
0.010492
0.017018
0.020166
0.003856
0.000000
0.000000
0.000000
0.004621
0.007697
0.011557
0.007907
0.005029
0.000186
0.000000
0.000000
0.000000
0.003635
0.009661
0.012415
0.014592
0.010380
0.000758
0.000000
0.000000
0.000000
0.003121
0.012955
0.010492
0.017018
0.020166
0.003856
0.000000
0.000000
0.000000
0.005756
0.008534
0.026374
0.023563
0.030266
0.002166
0.000000
0.000000
0.000000
0.003635
0.009661
0.012415
0.014592
0.010380
0.000758
0.000000
0.000000
0.000000
0.006087
0.018802
0.016746
0.024717
0.013750
0.001712
0.000000
0.000000
0.000000
0.005756
0.008534
0.026374
0.023563
0.030266
0.002166
0.000000
0.000000
0.000000
0.009515
0.014528
0.015063
0.016479
0.027154
0.002741
0.000000
0.000000
0.000000
0.006087
0.018802
0.016746
0.024717
0.013750
0.001712
0.000000
0.000000
0.000000
0.001787
0.007601
0.031050
0.018316
0.017938
0.002529
0.000000
0.000000
0.000000
0.009515
0.014528
0.015063
0.016479
0.027154
0.002741
0.000000
0.000000
0.000000
0.006029
0.010103
0.009068
0.025700
0.023210
0.003477
0.000000
0.000000
0.000000
0.001787
0.007601
0.031050
0.018316
0.017938
0.002529
0.000000
0.000000
0.000000
0.001508
0.009894
0.014233
0.025450
0.016673
0.002536
0.000000
0.000000
0.000000
0.006029
0.010103
0.009068
0.025700
0.023210
0.003477
0.000000
0.000000
0.000000
0.004906
0.016069
0.018913
0.016303
0.018137
0.002497
0.000000
0.000000
0.000000
0.001508
0.009894
0.014233
0.025450
0.016673
0.002536
0.000000
0.000000
0.000000
0.003722
0.009203
0.011127
0.011442
0.007723
0.002236
0.000000
0.000000
0.000000
0.004906
0.016069
0.018913
0.016303
0.018137
0.002497
0.000000
0.000000
0.000000
0.002124
0.010095
0.013853
0.021305
0.013199
0.001553
0.000000
0.000000
0.000000
0.005010
0.019325
0.016956
0.008306
0.006015
0.000783
0.000000
0.000000
0.000000
0.006858
0.011792
0.010709
0.010118
0.011091
0.001816
0.000000
0.000000
0.000000
0.004037
0.013310
0.014854
0.013026
0.007806
0.001729
0.000000
0.000000
0.000000
0.001880
0.005958
0.011428
0.019010
0.012141
0.001187
0.000000
0.000000
0.000000
0.006858
0.011792
0.010709
0.010118
0.011091
0.001816
0.000000
0.000000
0.000000
0.002633
0.010484
0.013910
0.017236
0.017406
0.001094
0.000000
0.000000
0.000000
0.001880
0.005958
0.011428
0.019010
0.012141
0.001187
0.000000
0.000000
0.000000
0.001573
0.005392
0.012244
0.015057
0.022446
0.002550
0.000000
0.000000
0.000000
0.002633
0.010484
0.013910
0.017236
0.017406
0.001094
0.000000
0.000000
0.000000
0.003239
0.008729
0.012492
0.016758
0.014577
0.000980
0.000000
0.000000
0.000000
0.001573
0.005392
0.012244
0.015057
0.022446
0.002550
0.000000
0.000000
0.000000
0.002810
0.012522
0.011995
0.015442
0.016903
0.001731
0.000000
0.000000
0.000000
0.003239
0.008729
0.012492
0.016758
0.014577
0.000980
0.000000
0.000000
0.000000
0.001608
0.012952
0.011883
0.019160
0.010927
0.001716
0.000000
0.000000
0.000000
0.002810
0.012522
0.011995
0.015442
0.016903
0.001731
0.000000
0.000000
0.000000
0.004957
0.010784
0.014229
0.012627
0.011350
0.001612
0.000000
0.000000
0.000000
0.001608
0.012952
0.011883
0.019160
0.010927
0.001716
0.000000
0.000000
0.000000
0.005185
0.009515
0.013302
0.015354
0.012422
0.001560
0.000000
0.000000
0.000000
0.004957
0.010784
0.014229
0.012627
0.011350
0.001612
0.000000
0.000000
0.000000
0.006453
0.014716
0.020653
0.022722
0.007179
0.000311
0.000000
0.000000
0.000000
0.005185
0.009515
0.013302
0.015354
0.012422
0.001560
0.000000
0.000000
0.000000
0.003121
0.012955
0.010492
0.017018
0.020166
0.003856
0.000000
0.000000
0.000000
0.006453
0.014716
0.020653
0.022722
0.007179
0.000311
0.000000
0.000000
0.000000
0.008472
0.016161
0.012914
0.015194
0.005851
0.000579
0.000000
0.000000
0.000000
0.003121
0.012955
0.010492
0.017018
0.020166
0.003856
0.000000
0.000000
0.000000
0.005756
0.008534
0.026374
0.023563
0.030266
0.002166
0.000000
0.000000
0.000000
0.008472
0.016161
0.012914
0.015194
0.005851
0.000579
0.000000
0.000000
0.000000
0.005076
0.008494
0.009490
0.015804
0.017346
0.003468
0.000000
0.000000
0.000000
0.005756
0.008534
0.026374
0.023563
0.030266
0.002166
0.000000
0.000000
0.000000
0.009515
0.014528
0.015063
0.016479
0.027154
0.002741
0.000000
0.000000
0.000000
0.005076
0.008494
0.009490
0.015804
0.017346
0.003468
0.000000
0.000000
0.000000
0.004469
0.018966
0.022337
0.017694
0.014968
0.002293
0.000000
0.000000
0.000000
0.009515
0.014528
0.015063
0.016479
0.027154
0.002741
0.000000
0.000000
0.000000
0.006029
0.010103
0.009068
0.025700
0.023210
0.003477
0.000000
0.000000
0.000000
0.004469
0.018966
0.022337
0.017694
0.014968
0.002293
0.000000
0.000000
0.000000
0.004247
0.011028
0.019756
0.027898
0.020455
0.001516
0.000000
0.000000
0.000000
0.006029
0.010103
0.009068
0.025700
0.023210
0.003477
0.000000
0.000000
0.000000
0.004906
0.016069
0.018913
0.016303
0.018137
0.002497
0.000000
0.000000
0.000000
0.004247
0.011028
0.019756
0.027898
0.020455
0.001516
0.000000
0.000000
0.000000
0.011066
0.017014
0.014333
0.009235
0.014818
0.002249
0.000000
0.000000
0.000000
0.004906
0.016069
0.018913
0.016303
0.018137
0.002497
0.000000
0.000000
0.000000
0.002124
0.010095
0.013853
0.021305
0.013199
0.001553
0.000000
0.000000
0.000000
0.011066
0.017014
0.014333
0.009235
0.014818
0.002249
0.000000
0.000000
0.000000
0.004571
0.012369
0.011258
0.026325
0.018586
0.004587
0.000000
0.000000
0.000000
0.004037
0.013310
0.014854
0.013026
0.007806
0.001729
0.000000
0.000000
0.000000
0.001880
0.005958
0.011428
0.019010
0.012141
0.001187
0.000000
0.000000
0.000000
0.003554
0.009124
0.014247
0.007761
0.007295
0.001331
0.000000
0.000000
0.000000
0.006135
0.010958
0.011986
0.010379
0.009489
0.002621
0.000000
0.000000
0.000000
0.001880
0.005958
0.011428
0.019010
0.012141
0.001187
0.000000
0.000000
0.000000
0.001573
0.005392
0.012244
0.015057
0.022446
0.002550
0.000000
0.000000
0.000000
0.006135
0.010958
0.011986
0.010379
0.009489
0.002621
0.000000
0.000000
0.000000
0.007115
0.007945
0.011760
0.011189
0.007868
0.000338
0.000000
0.000000
0.000000
0.001573
0.005392
0.012244
0.015057
0.022446
0.002550
0.000000
0.000000
0.000000
0.002810
0.012522
0.011995
0.015442
0.016903
0.001731
0.000000
0.000000
0.000000
0.007115
0.007945
0.011760
0.011189
0.007868
0.000338
0.000000
0.000000
0.000000
0.003193
0.008999
0.014230
0.010710
0.013103
0.001677
0.000000
0.000000
0.000000
0.002810
0.012522
0.011995
0.015442
0.016903
0.001731
0.000000
0.000000
0.000000
0.004957
0.010784
0.014229
0.012627
0.011350
0.001612
0.000000
0.000000
0.000000
0.003193
0.008999
0.014230
0.010710
0.013103
0.001677
0.000000
0.000000
0.000000
0.006256
0.017314
0.024652
0.020781
0.005826
0.001343
0.000000
0.000000
0.000000
0.004957
0.010784
0.014229
0.012627
0.011350
0.001612
0.000000
0.000000
0.000000
0.006453
0.014716
0.020653
0.022722
0.007179
0.000311
0.000000
0.000000
0.000000
0.006256
0.017314
0.024652
0.020781
0.005826
0.001343
0.000000
0.000000
0.000000
0.008712
0.018775
0.017931
0.011531
0.008605
0.000674
0.000000
0.000000
0.000000
0.006453
0.014716
0.020653
0.022722
0.007179
0.000311
0.000000
0.000000
0.000000
0.008472
0.016161
0.012914
0.015194
0.005851
0.000579
0.000000
0.000000
0.000000
0.008712
0.018775
0.017931
0.011531
0.008605
0.000674
0.000000
0.000000
0.000000
0.004773
0.021029
0.008971
0.013766
0.010474
0.001754
0.000000
0.000000
0.000000
0.008472
0.016161
0.012914
0.015194
0.005851
0.000579
0.000000
0.000000
0.000000
0.005076
0.008494
0.009490
0.015804
0.017346
0.003468
0.000000
0.000000
0.000000
0.004773
0.021029
0.008971
0.013766
0.010474
0.001754
0.000000
0.000000
0.000000
0.003476
0.012677
0.011417
0.010161
0.011217
0.001187
0.000000
0.000000
0.000000
0.005076
0.008494
0.009490
0.015804
0.017346
0.003468
0.000000
0.000000
0.000000
0.004469
0.018966
0.022337
0.017694
0.014968
0.002293
0.000000
0.000000
0.000000
0.003476
0.012677
0.011417
0.010161
0.011217
0.001187
0.000000
0.000000
0.000000
0.005076
0.017178
0.013500
0.009344
0.008083
0.001000
0.000000
0.000000
0.000000
0.004469
0.018966
0.022337
0.017694
0.014968
0.002293
0.000000
0.000000
0.000000
0.004247
0.011028
0.019756
0.027898
0.020455
0.001516
0.000000
0.000000
0.000000
0.005076
0.017178
0.013500
0.009344
0.008083
0.001000
0.000000
0.000000
0.000000
0.011666
0.015854
0.024393
0.025240
0.015441
0.001070
0.000000
0.000000
0.000000
0.004247
0.011028
0.019756
0.027898
0.020455
0.001516
0.000000
0.000000
0.000000
0.011066
0.017014
0.014333
0.009235
0.014818
0.002249
0.000000
0.000000
0.000000
0.011666
0.015854
0.024393
0.025240
0.015441
0.001070
0.000000
0.000000
0.000000
0.006995
0.015277
0.013805
0.012567
0.010617
0.000908
0.000000
0.000000
0.000000
0.011066
0.017014
0.014333
0.009235
0.014818
0.002249
0.000000
0.000000
0.000000
0.004571
0.012369
0.011258
0.026325
0.018586
0.004587
0.000000
0.000000
0.000000
0.006995
0.015277
0.013805
0.012567
0.010617
0.000908
0.000000
0.000000
0.000000
0.009455
0.020474
0.021878
0.019295
0.013508
0.001796
0.000000
0.000000
0.000000
0.003554
0.009124
0.014247
0.007761
0.007295
0.001331
0.000000
0.000000
0.000000
0.006135
0.010958
0.011986
0.010379
0.009489
0.002621
0.000000
0.000000
0.000000
0.001408
0.002708
0.007584
0.024402
0.054712
0.007242
0.000000
0.000000
0.000000
0.000654
0.003706
0.009728
0.017717
0.046830
0.015265
0.000000
0.000000
0.000000
0.006135
0.010958
0.011986
0.010379
0.009489
0.002621
0.000000
0.000000
0.000000
0.007115
0.007945
0.011760
0.011189
0.007868
0.000338
0.000000
0.000000
0.000000
0.000654
0.003706
0.009728
0.017717
0.046830
0.015265
0.000000
0.000000
0.000000
0.001618
0.005754
0.011240
0.015344
0.028279
0.003359
0.000000
0.000000
0.000000
0.007115
0.007945
0.011760
0.011189
0.007868
0.000338
0.000000
0.000000
0.000000
0.003193
0.008999
0.014230
0.010710
0.013103
0.001677
0.000000
0.000000
0.000000
0.001618
0.005754
0.011240
0.015344
0.028279
0.003359
0.000000
0.000000
0.000000
0.002878
0.005900
0.010028
0.011876
0.013605
0.001438
0.000000
0.000000
0.000000
0.003193
0.008999
0.014230
0.010710
0.013103
0.001677
0.000000
0.000000
0.000000
0.006256
0.017314
0.024652
0.020781
0.005826
0.001343
0.000000
0.000000
0.000000
0.002878
0.005900
0.010028
0.011876
0.013605
0.001438
0.000000
0.000000
0.000000
0.005082
0.007911
0.013579
0.018469
0.015081
0.000899
0.000000
0.000000
0.000000
0.006256
0.017314
0.024652
0.020781
0.005826
0.001343
0.000000
0.000000
0.000000
0.008712
0.018775
0.017931
0.011531
0.008605
0.000674
0.000000
0.000000
0.000000
0.005082
0.007911
0.013579
0.018469
0.015081
0.000899
0.000000
0.000000
0.000000
0.011226
0.017644
0.022328
0.018788
0.009315
0.001135
0.000000
0.000000
0.000000
0.008712
0.018775
0.017931
0.011531
0.008605
0.000674
0.000000
0.000000
0.000000
0.004773
0.021029
0.008971
0.013766
0.010474
0.001754
0.000000
0.000000
0.000000
0.011226
0.017644
0.022328
0.018788
0.009315
0.001135
0.000000
0.000000
0.000000
0.008896
0.020827
0.023236
0.009256
0.006900
0.000907
0.000000
0.000000
0.000000
0.004773
0.021029
0.008971
0.013766
0.010474
0.001754
0.000000
0.000000
0.000000
0.003476
0.012677
0.011417
0.010161
0.011217
0.001187
0.000000
0.000000
0.000000
0.008896
0.020827
0.023236
0.009256
0.006900
0.000907
0.000000
0.000000
0.000000
0.010985
0.018339
0.023697
0.015563
0.012244
0.001151
0.000000
0.000000
0.000000
0.003476
0.012677
0.011417
0.010161
0.011217
0.001187
0.000000
0.000000
0.000000
0.005076
0.017178
0.013500
0.009344
0.008083
0.001000
0.000000
0.000000
0.000000
0.010985
0.018339
0.023697
0.015563
0.012244
0.001151
0.000000
0.000000
0.000000
0.003963
0.013868
0.020071
0.015106
0.008243
0.001532
0.000000
0.000000
0.000000
0.005076
0.017178
0.013500
0.009344
0.008083
0.001000
0.000000
0.000000
0.000000
0.011666
0.015854
0.024393
0.025240
0.015441
0.001070
0.000000
0.000000
0.000000
0.003963
0.013868
0.020071
0.015106
0.008243
0.001532
0.000000
0.000000
0.000000
0.007352
0.011576
0.021037
0.014441
0.007439
0.000391
0.000000
0.000000
0.000000
0.011666
0.015854
0.024393
0.025240
0.015441
0.001070
0.000000
0.000000
0.000000
0.006995
0.015277
0.013805
0.012567
0.010617
0.000908
0.000000
0.000000
0.000000
0.007352
0.011576
0.021037
0.014441
0.007439
0.000391
0.000000
0.000000
0.000000
0.007854
0.020318
0.021336
0.021373
0.011503
0.000448
0.000000
0.000000
0.000000
0.006995
0.015277
0.013805
0.012567
0.010617
0.000908
0.000000
0.000000
0.000000
0.009455
0.020474
0.021878
0.019295
0.013508
0.001796
0.000000
0.000000
0.000000
0.007854
0.020318
0.021336
0.021373
0.011503
0.000448
0.000000
0.000000
0.000000
0.003672
0.007614
0.015961
0.020301
0.006045
0.000025
0.000000
0.000000
0.000000
0.001408
0.002708
0.007584
0.024402
0.054712
0.007242
0.000000
0.000000
0.000000
0.000654
0.003706
0.009728
0.017717
0.046830
0.015265
0.000000
0.000000
0.000000
0.002327
0.003128
0.054865
0.089162
0.009303
0.000000
0.000000
0.000000
0.000000
0.001467
0.002180
0.026188
0.030829
0.030868
0.001895
0.000000
0.000000
0.000000
0.000654
0.003706
0.009728
0.017717
0.046830
0.015265
0.000000
0.000000
0.000000
0.001618
0.005754
0.011240
0.015344
0.028279
0.003359
0.000000
0.000000
0.000000
0.001467
0.002180
0.026188
0.030829
0.030868
0.001895
0.000000
0.000000
0.000000
0.001840
0.001033
0.003760
0.042364
0.069146
0.004897
0.000000
0.000000
0.000000
0.001618
0.005754
0.011240
0.015344
0.028279
0.003359
0.000000
0.000000
0.000000
0.002878
0.005900
0.010028
0.011876
0.013605
0.001438
0.000000
0.000000
0.000000
0.001840
0.001033
0.003760
0.042364
0.069146
0.004897
0.000000
0.000000
0.000000
0.001754
0.005143
0.008302
0.071288
0.078487
0.003194
0.000000
0.000000
0.000000
0.002878
0.005900
0.010028
0.011876
0.013605
0.001438
0.000000
0.000000
0.000000
0.005082
0.007911
0.013579
0.018469
0.015081
0.000899
0.000000
0.000000
0.000000
0.001754
0.005143
0.008302
0.071288
0.078487
0.003194
0.000000
0.000000
0.000000
0.005015
0.005345
0.014634
0.040555
0.056354
0.003477
0.000000
0.000000
0.000000
0.005082
0.007911
0.013579
0.018469
0.015081
0.000899
0.000000
0.000000
0.000000
0.011226
0.017644
0.022328
0.018788
0.009315
0.001135
0.000000
0.000000
0.000000
0.005015
0.005345
0.014634
0.040555
0.056354
0.003477
0.000000
0.000000
0.000000
0.002038
0.005296
0.011268
0.017944
0.012520
0.001342
0.000000
0.000000
0.000000
0.011226
0.017644
0.022328
0.018788
0.009315
0.001135
0.000000
0.000000
0.000000
0.008896
0.020827
0.023236
0.009256
0.006900
0.000907
0.000000
0.000000
0.000000
0.002038
0.005296
0.011268
0.017944
0.012520
0.001342
0.000000
0.000000
0.000000
0.002993
0.004994
0.010626
0.013728
0.015897
0.000808
0.000000
0.000000
0.000000
0.008896
0.020827
0.023236
0.009256
0.006900
0.000907
0.000000
0.000000
0.000000
0.010985
0.018339
0.023697
0.015563
0.012244
0.001151
0.000000
0.000000
0.000000
0.002993
0.004994
0.010626
0.013728
0.015897
0.000808
0.000000
0.000000
0.000000
0.003640
0.014556
0.010429
0.011486
0.006784
0.000953
0.000000
0.000000
0.000000
0.010985
0.018339
0.023697
0.015563
0.012244
0.001151
0.000000
0.000000
0.000000
0.003963
0.013868
0.020071
0.015106
0.008243
0.001532
0.000000
0.000000
0.000000
0.003640
0.014556
0.010429
0.011486
0.006784
0.000953
0.000000
0.000000
0.000000
0.002364
0.003831
0.006860
0.014701
0.010070
0.001295
0.000000
0.000000
0.000000
0.003963
0.013868
0.020071
0.015106
0.008243
0.001532
0.000000
0.000000
0.000000
0.007352
0.011576
0.021037
0.014441
0.007439
0.000391
0.000000
0.000000
0.000000
0.002364
0.003831
0.006860
0.014701
0.010070
0.001295
0.000000
0.000000
0.000000
0.008044
0.015786
0.025837
0.023509
0.011344
0.001596
0.000000
0.000000
0.000000
0.007352
0.011576
0.021037
0.014441
0.007439
0.000391
0.000000
0.000000
0.000000
0.007854
0.020318
0.021336
0.021373
0.011503
0.000448
0.000000
0.000000
0.000000
0.008044
0.015786
0.025837
0.023509
0.011344
0.001596
0.000000
0.000000
0.000000
0.004573
0.015704
0.022213
0.016436
0.016169
0.001876
0.000000
0.000000
0.000000
0.007854
0.020318
0.021336
0.021373
0.011503
0.000448
0.000000
0.000000
0.000000
0.003672
0.007614
0.015961
0.020301
0.006045
0.000025
0.000000
0.000000
0.000000
0.004573
0.015704
0.022213
0.016436
0.016169
0.001876
0.000000
0.000000
0.000000
0.007825
0.018668
0.023582
0.014791
0.012923
0.001087
0.000000
0.000000
0.000000
0.002327
0.003128
0.054865
0.089162
0.009303
0.000000
0.000000
0.000000
0.000000
0.001467
0.002180
0.026188
0.030829
0.030868
0.001895
0.000000
0.000000
0.000000
0.002873
0.013833
0.054186
0.023633
0.006622
0.001336
0.000000
0.000000
0.000000
0.006144
0.042407
0.113203
0.034339
0.003464
0.000000
0.000000
0.000000
0.000000
0.001467
0.002180
0.026188
0.030829
0.030868
0.001895
0.000000
0.000000
0.000000
0.001840
0.001033
0.003760
0.042364
0.069146
0.004897
0.000000
0.000000
0.000000
0.006144
0.042407
0.113203
0.034339
0.003464
0.000000
0.000000
0.000000
0.000000
0.004284
0.008724
0.015855
0.019152
0.010853
0.000411
0.000000
0.000000
0.000000
0.001840
0.001033
0.003760
0.042364
0.069146
0.004897
0.000000
0.000000
0.000000
0.001754
0.005143
0.008302
0.071288
0.078487
0.003194
0.000000
0.000000
0.000000
0.004284
0.008724
0.015855
0.019152
0.010853
0.000411
0.000000
0.000000
0.000000
0.001240
0.005008
0.014395
0.016077
0.008280
0.001143
0.000000
0.000000
0.000000
0.001754
0.005143
0.008302
0.071288
0.078487
0.003194
0.000000
0.000000
0.000000
0.005015
0.005345
0.014634
0.040555
0.056354
0.003477
0.000000
0.000000
0.000000
0.001240
0.005008
0.014395
0.016077
0.008280
0.001143
0.000000
0.000000
0.000000
0.001791
0.004065
0.019308
0.036555
0.038475
0.005009
0.000000
0.000000
0.000000
0.005015
0.005345
0.014634
0.040555
0.056354
0.003477
0.000000
0.000000
0.000000
0.002038
0.005296
0.011268
0.017944
0.012520
0.001342
0.000000
0.000000
0.000000
0.001791
0.004065
0.019308
0.036555
0.038475
0.005009
0.000000
0.000000
0.000000
0.006893
0.014270
0.035253
0.073392
0.044302
0.003130
0.000000
0.000000
0.000000
0.002038
0.005296
0.011268
0.017944
0.012520
0.001342
0.000000
0.000000
0.000000
0.002993
0.004994
0.010626
0.013728
0.015897
0.000808
0.000000
0.000000
0.000000
0.006893
0.014270
0.035253
0.073392
0.044302
0.003130
0.000000
0.000000
0.000000
0.005231
0.010255
0.022633
0.048218
0.028452
0.000705
0.000000
0.000000
0.000000
0.002993
0.004994
0.010626
0.013728
0.015897
0.000808
0.000000
0.000000
0.000000
0.003640
0.014556
0.010429
0.011486
0.006784
0.000953
0.000000
0.000000
0.000000
0.005231
0.010255
0.022633
0.048218
0.028452
0.000705
0.000000
0.000000
0.000000
0.002552
0.008580
0.010465
0.015029
0.010365
0.000731
0.000000
0.000000
0.000000
0.003640
0.014556
0.010429
0.011486
0.006784
0.000953
0.000000
0.000000
0.000000
0.002364
0.003831
0.006860
0.014701
0.010070
0.001295
0.000000
0.000000
0.000000
0.002552
0.008580
0.010465
0.015029
0.010365
0.000731
0.000000
0.000000
0.000000
0.005863
0.010686
0.011162
0.014935
0.009445
0.001002
0.000000
0.000000
0.000000
0.002364
0.003831
0.006860
0.014701
0.010070
0.001295
0.000000
0.000000
0.000000
0.008044
0.015786
0.025837
0.023509
0.011344
0.001596
0.000000
0.000000
0.000000
0.005863
0.010686
0.011162
0.014935
0.009445
0.001002
0.000000
0.000000
0.000000
0.003751
0.009679
0.007212
0.022411
0.015827
0.001452
0.000000
0.000000
0.000000
0.008044
0.015786
0.025837
0.023509
0.011344
0.001596
0.000000
0.000000
0.000000
0.004573
0.015704
0.022213
0.016436
0.016169
0.001876
0.000000
0.000000
0.000000
0.003751
0.009679
0.007212
0.022411
0.015827
0.001452
0.000000
0.000000
0.000000
0.006375
0.013395
0.010826
0.017761
0.008450
0.000512
0.000000
0.000000
0.000000
0.004573
0.015704
0.022213
0.016436
0.016169
0.001876
0.000000
0.000000
0.000000
0.007825
0.018668
0.023582
0.014791
0.012923
0.001087
0.000000
0.000000
0.000000
0.006375
0.013395
0.010826
0.017761
0.008450
0.000512
0.000000
0.000000
0.000000
0.007301
0.010928
0.025978
0.016388
0.005233
0.000256
0.000000
0.000000
0.000000
0.002873
0.013833
0.054186
0.023633
0.006622
0.001336
0.000000
0.000000
0.000000
0.006144
0.042407
0.113203
0.034339
0.003464
0.000000
0.000000
0.000000
0.000000
0.002513
0.007106
0.017407
0.021978
0.010104
0.002094
0.000000
0.000000
0.000000
0.015556
0.036370
0.032912
0.013363
0.007251
0.000842
0.000000
0.000000
0.000000
0.006144
0.042407
0.113203
0.034339
0.003464
0.000000
0.000000
0.000000
0.000000
0.004284
0.008724
0.015855
0.019152
0.010853
0.000411
0.000000
0.000000
0.000000
0.015556
0.036370
0.032912
0.013363
0.007251
0.000842
0.000000
0.000000
0.000000
0.032646
0.069377
0.025184
0.012828
0.004768
0.000357
0.000000
0.000000
0.000000
0.004284
0.008724
0.015855
0.019152
0.010853
0.000411
0.000000
0.000000
0.000000
0.001240
0.005008
0.014395
0.016077
0.008280
0.001143
0.000000
0.000000
0.000000
0.032646
0.069377
0.025184
0.012828
0.004768
0.000357
0.000000
0.000000
0.000000
0.001814
0.003192
0.010684
0.023042
0.023884
0.001980
0.000000
0.000000
0.000000
0.001240
0.005008
0.014395
0.016077
0.008280
0.001143
0.000000
0.000000
0.000000
0.001791
0.004065
0.019308
0.036555
0.038475
0.005009
0.000000
0.000000
0.000000
0.001814
0.003192
0.010684
0.023042
0.023884
0.001980
0.000000
0.000000
0.000000
0.001276
0.010606
0.009787
0.014362
0.016724
0.002479
0.000000
0.000000
0.000000
0.001791
0.004065
0.019308
0.036555
0.038475
0.005009
0.000000
0.000000
0.000000
0.006893
0.014270
0.035253
0.073392
0.044302
0.003130
0.000000
0.000000
0.000000
0.001276
0.010606
0.009787
0.014362
0.016724
0.002479
0.000000
0.000000
0.000000
0.003234
0.006277
0.008850
0.021234
0.015811
0.000534
0.000000
0.000000
0.000000
0.006893
0.014270
0.035253
0.073392
0.044302
0.003130
0.000000
0.000000
0.000000
0.005231
0.010255
0.022633
0.048218
0.028452
0.000705
0.000000
0.000000
0.000000
0.003234
0.006277
0.008850
0.021234
0.015811
0.000534
0.000000
0.000000
0.000000
0.006253
0.012127
0.034405
0.038242
0.021382
0.001541
0.000000
0.000000
0.000000
0.005231
0.010255
0.022633
0.048218
0.028452
0.000705
0.000000
0.000000
0.000000
0.002552
0.008580
0.010465
0.015029
0.010365
0.000731
0.000000
0.000000
0.000000
0.006253
0.012127
0.034405
0.038242
0.021382
0.001541
0.000000
0.000000
0.000000
0.003229
0.010613
0.029987
0.078588
0.024538
0.001036
0.000000
0.000000
0.000000
0.002552
0.008580
0.010465
0.015029
0.010365
0.000731
0.000000
0.000000
0.000000
0.005863
0.010686
0.011162
0.014935
0.009445
0.001002
0.000000
0.000000
0.000000
0.003229
0.010613
0.029987
0.078588
0.024538
0.001036
0.000000
0.000000
0.000000
0.004054
0.007289
0.024349
0.033216
0.014856
0.001954
0.000000
0.000000
0.000000
0.005863
0.010686
0.011162
0.014935
0.009445
0.001002
0.000000
0.000000
0.000000
0.003751
0.009679
0.007212
0.022411
0.015827
0.001452
0.000000
0.000000
0.000000
0.004054
0.007289
0.024349
0.033216
0.014856
0.001954
0.000000
0.000000
0.000000
0.004715
0.006650
0.010645
0.013553
0.007929
0.000346
0.000000
0.000000
0.000000
0.003751
0.009679
0.007212
0.022411
0.015827
0.001452
0.000000
0.000000
0.000000
0.006375
0.013395
0.010826
0.017761
0.008450
0.000512
0.000000
0.000000
0.000000
0.004715
0.006650
0.010645
0.013553
0.007929
0.000346
0.000000
0.000000
0.000000
0.001522
0.011058
0.016163
0.011593
0.010125
0.000925
0.000000
0.000000
0.000000
0.006375
0.013395
0.010826
0.017761
0.008450
0.000512
0.000000
0.000000
0.000000
0.007301
0.010928
0.025978
0.016388
0.005233
0.000256
0.000000
0.000000
0.000000
0.001522
0.011058
0.016163
0.011593
0.010125
0.000925
0.000000
0.000000
0.000000
0.002695
0.007275
0.014675
0.018887
0.018060
0.002531
0.000000
0.000000
0.000000
