0.000687
0.001614
0.001971
0.002456
0.001301
0.000152
0.000000
0.000000
0.000000
0.001642
0.001530
0.003009
0.002223
0.002915
0.000523
0.000000
0.000000
0.000000
0.000463
0.002048
0.003209
0.003482
0.001792
0.000081
0.000000
0.000000
0.000000
0.000815
0.001897
0.002530
0.002488
0.003119
0.000455
0.000000
0.000000
0.000000
0.001642
0.001530
0.003009
0.002223
0.002915
0.000523
0.000000
0.000000
0.000000
0.004372
0.006163
0.002573
0.001094
0.001207
0.000186
0.000000
0.000000
0.000000
0.000815
0.001897
0.002530
0.002488
0.003119
0.000455
0.000000
0.000000
0.000000
0.002705
0.005726
0.003585
0.003086
0.001401
0.000070
0.000000
0.000000
0.000000
0.004372
0.006163
0.002573
0.001094
0.001207
0.000186
0.000000
0.000000
0.000000
0.000894
0.001312
0.001910
0.004278
0.002383
0.000239
0.000000
0.000000
0.000000
0.002705
0.005726
0.003585
0.003086
0.001401
0.000070
0.000000
0.000000
0.000000
0.001236
0.002786
0.003553
0.004159
0.002412
0.000185
0.000000
0.000000
0.000000
0.000894
0.001312
0.001910
0.004278
0.002383
0.000239
0.000000
0.000000
0.000000
0.001015
0.002046
0.002544
0.002632
0.001917
0.000229
0.000000
0.000000
0.000000
0.001236
0.002786
0.003553
0.004159
0.002412
0.000185
0.000000
0.000000
0.000000
0.001067
0.001595
0.002454
0.002294
0.001906
0.000207
0.000000
0.000000
0.000000
0.001015
0.002046
0.002544
0.002632
0.001917
0.000229
0.000000
0.000000
0.000000
0.001813
0.002429
0.001546
0.001667
0.001577
0.000088
0.000000
0.000000
0.000000
0.001067
0.001595
0.002454
0.002294
0.001906
0.000207
0.000000
0.000000
0.000000
0.001405
0.003533
0.002828
0.002075
0.002358
0.000177
0.000000
0.000000
0.000000
0.001813
0.002429
0.001546
0.001667
0.001577
0.000088
0.000000
0.000000
0.000000
0.020628
0.011129
0.012350
0.015514
0.000386
0.000000
0.000000
0.000000
0.000000
0.001405
0.003533
0.002828
0.002075
0.002358
0.000177
0.000000
0.000000
0.000000
0.011624
0.015166
0.008701
0.009084
0.009969
0.000980
0.000000
0.000000
0.000000
0.020628
0.011129
0.012350
0.015514
0.000386
0.000000
0.000000
0.000000
0.000000
0.001600
0.005130
0.007877
0.012956
0.010030
0.002030
0.000000
0.000000
0.000000
0.011624
0.015166
0.008701
0.009084
0.009969
0.000980
0.000000
0.000000
0.000000
0.002275
0.003638
0.004685
0.012831
0.016927
0.001813
0.000000
0.000000
0.000000
0.001600
0.005130
0.007877
0.012956
0.010030
0.002030
0.000000
0.000000
0.000000
0.001763
0.003229
0.004698
0.007780
0.013574
0.001316
0.000000
0.000000
0.000000
0.002275
0.003638
0.004685
0.012831
0.016927
0.001813
0.000000
0.000000
0.000000
0.001346
0.003465
0.005246
0.016443
0.025389
0.004401
0.000000
0.000000
0.000000
0.001763
0.003229
0.004698
0.007780
0.013574
0.001316
0.000000
0.000000
0.000000
0.000748
0.001417
0.004701
0.009764
0.013135
0.001771
0.000000
0.000000
0.000000
0.001346
0.003465
0.005246
0.016443
0.025389
0.004401
0.000000
0.000000
0.000000
0.001808
0.002998
0.006875
0.012212
0.027574
0.005878
0.000000
0.000000
0.000000
0.000748
0.001417
0.004701
0.009764
0.013135
0.001771
0.000000
0.000000
0.000000
0.001804
0.002710
0.005279
0.012896
0.015344
0.001493
0.000000
0.000000
0.000000
0.001808
0.002998
0.006875
0.012212
0.027574
0.005878
0.000000
0.000000
0.000000
0.001080
0.001285
0.004552
0.018037
0.038496
0.007058
0.000000
0.000000
0.000000
0.001804
0.002710
0.005279
0.012896
0.015344
0.001493
0.000000
0.000000
0.000000
0.000427
0.002519
0.007664
0.012516
0.013997
0.002020
0.000000
0.000000
0.000000
0.001080
0.001285
0.004552
0.018037
0.038496
0.007058
0.000000
0.000000
0.000000
0.000417
0.002618
0.006324
0.019239
0.025173
0.006428
0.000000
0.000000
0.000000
0.000463
0.002048
0.003209
0.003482
0.001792
0.000081
0.000000
0.000000
0.000000
0.000815
0.001897
0.002530
0.002488
0.003119
0.000455
0.000000
0.000000
0.000000
0.000788
0.001702
0.001408
0.003119
0.003384
0.000213
0.000000
0.000000
0.000000
0.001242
0.001391
0.002711
0.003248
0.002490
0.000222
0.000000
0.000000
0.000000
0.000815
0.001897
0.002530
0.002488
0.003119
0.000455
0.000000
0.000000
0.000000
0.002705
0.005726
0.003585
0.003086
0.001401
0.000070
0.000000
0.000000
0.000000
0.001242
0.001391
0.002711
0.003248
0.002490
0.000222
0.000000
0.000000
0.000000
0.003843
0.007032
0.004520
0.004592
0.001599
0.000045
0.000000
0.000000
0.000000
0.002705
0.005726
0.003585
0.003086
0.001401
0.000070
0.000000
0.000000
0.000000
0.001236
0.002786
0.003553
0.004159
0.002412
0.000185
0.000000
0.000000
0.000000
0.003843
0.007032
0.004520
0.004592
0.001599
0.000045
0.000000
0.000000
0.000000
0.001763
0.002605
0.001709
0.001534
0.002184
0.000187
0.000000
0.000000
0.000000
0.001236
0.002786
0.003553
0.004159
0.002412
0.000185
0.000000
0.000000
0.000000
0.001067
0.001595
0.002454
0.002294
0.001906
0.000207
0.000000
0.000000
0.000000
0.001763
0.002605
0.001709
0.001534
0.002184
0.000187
0.000000
0.000000
0.000000
0.001204
0.001682
0.001305
0.003434
0.003913
0.000014
0.000000
0.000000
0.000000
0.001067
0.001595
0.002454
0.002294
0.001906
0.000207
0.000000
0.000000
0.000000
0.001405
0.003533
0.002828
0.002075
0.002358
0.000177
0.000000
0.000000
0.000000
0.001204
0.001682
0.001305
0.003434
0.003913
0.000014
0.000000
0.000000
0.000000
0.001752
0.002806
0.002349
0.003081
0.003295
0.000128
0.000000
0.000000
0.000000
0.001405
0.003533
0.002828
0.002075
0.002358
0.000177
0.000000
0.000000
0.000000
0.011624
0.015166
0.008701
0.009084
0.009969
0.000980
0.000000
0.000000
0.000000
0.001752
0.002806
0.002349
0.003081
0.003295
0.000128
0.000000
0.000000
0.000000
0.002721
0.006158
0.005139
0.008550
0.012506
0.000887
0.000000
0.000000
0.000000
0.011624
0.015166
0.008701
0.009084
0.009969
0.000980
0.000000
0.000000
0.000000
0.002275
0.003638
0.004685
0.012831
0.016927
0.001813
0.000000
0.000000
0.000000
0.002721
0.006158
0.005139
0.008550
0.012506
0.000887
0.000000
0.000000
0.000000
0.002798
0.007944
0.005490
0.012752
0.011144
0.000376
0.000000
0.000000
0.000000
0.002275
0.003638
0.004685
0.012831
0.016927
0.001813
0.000000
0.000000
0.000000
0.001346
0.003465
0.005246
0.016443
0.025389
0.004401
0.000000
0.000000
0.000000
0.002798
0.007944
0.005490
0.012752
0.011144
0.000376
0.000000
0.000000
0.000000
0.002377
0.003706
0.005051
0.011063
0.026151
0.006103
0.000000
0.000000
0.000000
0.001346
0.003465
0.005246
0.016443
0.025389
0.004401
0.000000
0.000000
0.000000
0.001808
0.002998
0.006875
0.012212
0.027574
0.005878
0.000000
0.000000
0.000000
0.002377
0.003706
0.005051
0.011063
0.026151
0.006103
0.000000
0.000000
0.000000
0.000558
0.001373
0.006486
0.010028
0.034503
0.009819
0.000000
0.000000
0.000000
0.001808
0.002998
0.006875
0.012212
0.027574
0.005878
0.000000
0.000000
0.000000
0.001080
0.001285
0.004552
0.018037
0.038496
0.007058
0.000000
0.000000
0.000000
0.000558
0.001373
0.006486
0.010028
0.034503
0.009819
0.000000
0.000000
0.000000
0.000933
0.003688
0.006109
0.017353
0.025014
0.002120
0.000000
0.000000
0.000000
0.001080
0.001285
0.004552
0.018037
0.038496
0.007058
0.000000
0.000000
0.000000
0.000417
0.002618
0.006324
0.019239
0.025173
0.006428
0.000000
0.000000
0.000000
0.000933
0.003688
0.006109
0.017353
0.025014
0.002120
0.000000
0.000000
0.000000
0.001362
0.002236
0.004639
0.011060
0.023583
0.003639
0.000000
0.000000
0.000000
0.000788
0.001702
0.001408
0.003119
0.003384
0.000213
0.000000
0.000000
0.000000
0.001242
0.001391
0.002711
0.003248
0.002490
0.000222
0.000000
0.000000
0.000000
0.000541
0.001713
0.004465
0.002212
0.001672
0.000107
0.000000
0.000000
0.000000
0.000850
0.002291
0.004644
0.003892
0.001762
0.000241
0.000000
0.000000
0.000000
0.001242
0.001391
0.002711
0.003248
0.002490
0.000222
0.000000
0.000000
0.000000
0.003843
0.007032
0.004520
0.004592
0.001599
0.000045
0.000000
0.000000
0.000000
0.000850
0.002291
0.004644
0.003892
0.001762
0.000241
0.000000
0.000000
0.000000
0.003645
0.005458
0.002968
0.002055
0.001152
0.000279
0.000000
0.000000
0.000000
0.003843
0.007032
0.004520
0.004592
0.001599
0.000045
0.000000
0.000000
0.000000
0.001763
0.002605
0.001709
0.001534
0.002184
0.000187
0.000000
0.000000
0.000000
0.003645
0.005458
0.002968
0.002055
0.001152
0.000279
0.000000
0.000000
0.000000
0.000852
0.001615
0.003006
0.002755
0.002525
0.000359
0.000000
0.000000
0.000000
0.001763
0.002605
0.001709
0.001534
0.002184
0.000187
0.000000
0.000000
0.000000
0.001204
0.001682
0.001305
0.003434
0.003913
0.000014
0.000000
0.000000
0.000000
0.000852
0.001615
0.003006
0.002755
0.002525
0.000359
0.000000
0.000000
0.000000
0.000451
0.000859
0.001792
0.004387
0.002169
0.000094
0.000000
0.000000
0.000000
0.001204
0.001682
0.001305
0.003434
0.003913
0.000014
0.000000
0.000000
0.000000
0.001752
0.002806
0.002349
0.003081
0.003295
0.000128
0.000000
0.000000
0.000000
0.000451
0.000859
0.001792
0.004387
0.002169
0.000094
0.000000
0.000000
0.000000
0.001844
0.004083
0.007739
0.005760
0.002568
0.000173
0.000000
0.000000
0.000000
0.001752
0.002806
0.002349
0.003081
0.003295
0.000128
0.000000
0.000000
0.000000
0.002721
0.006158
0.005139
0.008550
0.012506
0.000887
0.000000
0.000000
0.000000
0.001844
0.004083
0.007739
0.005760
0.002568
0.000173
0.000000
0.000000
0.000000
0.001791
0.003606
0.005039
0.017853
0.020623
0.002263
0.000000
0.000000
0.000000
0.002721
0.006158
0.005139
0.008550
0.012506
0.000887
0.000000
0.000000
0.000000
0.002798
0.007944
0.005490
0.012752
0.011144
0.000376
0.000000
0.000000
0.000000
0.001791
0.003606
0.005039
0.017853
0.020623
0.002263
0.000000
0.000000
0.000000
0.001719
0.006028
0.005150
0.008420
0.032624
0.005282
0.000000
0.000000
0.000000
0.002798
0.007944
0.005490
0.012752
0.011144
0.000376
0.000000
0.000000
0.000000
0.002377
0.003706
0.005051
0.011063
0.026151
0.006103
0.000000
0.000000
0.000000
0.001719
0.006028
0.005150
0.008420
0.032624
0.005282
0.000000
0.000000
0.000000
0.001074
0.003910
0.006630
0.007625
0.031802
0.007186
0.000000
0.000000
0.000000
0.002377
0.003706
0.005051
0.011063
0.026151
0.006103
0.000000
0.000000
0.000000
0.000558
0.001373
0.006486
0.010028
0.034503
0.009819
0.000000
0.000000
0.000000
0.001074
0.003910
0.006630
0.007625
0.031802
0.007186
0.000000
0.000000
0.000000
0.001168
0.004844
0.007675
0.011403
0.027791
0.005689
0.000000
0.000000
0.000000
0.000558
0.001373
0.006486
0.010028
0.034503
0.009819
0.000000
0.000000
0.000000
0.000933
0.003688
0.006109
0.017353
0.025014
0.002120
0.000000
0.000000
0.000000
0.001168
0.004844
0.007675
0.011403
0.027791
0.005689
0.000000
0.000000
0.000000
0.002738
0.006250
0.005118
0.014939
0.025801
0.005659
0.000000
0.000000
0.000000
0.000933
0.003688
0.006109
0.017353
0.025014
0.002120
0.000000
0.000000
0.000000
0.001362
0.002236
0.004639
0.011060
0.023583
0.003639
0.000000
0.000000
0.000000
0.002738
0.006250
0.005118
0.014939
0.025801
0.005659
0.000000
0.000000
0.000000
0.001121
0.004440
0.010683
0.016522
0.019868
0.002182
0.000000
0.000000
0.000000
0.000541
0.001713
0.004465
0.002212
0.001672
0.000107
0.000000
0.000000
0.000000
0.000850
0.002291
0.004644
0.003892
0.001762
0.000241
0.000000
0.000000
0.000000
0.000892
0.001458
0.002181
0.003896
0.004382
0.000622
0.000000
0.000000
0.000000
0.001202
0.001594
0.002014
0.002356
0.003196
0.000367
0.000000
0.000000
0.000000
0.000850
0.002291
0.004644
0.003892
0.001762
0.000241
0.000000
0.000000
0.000000
0.003645
0.005458
0.002968
0.002055
0.001152
0.000279
0.000000
0.000000
0.000000
0.001202
0.001594
0.002014
0.002356
0.003196
0.000367
0.000000
0.000000
0.000000
0.001866
0.004452
0.002563
0.001552
0.002755
0.000204
0.000000
0.000000
0.000000
0.003645
0.005458
0.002968
0.002055
0.001152
0.000279
0.000000
0.000000
0.000000
0.000852
0.001615
0.003006
0.002755
0.002525
0.000359
0.000000
0.000000
0.000000
0.001866
0.004452
0.002563
0.001552
0.002755
0.000204
0.000000
0.000000
0.000000
0.000920
0.002523
0.003189
0.002157
0.000976
0.000121
0.000000
0.000000
0.000000
0.000852
0.001615
0.003006
0.002755
0.002525
0.000359
0.000000
0.000000
0.000000
0.000451
0.000859
0.001792
0.004387
0.002169
0.000094
0.000000
0.000000
0.000000
0.000920
0.002523
0.003189
0.002157
0.000976
0.000121
0.000000
0.000000
0.000000
0.000849
0.002018
0.002594
0.002174
0.001817
0.000205
0.000000
0.000000
0.000000
0.000451
0.000859
0.001792
0.004387
0.002169
0.000094
0.000000
0.000000
0.000000
0.001844
0.004083
0.007739
0.005760
0.002568
0.000173
0.000000
0.000000
0.000000
0.000849
0.002018
0.002594
0.002174
0.001817
0.000205
0.000000
0.000000
0.000000
0.007805
0.011326
0.003817
0.002697
0.002438
0.000005
0.000000
0.000000
0.000000
0.001844
0.004083
0.007739
0.005760
0.002568
0.000173
0.000000
0.000000
0.000000
0.001791
0.003606
0.005039
0.017853
0.020623
0.002263
0.000000
0.000000
0.000000
0.007805
0.011326
0.003817
0.002697
0.002438
0.000005
0.000000
0.000000
0.000000
0.000976
0.003042
0.005221
0.018132
0.034631
0.007719
0.000000
0.000000
0.000000
0.001791
0.003606
0.005039
0.017853
0.020623
0.002263
0.000000
0.000000
0.000000
0.001719
0.006028
0.005150
0.008420
0.032624
0.005282
0.000000
0.000000
0.000000
0.000976
0.003042
0.005221
0.018132
0.034631
0.007719
0.000000
0.000000
0.000000
0.000000
0.001026
0.006107
0.020980
0.057213
0.014131
0.000000
0.000000
0.000000
0.001719
0.006028
0.005150
0.008420
0.032624
0.005282
0.000000
0.000000
0.000000
0.001074
0.003910
0.006630
0.007625
0.031802
0.007186
0.000000
0.000000
0.000000
0.000000
0.001026
0.006107
0.020980
0.057213
0.014131
0.000000
0.000000
0.000000
0.005387
0.007885
0.012419
0.015309
0.019251
0.003417
0.000000
0.000000
0.000000
0.001074
0.003910
0.006630
0.007625
0.031802
0.007186
0.000000
0.000000
0.000000
0.001168
0.004844
0.007675
0.011403
0.027791
0.005689
0.000000
0.000000
0.000000
0.005387
0.007885
0.012419
0.015309
0.019251
0.003417
0.000000
0.000000
0.000000
0.002469
0.004488
0.005537
0.011545
0.042096
0.007073
0.000000
0.000000
0.000000
0.001168
0.004844
0.007675
0.011403
0.027791
0.005689
0.000000
0.000000
0.000000
0.002738
0.006250
0.005118
0.014939
0.025801
0.005659
0.000000
0.000000
0.000000
0.002469
0.004488
0.005537
0.011545
0.042096
0.007073
0.000000
0.000000
0.000000
0.000828
0.005032
0.005165
0.011574
0.030054
0.005496
0.000000
0.000000
0.000000
0.002738
0.006250
0.005118
0.014939
0.025801
0.005659
0.000000
0.000000
0.000000
0.001121
0.004440
0.010683
0.016522
0.019868
0.002182
0.000000
0.000000
0.000000
0.000828
0.005032
0.005165
0.011574
0.030054
0.005496
0.000000
0.000000
0.000000
0.000609
0.004532
0.003769
0.013596
0.040325
0.008519
0.000000
0.000000
0.000000
0.000892
0.001458
0.002181
0.003896
0.004382
0.000622
0.000000
0.000000
0.000000
0.001202
0.001594
0.002014
0.002356
0.003196
0.000367
0.000000
0.000000
0.000000
0.000812
0.001051
0.001670
0.002729
0.003057
0.000222
0.000000
0.000000
0.000000
0.001115
0.002253
0.003336
0.002251
0.001707
0.000105
0.000000
0.000000
0.000000
0.001202
0.001594
0.002014
0.002356
0.003196
0.000367
0.000000
0.000000
0.000000
0.001866
0.004452
0.002563
0.001552
0.002755
0.000204
0.000000
0.000000
0.000000
0.001115
0.002253
0.003336
0.002251
0.001707
0.000105
0.000000
0.000000
0.000000
0.003354
0.005962
0.003819
0.002243
0.002467
0.000223
0.000000
0.000000
0.000000
0.001866
0.004452
0.002563
0.001552
0.002755
0.000204
0.000000
0.000000
0.000000
0.000920
0.002523
0.003189
0.002157
0.000976
0.000121
0.000000
0.000000
0.000000
0.003354
0.005962
0.003819
0.002243
0.002467
0.000223
0.000000
0.000000
0.000000
0.001022
0.001835
0.002402
0.002715
0.002174
0.000179
0.000000
0.000000
0.000000
0.000920
0.002523
0.003189
0.002157
0.000976
0.000121
0.000000
0.000000
0.000000
0.000849
0.002018
0.002594
0.002174
0.001817
0.000205
0.000000
0.000000
0.000000
0.001022
0.001835
0.002402
0.002715
0.002174
0.000179
0.000000
0.000000
0.000000
0.000632
0.000747
0.002230
0.003076
0.003321
0.000147
0.000000
0.000000
0.000000
0.000849
0.002018
0.002594
0.002174
0.001817
0.000205
0.000000
0.000000
0.000000
0.007805
0.011326
0.003817
0.002697
0.002438
0.000005
0.000000
0.000000
0.000000
0.000632
0.000747
0.002230
0.003076
0.003321
0.000147
0.000000
0.000000
0.000000
0.007057
0.019128
0.005112
0.004209
0.007530
0.001204
0.000000
0.000000
0.000000
0.007805
0.011326
0.003817
0.002697
0.002438
0.000005
0.000000
0.000000
0.000000
0.000976
0.003042
0.005221
0.018132
0.034631
0.007719
0.000000
0.000000
0.000000
0.007057
0.019128
0.005112
0.004209
0.007530
0.001204
0.000000
0.000000
0.000000
0.000225
0.001579
0.003987
0.018589
0.046500
0.010548
0.000000
0.000000
0.000000
0.000976
0.003042
0.005221
0.018132
0.034631
0.007719
0.000000
0.000000
0.000000
0.000000
0.001026
0.006107
0.020980
0.057213
0.014131
0.000000
0.000000
0.000000
0.000225
0.001579
0.003987
0.018589
0.046500
0.010548
0.000000
0.000000
0.000000
0.003729
0.004422
0.007214
0.016972
0.041333
0.010535
0.000000
0.000000
0.000000
0.000000
0.001026
0.006107
0.020980
0.057213
0.014131
0.000000
0.000000
0.000000
0.005387
0.007885
0.012419
0.015309
0.019251
0.003417
0.000000
0.000000
0.000000
0.003729
0.004422
0.007214
0.016972
0.041333
0.010535
0.000000
0.000000
0.000000
0.001121
0.005942
0.008577
0.018118
0.038374
0.012898
0.000000
0.000000
0.000000
0.005387
0.007885
0.012419
0.015309
0.019251
0.003417
0.000000
0.000000
0.000000
0.002469
0.004488
0.005537
0.011545
0.042096
0.007073
0.000000
0.000000
0.000000
0.001121
0.005942
0.008577
0.018118
0.038374
0.012898
0.000000
0.000000
0.000000
0.002823
0.005963
0.010650
0.022743
0.022712
0.001936
0.000000
0.000000
0.000000
0.002469
0.004488
0.005537
0.011545
0.042096
0.007073
0.000000
0.000000
0.000000
0.000828
0.005032
0.005165
0.011574
0.030054
0.005496
0.000000
0.000000
0.000000
0.002823
0.005963
0.010650
0.022743
0.022712
0.001936
0.000000
0.000000
0.000000
0.000634
0.002494
0.006078
0.010536
0.044484
0.011396
0.000000
0.000000
0.000000
0.000828
0.005032
0.005165
0.011574
0.030054
0.005496
0.000000
0.000000
0.000000
0.000609
0.004532
0.003769
0.013596
0.040325
0.008519
0.000000
0.000000
0.000000
0.000634
0.002494
0.006078
0.010536
0.044484
0.011396
0.000000
0.000000
0.000000
0.001789
0.005692
0.008068
0.013996
0.032536
0.006376
0.000000
0.000000
0.000000
0.000812
0.001051
0.001670
0.002729
0.003057
0.000222
0.000000
0.000000
0.000000
0.001115
0.002253
0.003336
0.002251
0.001707
0.000105
0.000000
0.000000
0.000000
0.001057
0.001403
0.001207
0.003307
0.002040
0.000067
0.000000
0.000000
0.000000
0.001077
0.001847
0.002472
0.002844
0.002326
0.000316
0.000000
0.000000
0.000000
0.001115
0.002253
0.003336
0.002251
0.001707
0.000105
0.000000
0.000000
0.000000
0.003354
0.005962
0.003819
0.002243
0.002467
0.000223
0.000000
0.000000
0.000000
0.001077
0.001847
0.002472
0.002844
0.002326
0.000316
0.000000
0.000000
0.000000
0.003358
0.006711
0.003885
0.001314
0.001436
0.000119
0.000000
0.000000
0.000000
0.003354
0.005962
0.003819
0.002243
0.002467
0.000223
0.000000
0.000000
0.000000
0.001022
0.001835
0.002402
0.002715
0.002174
0.000179
0.000000
0.000000
0.000000
0.003358
0.006711
0.003885
0.001314
0.001436
0.000119
0.000000
0.000000
0.000000
0.000847
0.001012
0.004123
0.003424
0.002271
0.000202
0.000000
0.000000
0.000000
0.001022
0.001835
0.002402
0.002715
0.002174
0.000179
0.000000
0.000000
0.000000
0.000632
0.000747
0.002230
0.003076
0.003321
0.000147
0.000000
0.000000
0.000000
0.000847
0.001012
0.004123
0.003424
0.002271
0.000202
0.000000
0.000000
0.000000
0.000460
0.001237
0.001592
0.002969
0.002730
0.000131
0.000000
0.000000
0.000000
0.000632
0.000747
0.002230
0.003076
0.003321
0.000147
0.000000
0.000000
0.000000
0.007057
0.019128
0.005112
0.004209
0.007530
0.001204
0.000000
0.000000
0.000000
0.000460
0.001237
0.001592
0.002969
0.002730
0.000131
0.000000
0.000000
0.000000
0.007299
0.016728
0.015052
0.007690
0.013603
0.005078
0.000000
0.000000
0.000000
0.007057
0.019128
0.005112
0.004209
0.007530
0.001204
0.000000
0.000000
0.000000
0.000225
0.001579
0.003987
0.018589
0.046500
0.010548
0.000000
0.000000
0.000000
0.007299
0.016728
0.015052
0.007690
0.013603
0.005078
0.000000
0.000000
0.000000
0.000698
0.002915
0.005698
0.008390
0.030373
0.011493
0.000000
0.000000
0.000000
0.000225
0.001579
0.003987
0.018589
0.046500
0.010548
0.000000
0.000000
0.000000
0.003729
0.004422
0.007214
0.016972
0.041333
0.010535
0.000000
0.000000
0.000000
0.000698
0.002915
0.005698
0.008390
0.030373
0.011493
0.000000
0.000000
0.000000
0.003579
0.002303
0.004755
0.013455
0.032385
0.005217
0.000000
0.000000
0.000000
0.003729
0.004422
0.007214
0.016972
0.041333
0.010535
0.000000
0.000000
0.000000
0.001121
0.005942
0.008577
0.018118
0.038374
0.012898
0.000000
0.000000
0.000000
0.003579
0.002303
0.004755
0.013455
0.032385
0.005217
0.000000
0.000000
0.000000
0.000551
0.002354
0.003988
0.015189
0.030315
0.006919
0.000000
0.000000
0.000000
0.001121
0.005942
0.008577
0.018118
0.038374
0.012898
0.000000
0.000000
0.000000
0.002823
0.005963
0.010650
0.022743
0.022712
0.001936
0.000000
0.000000
0.000000
0.000551
0.002354
0.003988
0.015189
0.030315
0.006919
0.000000
0.000000
0.000000
0.000573
0.003689
0.012068
0.018176
0.028485
0.005026
0.000000
0.000000
0.000000
0.002823
0.005963
0.010650
0.022743
0.022712
0.001936
0.000000
0.000000
0.000000
0.000634
0.002494
0.006078
0.010536
0.044484
0.011396
0.000000
0.000000
0.000000
0.000573
0.003689
0.012068
0.018176
0.028485
0.005026
0.000000
0.000000
0.000000
0.001116
0.004873
0.008000
0.022765
0.034211
0.005826
0.000000
0.000000
0.000000
0.000634
0.002494
0.006078
0.010536
0.044484
0.011396
0.000000
0.000000
0.000000
0.001789
0.005692
0.008068
0.013996
0.032536
0.006376
0.000000
0.000000
0.000000
0.001116
0.004873
0.008000
0.022765
0.034211
0.005826
0.000000
0.000000
0.000000
0.001243
0.004657
0.012163
0.017153
0.028090
0.004940
0.000000
0.000000
0.000000
0.001057
0.001403
0.001207
0.003307
0.002040
0.000067
0.000000
0.000000
0.000000
0.001077
0.001847
0.002472
0.002844
0.002326
0.000316
0.000000
0.000000
0.000000
0.001008
0.001809
0.001816
0.002205
0.002689
0.000322
0.000000
0.000000
0.000000
0.000715
0.001281
0.002335
0.002859
0.002387
0.000310
0.000000
0.000000
0.000000
0.001077
0.001847
0.002472
0.002844
0.002326
0.000316
0.000000
0.000000
0.000000
0.003358
0.006711
0.003885
0.001314
0.001436
0.000119
0.000000
0.000000
0.000000
0.000715
0.001281
0.002335
0.002859
0.002387
0.000310
0.000000
0.000000
0.000000
0.004298
0.006831
0.002880
0.001609
0.000644
0.000005
0.000000
0.000000
0.000000
0.003358
0.006711
0.003885
0.001314
0.001436
0.000119
0.000000
0.000000
0.000000
0.000847
0.001012
0.004123
0.003424
0.002271
0.000202
0.000000
0.000000
0.000000
0.004298
0.006831
0.002880
0.001609
0.000644
0.000005
0.000000
0.000000
0.000000
0.000676
0.000827
0.001602
0.001767
0.001911
0.000306
0.000000
0.000000
0.000000
0.000847
0.001012
0.004123
0.003424
0.002271
0.000202
0.000000
0.000000
0.000000
0.000460
0.001237
0.001592
0.002969
0.002730
0.000131
0.000000
0.000000
0.000000
0.000676
0.000827
0.001602
0.001767
0.001911
0.000306
0.000000
0.000000
0.000000
0.000939
0.000728
0.002091
0.001963
0.002639
0.000263
0.000000
0.000000
0.000000
0.000460
0.001237
0.001592
0.002969
0.002730
0.000131
0.000000
0.000000
0.000000
0.007299
0.016728
0.015052
0.007690
0.013603
0.005078
0.000000
0.000000
0.000000
0.000939
0.000728
0.002091
0.001963
0.002639
0.000263
0.000000
0.000000
0.000000
0.015532
0.021185
0.006892
0.008815
0.014881
0.004313
0.000000
0.000000
0.000000
0.007299
0.016728
0.015052
0.007690
0.013603
0.005078
0.000000
0.000000
0.000000
0.000698
0.002915
0.005698
0.008390
0.030373
0.011493
0.000000
0.000000
0.000000
0.015532
0.021185
0.006892
0.008815
0.014881
0.004313
0.000000
0.000000
0.000000
0.000958
0.002139
0.003350
0.012804
0.054118
0.015092
0.000000
0.000000
0.000000
0.000698
0.002915
0.005698
0.008390
0.030373
0.011493
0.000000
0.000000
0.000000
0.003579
0.002303
0.004755
0.013455
0.032385
0.005217
0.000000
0.000000
0.000000
0.000958
0.002139
0.003350
0.012804
0.054118
0.015092
0.000000
0.000000
0.000000
0.001484
0.001820
0.009028
0.016704
0.059494
0.009873
0.000000
0.000000
0.000000
0.003579
0.002303
0.004755
0.013455
0.032385
0.005217
0.000000
0.000000
0.000000
0.000551
0.002354
0.003988
0.015189
0.030315
0.006919
0.000000
0.000000
0.000000
0.001484
0.001820
0.009028
0.016704
0.059494
0.009873
0.000000
0.000000
0.000000
0.002101
0.002484
0.010052
0.019950
0.036724
0.007070
0.000000
0.000000
0.000000
0.000551
0.002354
0.003988
0.015189
0.030315
0.006919
0.000000
0.000000
0.000000
0.000573
0.003689
0.012068
0.018176
0.028485
0.005026
0.000000
0.000000
0.000000
0.002101
0.002484
0.010052
0.019950
0.036724
0.007070
0.000000
0.000000
0.000000
0.000295
0.004754
0.011532
0.015279
0.032431
0.008572
0.000000
0.000000
0.000000
0.000573
0.003689
0.012068
0.018176
0.028485
0.005026
0.000000
0.000000
0.000000
0.001116
0.004873
0.008000
0.022765
0.034211
0.005826
0.000000
0.000000
0.000000
0.000295
0.004754
0.011532
0.015279
0.032431
0.008572
0.000000
0.000000
0.000000
0.000373
0.003824
0.006953
0.019272
0.041610
0.009415
0.000000
0.000000
0.000000
0.001116
0.004873
0.008000
0.022765
0.034211
0.005826
0.000000
0.000000
0.000000
0.001243
0.004657
0.012163
0.017153
0.028090
0.004940
0.000000
0.000000
0.000000
0.000373
0.003824
0.006953
0.019272
0.041610
0.009415
0.000000
0.000000
0.000000
0.000611
0.003839
0.006252
0.015910
0.036718
0.005644
0.000000
0.000000
0.000000
0.001008
0.001809
0.001816
0.002205
0.002689
0.000322
0.000000
0.000000
0.000000
0.000715
0.001281
0.002335
0.002859
0.002387
0.000310
0.000000
0.000000
0.000000
0.000572
0.000835
0.001759
0.002874
0.003140
0.000285
0.000000
0.000000
0.000000
0.001600
0.001458
0.002924
0.003505
0.002287
0.000066
0.000000
0.000000
0.000000
0.000715
0.001281
0.002335
0.002859
0.002387
0.000310
0.000000
0.000000
0.000000
0.004298
0.006831
0.002880
0.001609
0.000644
0.000005
0.000000
0.000000
0.000000
0.001600
0.001458
0.002924
0.003505
0.002287
0.000066
0.000000
0.000000
0.000000
0.002475
0.006384
0.002677
0.001267
0.001686
0.000054
0.000000
0.000000
0.000000
0.004298
0.006831
0.002880
0.001609
0.000644
0.000005
0.000000
0.000000
0.000000
0.000676
0.000827
0.001602
0.001767
0.001911
0.000306
0.000000
0.000000
0.000000
0.002475
0.006384
0.002677
0.001267
0.001686
0.000054
0.000000
0.000000
0.000000
0.000520
0.000764
0.001305
0.002165
0.002235
0.000042
0.000000
0.000000
0.000000
0.000676
0.000827
0.001602
0.001767
0.001911
0.000306
0.000000
0.000000
0.000000
0.000939
0.000728
0.002091
0.001963
0.002639
0.000263
0.000000
0.000000
0.000000
0.000520
0.000764
0.001305
0.002165
0.002235
0.000042
0.000000
0.000000
0.000000
0.000827
0.001967
0.002963
0.002275
0.001272
0.000219
0.000000
0.000000
0.000000
0.000939
0.000728
0.002091
0.001963
0.002639
0.000263
0.000000
0.000000
0.000000
0.015532
0.021185
0.006892
0.008815
0.014881
0.004313
0.000000
0.000000
0.000000
0.000827
0.001967
0.002963
0.002275
0.001272
0.000219
0.000000
0.000000
0.000000
0.013237
0.026681
0.014547
0.006525
0.016836
0.002166
0.000000
0.000000
0.000000
0.015532
0.021185
0.006892
0.008815
0.014881
0.004313
0.000000
0.000000
0.000000
0.000958
0.002139
0.003350
0.012804
0.054118
0.015092
0.000000
0.000000
0.000000
0.013237
0.026681
0.014547
0.006525
0.016836
0.002166
0.000000
0.000000
0.000000
0.002031
0.003398
0.003451
0.019426
0.056953
0.012703
0.000000
0.000000
0.000000
0.000958
0.002139
0.003350
0.012804
0.054118
0.015092
0.000000
0.000000
0.000000
0.001484
0.001820
0.009028
0.016704
0.059494
0.009873
0.000000
0.000000
0.000000
0.002031
0.003398
0.003451
0.019426
0.056953
0.012703
0.000000
0.000000
0.000000
0.000129
0.004065
0.016460
0.023072
0.030167
0.006041
0.000000
0.000000
0.000000
0.001484
0.001820
0.009028
0.016704
0.059494
0.009873
0.000000
0.000000
0.000000
0.002101
0.002484
0.010052
0.019950
0.036724
0.007070
0.000000
0.000000
0.000000
0.000129
0.004065
0.016460
0.023072
0.030167
0.006041
0.000000
0.000000
0.000000
0.000977
0.005017
0.005510
0.021176
0.042306
0.012861
0.000000
0.000000
0.000000
0.002101
0.002484
0.010052
0.019950
0.036724
0.007070
0.000000
0.000000
0.000000
0.000295
0.004754
0.011532
0.015279
0.032431
0.008572
0.000000
0.000000
0.000000
0.000977
0.005017
0.005510
0.021176
0.042306
0.012861
0.000000
0.000000
0.000000
0.002648
0.003829
0.006703
0.016517
0.030735
0.004786
0.000000
0.000000
0.000000
0.000295
0.004754
0.011532
0.015279
0.032431
0.008572
0.000000
0.000000
0.000000
0.000373
0.003824
0.006953
0.019272
0.041610
0.009415
0.000000
0.000000
0.000000
0.002648
0.003829
0.006703
0.016517
0.030735
0.004786
0.000000
0.000000
0.000000
0.001761
0.002067
0.010711
0.015272
0.028733
0.006139
0.000000
0.000000
0.000000
0.000373
0.003824
0.006953
0.019272
0.041610
0.009415
0.000000
0.000000
0.000000
0.000611
0.003839
0.006252
0.015910
0.036718
0.005644
0.000000
0.000000
0.000000
0.001761
0.002067
0.010711
0.015272
0.028733
0.006139
0.000000
0.000000
0.000000
0.002540
0.004405
0.005543
0.012631
0.023902
0.006771
0.000000
0.000000
0.000000
0.000572
0.000835
0.001759
0.002874
0.003140
0.000285
0.000000
0.000000
0.000000
0.001600
0.001458
0.002924
0.003505
0.002287
0.000066
0.000000
0.000000
0.000000
0.000796
0.001509
0.002318
0.003171
0.002841
0.000285
0.000000
0.000000
0.000000
0.000995
0.000762
0.002104
0.004163
0.004657
0.001018
0.000000
0.000000
0.000000
0.001600
0.001458
0.002924
0.003505
0.002287
0.000066
0.000000
0.000000
0.000000
0.002475
0.006384
0.002677
0.001267
0.001686
0.000054
0.000000
0.000000
0.000000
0.000995
0.000762
0.002104
0.004163
0.004657
0.001018
0.000000
0.000000
0.000000
0.001185
0.002855
0.004051
0.003287
0.002766
0.000437
0.000000
0.000000
0.000000
0.002475
0.006384
0.002677
0.001267
0.001686
0.000054
0.000000
0.000000
0.000000
0.000520
0.000764
0.001305
0.002165
0.002235
0.000042
0.000000
0.000000
0.000000
0.001185
0.002855
0.004051
0.003287
0.002766
0.000437
0.000000
0.000000
0.000000
0.000717
0.000409
0.001302
0.003145
0.005700
0.000682
0.000000
0.000000
0.000000
0.000520
0.000764
0.001305
0.002165
0.002235
0.000042
0.000000
0.000000
0.000000
0.000827
0.001967
0.002963
0.002275
0.001272
0.000219
0.000000
0.000000
0.000000
0.000717
0.000409
0.001302
0.003145
0.005700
0.000682
0.000000
0.000000
0.000000
0.000979
0.001434
0.002384
0.005368
0.020150
0.003252
0.000000
0.000000
0.000000
0.000827
0.001967
0.002963
0.002275
0.001272
0.000219
0.000000
0.000000
0.000000
0.013237
0.026681
0.014547
0.006525
0.016836
0.002166
0.000000
0.000000
0.000000
0.000979
0.001434
0.002384
0.005368
0.020150
0.003252
0.000000
0.000000
0.000000
0.016567
0.014189
0.007916
0.013848
0.034500
0.006632
0.000000
0.000000
0.000000
0.013237
0.026681
0.014547
0.006525
0.016836
0.002166
0.000000
0.000000
0.000000
0.002031
0.003398
0.003451
0.019426
0.056953
0.012703
0.000000
0.000000
0.000000
0.016567
0.014189
0.007916
0.013848
0.034500
0.006632
0.000000
0.000000
0.000000
0.001163
0.001679
0.007112
0.024388
0.038736
0.011453
0.000000
0.000000
0.000000
0.002031
0.003398
0.003451
0.019426
0.056953
0.012703
0.000000
0.000000
0.000000
0.000129
0.004065
0.016460
0.023072
0.030167
0.006041
0.000000
0.000000
0.000000
0.001163
0.001679
0.007112
0.024388
0.038736
0.011453
0.000000
0.000000
0.000000
0.002814
0.007578
0.007623
0.021122
0.034144
0.002993
0.000000
0.000000
0.000000
0.000129
0.004065
0.016460
0.023072
0.030167
0.006041
0.000000
0.000000
0.000000
0.000977
0.005017
0.005510
0.021176
0.042306
0.012861
0.000000
0.000000
0.000000
0.002814
0.007578
0.007623
0.021122
0.034144
0.002993
0.000000
0.000000
0.000000
0.001529
0.004530
0.007619
0.020805
0.027948
0.004320
0.000000
0.000000
0.000000
0.000977
0.005017
0.005510
0.021176
0.042306
0.012861
0.000000
0.000000
0.000000
0.002648
0.003829
0.006703
0.016517
0.030735
0.004786
0.000000
0.000000
0.000000
0.001529
0.004530
0.007619
0.020805
0.027948
0.004320
0.000000
0.000000
0.000000
0.002076
0.004640
0.006911
0.019551
0.024706
0.003254
0.000000
0.000000
0.000000
0.002648
0.003829
0.006703
0.016517
0.030735
0.004786
0.000000
0.000000
0.000000
0.001761
0.002067
0.010711
0.015272
0.028733
0.006139
0.000000
0.000000
0.000000
0.002076
0.004640
0.006911
0.019551
0.024706
0.003254
0.000000
0.000000
0.000000
0.003032
0.005002
0.004779
0.015273
0.031394
0.008459
0.000000
0.000000
0.000000
0.001761
0.002067
0.010711
0.015272
0.028733
0.006139
0.000000
0.000000
0.000000
0.002540
0.004405
0.005543
0.012631
0.023902
0.006771
0.000000
0.000000
0.000000
0.003032
0.005002
0.004779
0.015273
0.031394
0.008459
0.000000
0.000000
0.000000
0.002242
0.005950
0.003896
0.011905
0.030023
0.010283
0.000000
0.000000
0.000000
0.000796
0.001509
0.002318
0.003171
0.002841
0.000285
0.000000
0.000000
0.000000
0.000995
0.000762
0.002104
0.004163
0.004657
0.001018
0.000000
0.000000
0.000000
0.004709
0.000920
0.001733
0.002428
0.022046
0.007900
0.000000
0.000000
0.000000
0.001115
0.000487
0.000297
0.003195
0.024814
0.009809
0.000000
0.000000
0.000000
0.000995
0.000762
0.002104
0.004163
0.004657
0.001018
0.000000
0.000000
0.000000
0.001185
0.002855
0.004051
0.003287
0.002766
0.000437
0.000000
0.000000
0.000000
0.001115
0.000487
0.000297
0.003195
0.024814
0.009809
0.000000
0.000000
0.000000
0.001473
0.001760
0.001085
0.003787
0.027587
0.008184
0.000000
0.000000
0.000000
0.001185
0.002855
0.004051
0.003287
0.002766
0.000437
0.000000
0.000000
0.000000
0.000717
0.000409
0.001302
0.003145
0.005700
0.000682
0.000000
0.000000
0.000000
0.001473
0.001760
0.001085
0.003787
0.027587
0.008184
0.000000
0.000000
0.000000
0.000752
0.001036
0.002501
0.003790
0.025015
0.008502
0.000000
0.000000
0.000000
0.000717
0.000409
0.001302
0.003145
0.005700
0.000682
0.000000
0.000000
0.000000
0.000979
0.001434
0.002384
0.005368
0.020150
0.003252
0.000000
0.000000
0.000000
0.000752
0.001036
0.002501
0.003790
0.025015
0.008502
0.000000
0.000000
0.000000
0.000918
0.001403
0.003591
0.012264
0.038190
0.011803
0.000000
0.000000
0.000000
0.000979
0.001434
0.002384
0.005368
0.020150
0.003252
0.000000
0.000000
0.000000
0.016567
0.014189
0.007916
0.013848
0.034500
0.006632
0.000000
0.000000
0.000000
0.000918
0.001403
0.003591
0.012264
0.038190
0.011803
0.000000
0.000000
0.000000
0.015103
0.019590
0.018420
0.027836
0.049014
0.009097
0.000000
0.000000
0.000000
0.016567
0.014189
0.007916
0.013848
0.034500
0.006632
0.000000
0.000000
0.000000
0.001163
0.001679
0.007112
0.024388
0.038736
0.011453
0.000000
0.000000
0.000000
0.015103
0.019590
0.018420
0.027836
0.049014
0.009097
0.000000
0.000000
0.000000
0.000690
0.001313
0.006286
0.020234
0.033034
0.008625
0.000000
0.000000
0.000000
0.001163
0.001679
0.007112
0.024388
0.038736
0.011453
0.000000
0.000000
0.000000
0.002814
0.007578
0.007623
0.021122
0.034144
0.002993
0.000000
0.000000
0.000000
0.000690
0.001313
0.006286
0.020234
0.033034
0.008625
0.000000
0.000000
0.000000
0.001893
0.003066
0.006600
0.013215
0.022289
0.003308
0.000000
0.000000
0.000000
0.002814
0.007578
0.007623
0.021122
0.034144
0.002993
0.000000
0.000000
0.000000
0.001529
0.004530
0.007619
0.020805
0.027948
0.004320
0.000000
0.000000
0.000000
0.001893
0.003066
0.006600
0.013215
0.022289
0.003308
0.000000
0.000000
0.000000
0.000970
0.002039
0.008653
0.018741
0.024402
0.003248
0.000000
0.000000
0.000000
0.001529
0.004530
0.007619
0.020805
0.027948
0.004320
0.000000
0.000000
0.000000
0.002076
0.004640
0.006911
0.019551
0.024706
0.003254
0.000000
0.000000
0.000000
0.000970
0.002039
0.008653
0.018741
0.024402
0.003248
0.000000
0.000000
0.000000
0.001167
0.004383
0.005066
0.014067
0.045987
0.011544
0.000000
0.000000
0.000000
0.002076
0.004640
0.006911
0.019551
0.024706
0.003254
0.000000
0.000000
0.000000
0.003032
0.005002
0.004779
0.015273
0.031394
0.008459
0.000000
0.000000
0.000000
0.001167
0.004383
0.005066
0.014067
0.045987
0.011544
0.000000
0.000000
0.000000
0.001984
0.005618
0.008739
0.018188
0.036041
0.006778
0.000000
0.000000
0.000000
0.003032
0.005002
0.004779
0.015273
0.031394
0.008459
0.000000
0.000000
0.000000
0.002242
0.005950
0.003896
0.011905
0.030023
0.010283
0.000000
0.000000
0.000000
0.001984
0.005618
0.008739
0.018188
0.036041
0.006778
0.000000
0.000000
0.000000
0.001858
0.002615
0.004881
0.012497
0.033497
0.005063
0.000000
0.000000
0.000000
0.004709
0.000920
0.001733
0.002428
0.022046
0.007900
0.000000
0.000000
0.000000
0.001115
0.000487
0.000297
0.003195
0.024814
0.009809
0.000000
0.000000
0.000000
0.000651
0.000488
0.001566
0.002648
0.006154
0.000698
0.000000
0.000000
0.000000
0.000668
0.000883
0.002492
0.002634
0.002710
0.000230
0.000000
0.000000
0.000000
0.001115
0.000487
0.000297
0.003195
0.024814
0.009809
0.000000
0.000000
0.000000
0.001473
0.001760
0.001085
0.003787
0.027587
0.008184
0.000000
0.000000
0.000000
0.000668
0.000883
0.002492
0.002634
0.002710
0.000230
0.000000
0.000000
0.000000
0.001253
0.003350
0.002760
0.003158
0.002076
0.000048
0.000000
0.000000
0.000000
0.001473
0.001760
0.001085
0.003787
0.027587
0.008184
0.000000
0.000000
0.000000
0.000752
0.001036
0.002501
0.003790
0.025015
0.008502
0.000000
0.000000
0.000000
0.001253
0.003350
0.002760
0.003158
0.002076
0.000048
0.000000
0.000000
0.000000
0.000771
0.001406
0.002045
0.004868
0.002156
0.000326
0.000000
0.000000
0.000000
0.000752
0.001036
0.002501
0.003790
0.025015
0.008502
0.000000
0.000000
0.000000
0.000918
0.001403
0.003591
0.012264
0.038190
0.011803
0.000000
0.000000
0.000000
0.000771
0.001406
0.002045
0.004868
0.002156
0.000326
0.000000
0.000000
0.000000
0.000946
0.001864
0.003570
0.003510
0.001421
0.000069
0.000000
0.000000
0.000000
0.000918
0.001403
0.003591
0.012264
0.038190
0.011803
0.000000
0.000000
0.000000
0.015103
0.019590
0.018420
0.027836
0.049014
0.009097
0.000000
0.000000
0.000000
0.000946
0.001864
0.003570
0.003510
0.001421
0.000069
0.000000
0.000000
0.000000
0.022727
0.018336
0.006794
0.009473
0.021175
0.002040
0.000000
0.000000
0.000000
0.015103
0.019590
0.018420
0.027836
0.049014
0.009097
0.000000
0.000000
0.000000
0.000690
0.001313
0.006286
0.020234
0.033034
0.008625
0.000000
0.000000
0.000000
0.022727
0.018336
0.006794
0.009473
0.021175
0.002040
0.000000
0.000000
0.000000
0.002999
0.008058
0.005699
0.011691
0.032257
0.003844
0.000000
0.000000
0.000000
0.000690
0.001313
0.006286
0.020234
0.033034
0.008625
0.000000
0.000000
0.000000
0.001893
0.003066
0.006600
0.013215
0.022289
0.003308
0.000000
0.000000
0.000000
0.002999
0.008058
0.005699
0.011691
0.032257
0.003844
0.000000
0.000000
0.000000
0.003448
0.004877
0.004238
0.011803
0.021523
0.002029
0.000000
0.000000
0.000000
0.001893
0.003066
0.006600
0.013215
0.022289
0.003308
0.000000
0.000000
0.000000
0.000970
0.002039
0.008653
0.018741
0.024402
0.003248
0.000000
0.000000
0.000000
0.003448
0.004877
0.004238
0.011803
0.021523
0.002029
0.000000
0.000000
0.000000
0.001809
0.003534
0.008113
0.018982
0.029170
0.006216
0.000000
0.000000
0.000000
0.000970
0.002039
0.008653
0.018741
0.024402
0.003248
0.000000
0.000000
0.000000
0.001167
0.004383
0.005066
0.014067
0.045987
0.011544
0.000000
0.000000
0.000000
0.001809
0.003534
0.008113
0.018982
0.029170
0.006216
0.000000
0.000000
0.000000
0.000657
0.002457
0.002938
0.008544
0.021681
0.005241
0.000000
0.000000
0.000000
0.001167
0.004383
0.005066
0.014067
0.045987
0.011544
0.000000
0.000000
0.000000
0.001984
0.005618
0.008739
0.018188
0.036041
0.006778
0.000000
0.000000
0.000000
0.000657
0.002457
0.002938
0.008544
0.021681
0.005241
0.000000
0.000000
0.000000
0.002812
0.003750
0.007203
0.009178
0.024001
0.003962
0.000000
0.000000
0.000000
0.001984
0.005618
0.008739
0.018188
0.036041
0.006778
0.000000
0.000000
0.000000
0.001858
0.002615
0.004881
0.012497
0.033497
0.005063
0.000000
0.000000
0.000000
0.002812
0.003750
0.007203
0.009178
0.024001
0.003962
0.000000
0.000000
0.000000
0.001284
0.003357
0.002780
0.010628
0.021483
0.005531
0.000000
0.000000
0.000000
0.000651
0.000488
0.001566
0.002648
0.006154
0.000698
0.000000
0.000000
0.000000
0.000668
0.000883
0.002492
0.002634
0.002710
0.000230
0.000000
0.000000
0.000000
0.000577
0.000701
0.001054
0.001952
0.001374
0.000108
0.000000
0.000000
0.000000
0.002172
0.002924
0.002331
0.003170
0.001976
0.000208
0.000000
0.000000
0.000000
0.000668
0.000883
0.002492
0.002634
0.002710
0.000230
0.000000
0.000000
0.000000
0.001253
0.003350
0.002760
0.003158
0.002076
0.000048
0.000000
0.000000
0.000000
0.002172
0.002924
0.002331
0.003170
0.001976
0.000208
0.000000
0.000000
0.000000
0.001967
0.003195
0.004706
0.002693
0.001471
0.000299
0.000000
0.000000
0.000000
0.001253
0.003350
0.002760
0.003158
0.002076
0.000048
0.000000
0.000000
0.000000
0.000771
0.001406
0.002045
0.004868
0.002156
0.000326
0.000000
0.000000
0.000000
0.001967
0.003195
0.004706
0.002693
0.001471
0.000299
0.000000
0.000000
0.000000
0.000925
0.001316
0.001627
0.002309
0.002330
0.000209
0.000000
0.000000
0.000000
0.000771
0.001406
0.002045
0.004868
0.002156
0.000326
0.000000
0.000000
0.000000
0.000946
0.001864
0.003570
0.003510
0.001421
0.000069
0.000000
0.000000
0.000000
0.000925
0.001316
0.001627
0.002309
0.002330
0.000209
0.000000
0.000000
0.000000
0.001824
0.001839
0.002499
0.003897
0.002414
0.000248
0.000000
0.000000
0.000000
0.000946
0.001864
0.003570
0.003510
0.001421
0.000069
0.000000
0.000000
0.000000
0.022727
0.018336
0.006794
0.009473
0.021175
0.002040
0.000000
0.000000
0.000000
0.001824
0.001839
0.002499
0.003897
0.002414
0.000248
0.000000
0.000000
0.000000
0.018953
0.028540
0.011747
0.011463
0.018880
0.003303
0.000000
0.000000
0.000000
0.022727
0.018336
0.006794
0.009473
0.021175
0.002040
0.000000
0.000000
0.000000
0.002999
0.008058
0.005699
0.011691
0.032257
0.003844
0.000000
0.000000
0.000000
0.018953
0.028540
0.011747
0.011463
0.018880
0.003303
0.000000
0.000000
0.000000
0.000566
0.004320
0.010450
0.021023
0.040626
0.006743
0.000000
0.000000
0.000000
0.002999
0.008058
0.005699
0.011691
0.032257
0.003844
0.000000
0.000000
0.000000
0.003448
0.004877
0.004238
0.011803
0.021523
0.002029
0.000000
0.000000
0.000000
0.000566
0.004320
0.010450
0.021023
0.040626
0.006743
0.000000
0.000000
0.000000
0.001675
0.004386
0.005703
0.016167
0.032925
0.006739
0.000000
0.000000
0.000000
0.003448
0.004877
0.004238
0.011803
0.021523
0.002029
0.000000
0.000000
0.000000
0.001809
0.003534
0.008113
0.018982
0.029170
0.006216
0.000000
0.000000
0.000000
0.001675
0.004386
0.005703
0.016167
0.032925
0.006739
0.000000
0.000000
0.000000
0.003292
0.008086
0.006515
0.016467
0.038376
0.009401
0.000000
0.000000
0.000000
0.001809
0.003534
0.008113
0.018982
0.029170
0.006216
0.000000
0.000000
0.000000
0.000657
0.002457
0.002938
0.008544
0.021681
0.005241
0.000000
0.000000
0.000000
0.003292
0.008086
0.006515
0.016467
0.038376
0.009401
0.000000
0.000000
0.000000
0.000915
0.001558
0.004329
0.016442
0.052340
0.011227
0.000000
0.000000
0.000000
0.000657
0.002457
0.002938
0.008544
0.021681
0.005241
0.000000
0.000000
0.000000
0.002812
0.003750
0.007203
0.009178
0.024001
0.003962
0.000000
0.000000
0.000000
0.000915
0.001558
0.004329
0.016442
0.052340
0.011227
0.000000
0.000000
0.000000
0.000904
0.005809
0.006151
0.010062
0.035515
0.007831
0.000000
0.000000
0.000000
0.002812
0.003750
0.007203
0.009178
0.024001
0.003962
0.000000
0.000000
0.000000
0.001284
0.003357
0.002780
0.010628
0.021483
0.005531
0.000000
0.000000
0.000000
0.000904
0.005809
0.006151
0.010062
0.035515
0.007831
0.000000
0.000000
0.000000
0.002200
0.002238
0.008285
0.012580
0.023627
0.009544
0.000000
0.000000
0.000000
0.000577
0.000701
0.001054
0.001952
0.001374
0.000108
0.000000
0.000000
0.000000
0.002172
0.002924
0.002331
0.003170
0.001976
0.000208
0.000000
0.000000
0.000000
0.000746
0.000892
0.001741
0.001797
0.001681
0.000077
0.000000
0.000000
0.000000
0.001218
0.002575
0.004324
0.003478
0.001336
0.000117
0.000000
0.000000
0.000000
0.002172
0.002924
0.002331
0.003170
0.001976
0.000208
0.000000
0.000000
0.000000
0.001967
0.003195
0.004706
0.002693
0.001471
0.000299
0.000000
0.000000
0.000000
0.001218
0.002575
0.004324
0.003478
0.001336
0.000117
0.000000
0.000000
0.000000
0.001109
0.004162
0.002940
0.002483
0.001572
0.000093
0.000000
0.000000
0.000000
0.001967
0.003195
0.004706
0.002693
0.001471
0.000299
0.000000
0.000000
0.000000
0.000925
0.001316
0.001627
0.002309
0.002330
0.000209
0.000000
0.000000
0.000000
0.001109
0.004162
0.002940
0.002483
0.001572
0.000093
0.000000
0.000000
0.000000
0.000976
0.000905
0.001303
0.002054
0.001849
0.000442
0.000000
0.000000
0.000000
0.000925
0.001316
0.001627
0.002309
0.002330
0.000209
0.000000
0.000000
0.000000
0.001824
0.001839
0.002499
0.003897
0.002414
0.000248
0.000000
0.000000
0.000000
0.000976
0.000905
0.001303
0.002054
0.001849
0.000442
0.000000
0.000000
0.000000
0.005320
0.008573
0.003633
0.004765
0.001644
0.000052
0.000000
0.000000
0.000000
0.001824
0.001839
0.002499
0.003897
0.002414
0.000248
0.000000
0.000000
0.000000
0.018953
0.028540
0.011747
0.011463
0.018880
0.003303
0.000000
0.000000
0.000000
0.005320
0.008573
0.003633
0.004765
0.001644
0.000052
0.000000
0.000000
0.000000
0.015165
0.023949
0.011772
0.021930
0.020299
0.001897
0.000000
0.000000
0.000000
0.018953
0.028540
0.011747
0.011463
0.018880
0.003303
0.000000
0.000000
0.000000
0.000566
0.004320
0.010450
0.021023
0.040626
0.006743
0.000000
0.000000
0.000000
0.015165
0.023949
0.011772
0.021930
0.020299
0.001897
0.000000
0.000000
0.000000
0.003174
0.003270
0.007141
0.022495
0.040655
0.007721
0.000000
0.000000
0.000000
0.000566
0.004320
0.010450
0.021023
0.040626
0.006743
0.000000
0.000000
0.000000
0.001675
0.004386
0.005703
0.016167
0.032925
0.006739
0.000000
0.000000
0.000000
0.003174
0.003270
0.007141
0.022495
0.040655
0.007721
0.000000
0.000000
0.000000
0.000958
0.001095
0.006463
0.025323
0.034913
0.005874
0.000000
0.000000
0.000000
0.001675
0.004386
0.005703
0.016167
0.032925
0.006739
0.000000
0.000000
0.000000
0.003292
0.008086
0.006515
0.016467
0.038376
0.009401
0.000000
0.000000
0.000000
0.000958
0.001095
0.006463
0.025323
0.034913
0.005874
0.000000
0.000000
0.000000
0.001570
0.002900
0.007267
0.015737
0.047143
0.009913
0.000000
0.000000
0.000000
0.003292
0.008086
0.006515
0.016467
0.038376
0.009401
0.000000
0.000000
0.000000
0.000915
0.001558
0.004329
0.016442
0.052340
0.011227
0.000000
0.000000
0.000000
0.001570
0.002900
0.007267
0.015737
0.047143
0.009913
0.000000
0.000000
0.000000
0.002827
0.004452
0.009180
0.016135
0.027315
0.004161
0.000000
0.000000
0.000000
0.000915
0.001558
0.004329
0.016442
0.052340
0.011227
0.000000
0.000000
0.000000
0.000904
0.005809
0.006151
0.010062
0.035515
0.007831
0.000000
0.000000
0.000000
0.002827
0.004452
0.009180
0.016135
0.027315
0.004161
0.000000
0.000000
0.000000
0.003066
0.005833
0.008119
0.010132
0.024566
0.007181
0.000000
0.000000
0.000000
0.000904
0.005809
0.006151
0.010062
0.035515
0.007831
0.000000
0.000000
0.000000
0.002200
0.002238
0.008285
0.012580
0.023627
0.009544
0.000000
0.000000
0.000000
0.003066
0.005833
0.008119
0.010132
0.024566
0.007181
0.000000
0.000000
0.000000
0.001200
0.003702
0.007528
0.016064
0.025554
0.003795
0.000000
0.000000
0.000000
0.000746
0.000892
0.001741
0.001797
0.001681
0.000077
0.000000
0.000000
0.000000
0.001218
0.002575
0.004324
0.003478
0.001336
0.000117
0.000000
0.000000
0.000000
0.000451
0.002269
0.004433
0.002553
0.000755
0.000077
0.000000
0.000000
0.000000
0.001002
0.002143
0.001936
0.002160
0.001739
0.000255
0.000000
0.000000
0.000000
0.001218
0.002575
0.004324
0.003478
0.001336
0.000117
0.000000
0.000000
0.000000
0.001109
0.004162
0.002940
0.002483
0.001572
0.000093
0.000000
0.000000
0.000000
0.001002
0.002143
0.001936
0.002160
0.001739
0.000255
0.000000
0.000000
0.000000
0.001258
0.002467
0.002125
0.002392
0.001879
0.000186
0.000000
0.000000
0.000000
0.001109
0.004162
0.002940
0.002483
0.001572
0.000093
0.000000
0.000000
0.000000
0.000976
0.000905
0.001303
0.002054
0.001849
0.000442
0.000000
0.000000
0.000000
0.001258
0.002467
0.002125
0.002392
0.001879
0.000186
0.000000
0.000000
0.000000
0.001143
0.001684
0.002833
0.002257
0.002467
0.000153
0.000000
0.000000
0.000000
0.000976
0.000905
0.001303
0.002054
0.001849
0.000442
0.000000
0.000000
0.000000
0.005320
0.008573
0.003633
0.004765
0.001644
0.000052
0.000000
0.000000
0.000000
0.001143
0.001684
0.002833
0.002257
0.002467
0.000153
0.000000
0.000000
0.000000
0.010112
0.014046
0.004997
0.002873
0.001383
0.000023
0.000000
0.000000
0.000000
0.005320
0.008573
0.003633
0.004765
0.001644
0.000052
0.000000
0.000000
0.000000
0.015165
0.023949
0.011772
0.021930
0.020299
0.001897
0.000000
0.000000
0.000000
0.010112
0.014046
0.004997
0.002873
0.001383
0.000023
0.000000
0.000000
0.000000
0.010974
0.014027
0.015286
0.021788
0.035383
0.007269
0.000000
0.000000
0.000000
0.015165
0.023949
0.011772
0.021930
0.020299
0.001897
0.000000
0.000000
0.000000
0.003174
0.003270
0.007141
0.022495
0.040655
0.007721
0.000000
0.000000
0.000000
0.010974
0.014027
0.015286
0.021788
0.035383
0.007269
0.000000
0.000000
0.000000
0.003166
0.006585
0.006626
0.034432
0.032766
0.004635
0.000000
0.000000
0.000000
0.003174
0.003270
0.007141
0.022495
0.040655
0.007721
0.000000
0.000000
0.000000
0.000958
0.001095
0.006463
0.025323
0.034913
0.005874
0.000000
0.000000
0.000000
0.003166
0.006585
0.006626
0.034432
0.032766
0.004635
0.000000
0.000000
0.000000
0.000851
0.006354
0.007237
0.019991
0.041781
0.005080
0.000000
0.000000
0.000000
0.000958
0.001095
0.006463
0.025323
0.034913
0.005874
0.000000
0.000000
0.000000
0.001570
0.002900
0.007267
0.015737
0.047143
0.009913
0.000000
0.000000
0.000000
0.000851
0.006354
0.007237
0.019991
0.041781
0.005080
0.000000
0.000000
0.000000
0.001385
0.005895
0.007731
0.014921
0.022877
0.005225
0.000000
0.000000
0.000000
0.001570
0.002900
0.007267
0.015737
0.047143
0.009913
0.000000
0.000000
0.000000
0.002827
0.004452
0.009180
0.016135
0.027315
0.004161
0.000000
0.000000
0.000000
0.001385
0.005895
0.007731
0.014921
0.022877
0.005225
0.000000
0.000000
0.000000
0.003780
0.005762
0.011145
0.013223
0.016453
0.003476
0.000000
0.000000
0.000000
0.002827
0.004452
0.009180
0.016135
0.027315
0.004161
0.000000
0.000000
0.000000
0.003066
0.005833
0.008119
0.010132
0.024566
0.007181
0.000000
0.000000
0.000000
0.003780
0.005762
0.011145
0.013223
0.016453
0.003476
0.000000
0.000000
0.000000
0.004104
0.004291
0.006267
0.012098
0.040041
0.007883
0.000000
0.000000
0.000000
0.003066
0.005833
0.008119
0.010132
0.024566
0.007181
0.000000
0.000000
0.000000
0.001200
0.003702
0.007528
0.016064
0.025554
0.003795
0.000000
0.000000
0.000000
0.004104
0.004291
0.006267
0.012098
0.040041
0.007883
0.000000
0.000000
0.000000
0.002976
0.004483
0.008116
0.015032
0.020781
0.001761
0.000000
0.000000
0.000000
0.000451
0.002269
0.004433
0.002553
0.000755
0.000077
0.000000
0.000000
0.000000
0.001002
0.002143
0.001936
0.002160
0.001739
0.000255
0.000000
0.000000
0.000000
0.000874
0.001602
0.001560
0.002506
0.001687
0.000163
0.000000
0.000000
0.000000
0.001704
0.004245
0.002565
0.002439
0.001170
0.000158
0.000000
0.000000
0.000000
0.001002
0.002143
0.001936
0.002160
0.001739
0.000255
0.000000
0.000000
0.000000
0.001258
0.002467
0.002125
0.002392
0.001879
0.000186
0.000000
0.000000
0.000000
0.001704
0.004245
0.002565
0.002439
0.001170
0.000158
0.000000
0.000000
0.000000
0.002438
0.002226
0.001756
0.001998
0.001498
0.000106
0.000000
0.000000
0.000000
0.001258
0.002467
0.002125
0.002392
0.001879
0.000186
0.000000
0.000000
0.000000
0.001143
0.001684
0.002833
0.002257
0.002467
0.000153
0.000000
0.000000
0.000000
0.002438
0.002226
0.001756
0.001998
0.001498
0.000106
0.000000
0.000000
0.000000
0.001486
0.004858
0.006818
0.003925
0.002296
0.000217
0.000000
0.000000
0.000000
0.001143
0.001684
0.002833
0.002257
0.002467
0.000153
0.000000
0.000000
0.000000
0.010112
0.014046
0.004997
0.002873
0.001383
0.000023
0.000000
0.000000
0.000000
0.001486
0.004858
0.006818
0.003925
0.002296
0.000217
0.000000
0.000000
0.000000
0.015393
0.032849
0.012585
0.012657
0.006776
0.000498
0.000000
0.000000
0.000000
0.010112
0.014046
0.004997
0.002873
0.001383
0.000023
0.000000
0.000000
0.000000
0.010974
0.014027
0.015286
0.021788
0.035383
0.007269
0.000000
0.000000
0.000000
0.015393
0.032849
0.012585
0.012657
0.006776
0.000498
0.000000
0.000000
0.000000
0.000000
0.000099
0.002342
0.017839
0.083967
0.025712
0.000000
0.000000
0.000000
0.010974
0.014027
0.015286
0.021788
0.035383
0.007269
0.000000
0.000000
0.000000
0.003166
0.006585
0.006626
0.034432
0.032766
0.004635
0.000000
0.000000
0.000000
0.000000
0.000099
0.002342
0.017839
0.083967
0.025712
0.000000
0.000000
0.000000
0.000028
0.001994
0.009394
0.012179
0.062228
0.026031
0.000000
0.000000
0.000000
0.003166
0.006585
0.006626
0.034432
0.032766
0.004635
0.000000
0.000000
0.000000
0.000851
0.006354
0.007237
0.019991
0.041781
0.005080
0.000000
0.000000
0.000000
0.000028
0.001994
0.009394
0.012179
0.062228
0.026031
0.000000
0.000000
0.000000
0.000180
0.000847
0.002961
0.015389
0.080507
0.026627
0.000000
0.000000
0.000000
0.000851
0.006354
0.007237
0.019991
0.041781
0.005080
0.000000
0.000000
0.000000
0.001385
0.005895
0.007731
0.014921
0.022877
0.005225
0.000000
0.000000
0.000000
0.000180
0.000847
0.002961
0.015389
0.080507
0.026627
0.000000
0.000000
0.000000
0.001229
0.002792
0.007512
0.023869
0.043671
0.005900
0.000000
0.000000
0.000000
0.001385
0.005895
0.007731
0.014921
0.022877
0.005225
0.000000
0.000000
0.000000
0.003780
0.005762
0.011145
0.013223
0.016453
0.003476
0.000000
0.000000
0.000000
0.001229
0.002792
0.007512
0.023869
0.043671
0.005900
0.000000
0.000000
0.000000
0.001090
0.003111
0.005510
0.012905
0.042127
0.012451
0.000000
0.000000
0.000000
0.003780
0.005762
0.011145
0.013223
0.016453
0.003476
0.000000
0.000000
0.000000
0.004104
0.004291
0.006267
0.012098
0.040041
0.007883
0.000000
0.000000
0.000000
0.001090
0.003111
0.005510
0.012905
0.042127
0.012451
0.000000
0.000000
0.000000
0.000991
0.002725
0.003343
0.006740
0.063271
0.014571
0.000000
0.000000
0.000000
0.004104
0.004291
0.006267
0.012098
0.040041
0.007883
0.000000
0.000000
0.000000
0.002976
0.004483
0.008116
0.015032
0.020781
0.001761
0.000000
0.000000
0.000000
0.000991
0.002725
0.003343
0.006740
0.063271
0.014571
0.000000
0.000000
0.000000
0.002088
0.006414
0.010508
0.013692
0.040595
0.009337
0.000000
0.000000
0.000000
0.000874
0.001602
0.001560
0.002506
0.001687
0.000163
0.000000
0.000000
0.000000
0.001704
0.004245
0.002565
0.002439
0.001170
0.000158
0.000000
0.000000
0.000000
0.000476
0.000599
0.001410
0.002005
0.001891
0.000115
0.000000
0.000000
0.000000
0.002393
0.004871
0.002888
0.001829
0.001853
0.000268
0.000000
0.000000
0.000000
0.001704
0.004245
0.002565
0.002439
0.001170
0.000158
0.000000
0.000000
0.000000
0.002438
0.002226
0.001756
0.001998
0.001498
0.000106
0.000000
0.000000
0.000000
0.002393
0.004871
0.002888
0.001829
0.001853
0.000268
0.000000
0.000000
0.000000
0.002212
0.003595
0.003169
0.003152
0.003657
0.000462
0.000000
0.000000
0.000000
0.002438
0.002226
0.001756
0.001998
0.001498
0.000106
0.000000
0.000000
0.000000
0.001486
0.004858
0.006818
0.003925
0.002296
0.000217
0.000000
0.000000
0.000000
0.002212
0.003595
0.003169
0.003152
0.003657
0.000462
0.000000
0.000000
0.000000
0.009199
0.013373
0.011078
0.006897
0.001555
0.000183
0.000000
0.000000
0.000000
0.001486
0.004858
0.006818
0.003925
0.002296
0.000217
0.000000
0.000000
0.000000
0.015393
0.032849
0.012585
0.012657
0.006776
0.000498
0.000000
0.000000
0.000000
0.009199
0.013373
0.011078
0.006897
0.001555
0.000183
0.000000
0.000000
0.000000
0.027807
0.027435
0.021520
0.012839
0.006564
0.000744
0.000000
0.000000
0.000000
0.015393
0.032849
0.012585
0.012657
0.006776
0.000498
0.000000
0.000000
0.000000
0.000000
0.000099
0.002342
0.017839
0.083967
0.025712
0.000000
0.000000
0.000000
0.027807
0.027435
0.021520
0.012839
0.006564
0.000744
0.000000
0.000000
0.000000
0.002614
0.002743
0.002110
0.007886
0.065836
0.030051
0.000000
0.000000
0.000000
0.000000
0.000099
0.002342
0.017839
0.083967
0.025712
0.000000
0.000000
0.000000
0.000028
0.001994
0.009394
0.012179
0.062228
0.026031
0.000000
0.000000
0.000000
0.002614
0.002743
0.002110
0.007886
0.065836
0.030051
0.000000
0.000000
0.000000
0.001277
0.000899
0.001787
0.004246
0.067715
0.026636
0.000000
0.000000
0.000000
0.000028
0.001994
0.009394
0.012179
0.062228
0.026031
0.000000
0.000000
0.000000
0.000180
0.000847
0.002961
0.015389
0.080507
0.026627
0.000000
0.000000
0.000000
0.001277
0.000899
0.001787
0.004246
0.067715
0.026636
0.000000
0.000000
0.000000
0.000301
0.002341
0.001797
0.001253
0.063354
0.029186
0.000000
0.000000
0.000000
0.000180
0.000847
0.002961
0.015389
0.080507
0.026627
0.000000
0.000000
0.000000
0.001229
0.002792
0.007512
0.023869
0.043671
0.005900
0.000000
0.000000
0.000000
0.000301
0.002341
0.001797
0.001253
0.063354
0.029186
0.000000
0.000000
0.000000
0.009141
0.000641
0.001143
0.006902
0.048201
0.016837
0.000000
0.000000
0.000000
0.001229
0.002792
0.007512
0.023869
0.043671
0.005900
0.000000
0.000000
0.000000
0.001090
0.003111
0.005510
0.012905
0.042127
0.012451
0.000000
0.000000
0.000000
0.009141
0.000641
0.001143
0.006902
0.048201
0.016837
0.000000
0.000000
0.000000
0.000264
0.000921
0.000667
0.004801
0.055937
0.016596
0.000000
0.000000
0.000000
0.001090
0.003111
0.005510
0.012905
0.042127
0.012451
0.000000
0.000000
0.000000
0.000991
0.002725
0.003343
0.006740
0.063271
0.014571
0.000000
0.000000
0.000000
0.000264
0.000921
0.000667
0.004801
0.055937
0.016596
0.000000
0.000000
0.000000
0.005006
0.000412
0.001240
0.001543
0.060512
0.023597
0.000000
0.000000
0.000000
0.000991
0.002725
0.003343
0.006740
0.063271
0.014571
0.000000
0.000000
0.000000
0.002088
0.006414
0.010508
0.013692
0.040595
0.009337
0.000000
0.000000
0.000000
0.005006
0.000412
0.001240
0.001543
0.060512
0.023597
0.000000
0.000000
0.000000
0.003315
0.000287
0.000078
0.004207
0.041663
0.012009
0.000000
0.000000
0.000000
0.000476
0.000599
0.001410
0.002005
0.001891
0.000115
0.000000
0.000000
0.000000
0.002393
0.004871
0.002888
0.001829
0.001853
0.000268
0.000000
0.000000
0.000000
0.000230
0.000755
0.000879
0.002365
0.002298
0.000275
0.000000
0.000000
0.000000
0.001768
0.005502
0.005462
0.003744
0.002077
0.000185
0.000000
0.000000
0.000000
0.002393
0.004871
0.002888
0.001829
0.001853
0.000268
0.000000
0.000000
0.000000
0.002212
0.003595
0.003169
0.003152
0.003657
0.000462
0.000000
0.000000
0.000000
0.001768
0.005502
0.005462
0.003744
0.002077
0.000185
0.000000
0.000000
0.000000
0.001031
0.001058
0.001680
0.003259
0.006260
0.000755
0.000000
0.000000
0.000000
0.002212
0.003595
0.003169
0.003152
0.003657
0.000462
0.000000
0.000000
0.000000
0.009199
0.013373
0.011078
0.006897
0.001555
0.000183
0.000000
0.000000
0.000000
0.001031
0.001058
0.001680
0.003259
0.006260
0.000755
0.000000
0.000000
0.000000
0.001182
0.003466
0.004488
0.009241
0.009908
0.001394
0.000000
0.000000
0.000000
0.009199
0.013373
0.011078
0.006897
0.001555
0.000183
0.000000
0.000000
0.000000
0.027807
0.027435
0.021520
0.012839
0.006564
0.000744
0.000000
0.000000
0.000000
0.001182
0.003466
0.004488
0.009241
0.009908
0.001394
0.000000
0.000000
0.000000
0.004490
0.012409
0.014727
0.017168
0.031853
0.003904
0.000000
0.000000
0.000000
0.027807
0.027435
0.021520
0.012839
0.006564
0.000744
0.000000
0.000000
0.000000
0.002614
0.002743
0.002110
0.007886
0.065836
0.030051
0.000000
0.000000
0.000000
0.004490
0.012409
0.014727
0.017168
0.031853
0.003904
0.000000
0.000000
0.000000
0.002678
0.005211
0.005878
0.022452
0.052476
0.007408
0.000000
0.000000
0.000000
0.002614
0.002743
0.002110
0.007886
0.065836
0.030051
0.000000
0.000000
0.000000
0.001277
0.000899
0.001787
0.004246
0.067715
0.026636
0.000000
0.000000
0.000000
0.002678
0.005211
0.005878
0.022452
0.052476
0.007408
0.000000
0.000000
0.000000
0.005675
0.000185
0.001086
0.005893
0.059888
0.022917
0.000000
0.000000
0.000000
0.001277
0.000899
0.001787
0.004246
0.067715
0.026636
0.000000
0.000000
0.000000
0.000301
0.002341
0.001797
0.001253
0.063354
0.029186
0.000000
0.000000
0.000000
0.005675
0.000185
0.001086
0.005893
0.059888
0.022917
0.000000
0.000000
0.000000
0.000230
0.000000
0.000560
0.005512
0.057283
0.025698
0.000000
0.000000
0.000000
0.000301
0.002341
0.001797
0.001253
0.063354
0.029186
0.000000
0.000000
0.000000
0.009141
0.000641
0.001143
0.006902
0.048201
0.016837
0.000000
0.000000
0.000000
0.000230
0.000000
0.000560
0.005512
0.057283
0.025698
0.000000
0.000000
0.000000
0.004854
0.000215
0.001220
0.004756
0.046596
0.016046
0.000000
0.000000
0.000000
0.009141
0.000641
0.001143
0.006902
0.048201
0.016837
0.000000
0.000000
0.000000
0.000264
0.000921
0.000667
0.004801
0.055937
0.016596
0.000000
0.000000
0.000000
0.004854
0.000215
0.001220
0.004756
0.046596
0.016046
0.000000
0.000000
0.000000
0.002185
0.001067
0.001922
0.004378
0.042293
0.016343
0.000000
0.000000
0.000000
0.000264
0.000921
0.000667
0.004801
0.055937
0.016596
0.000000
0.000000
0.000000
0.005006
0.000412
0.001240
0.001543
0.060512
0.023597
0.000000
0.000000
0.000000
0.002185
0.001067
0.001922
0.004378
0.042293
0.016343
0.000000
0.000000
0.000000
0.003990
0.000370
0.001023
0.007541
0.043432
0.012981
0.000000
0.000000
0.000000
0.005006
0.000412
0.001240
0.001543
0.060512
0.023597
0.000000
0.000000
0.000000
0.003315
0.000287
0.000078
0.004207
0.041663
0.012009
0.000000
0.000000
0.000000
0.003990
0.000370
0.001023
0.007541
0.043432
0.012981
0.000000
0.000000
0.000000
0.001056
0.001069
0.001817
0.003241
0.032103
0.011199
0.000000
0.000000
0.000000
0.000230
0.000755
0.000879
0.002365
0.002298
0.000275
0.000000
0.000000
0.000000
0.001768
0.005502
0.005462
0.003744
0.002077
0.000185
0.000000
0.000000
0.000000
0.000402
0.000970
0.002426
0.003206
0.002641
0.000203
0.000000
0.000000
0.000000
0.002094
0.004981
0.007455
0.005049
0.003736
0.000251
0.000000
0.000000
0.000000
0.001768
0.005502
0.005462
0.003744
0.002077
0.000185
0.000000
0.000000
0.000000
0.001031
0.001058
0.001680
0.003259
0.006260
0.000755
0.000000
0.000000
0.000000
0.002094
0.004981
0.007455
0.005049
0.003736
0.000251
0.000000
0.000000
0.000000
0.001660
0.000532
0.004018
0.009862
0.015254
0.001130
0.000000
0.000000
0.000000
0.001031
0.001058
0.001680
0.003259
0.006260
0.000755
0.000000
0.000000
0.000000
0.001182
0.003466
0.004488
0.009241
0.009908
0.001394
0.000000
0.000000
0.000000
0.001660
0.000532
0.004018
0.009862
0.015254
0.001130
0.000000
0.000000
0.000000
0.001657
0.002422
0.002231
0.007860
0.043119
0.007969
0.000000
0.000000
0.000000
0.001182
0.003466
0.004488
0.009241
0.009908
0.001394
0.000000
0.000000
0.000000
0.004490
0.012409
0.014727
0.017168
0.031853
0.003904
0.000000
0.000000
0.000000
0.001657
0.002422
0.002231
0.007860
0.043119
0.007969
0.000000
0.000000
0.000000
0.002056
0.001053
0.004025
0.010196
0.057870
0.010845
0.000000
0.000000
0.000000
0.004490
0.012409
0.014727
0.017168
0.031853
0.003904
0.000000
0.000000
0.000000
0.002678
0.005211
0.005878
0.022452
0.052476
0.007408
0.000000
0.000000
0.000000
0.002056
0.001053
0.004025
0.010196
0.057870
0.010845
0.000000
0.000000
0.000000
0.000465
0.001513
0.002912
0.009700
0.040662
0.006556
0.000000
0.000000
0.000000
0.002678
0.005211
0.005878
0.022452
0.052476
0.007408
0.000000
0.000000
0.000000
0.005675
0.000185
0.001086
0.005893
0.059888
0.022917
0.000000
0.000000
0.000000
0.000465
0.001513
0.002912
0.009700
0.040662
0.006556
0.000000
0.000000
0.000000
0.001648
0.000570
0.001769
0.004741
0.038444
0.012586
0.000000
0.000000
0.000000
0.005675
0.000185
0.001086
0.005893
0.059888
0.022917
0.000000
0.000000
0.000000
0.000230
0.000000
0.000560
0.005512
0.057283
0.025698
0.000000
0.000000
0.000000
0.001648
0.000570
0.001769
0.004741
0.038444
0.012586
0.000000
0.000000
0.000000
0.000153
0.000221
0.001529
0.007362
0.031859
0.008000
0.000000
0.000000
0.000000
0.000230
0.000000
0.000560
0.005512
0.057283
0.025698
0.000000
0.000000
0.000000
0.004854
0.000215
0.001220
0.004756
0.046596
0.016046
0.000000
0.000000
0.000000
0.000153
0.000221
0.001529
0.007362
0.031859
0.008000
0.000000
0.000000
0.000000
0.002915
0.005171
0.008179
0.009420
0.020522
0.006634
0.000000
0.000000
0.000000
0.004854
0.000215
0.001220
0.004756
0.046596
0.016046
0.000000
0.000000
0.000000
0.002185
0.001067
0.001922
0.004378
0.042293
0.016343
0.000000
0.000000
0.000000
0.002915
0.005171
0.008179
0.009420
0.020522
0.006634
0.000000
0.000000
0.000000
0.000134
0.000333
0.000935
0.003496
0.035835
0.014256
0.000000
0.000000
0.000000
0.002185
0.001067
0.001922
0.004378
0.042293
0.016343
0.000000
0.000000
0.000000
0.003990
0.000370
0.001023
0.007541
0.043432
0.012981
0.000000
0.000000
0.000000
0.000134
0.000333
0.000935
0.003496
0.035835
0.014256
0.000000
0.000000
0.000000
0.002121
0.000101
0.000117
0.005816
0.042502
0.008488
0.000000
0.000000
0.000000
0.003990
0.000370
0.001023
0.007541
0.043432
0.012981
0.000000
0.000000
0.000000
0.001056
0.001069
0.001817
0.003241
0.032103
0.011199
0.000000
0.000000
0.000000
0.002121
0.000101
0.000117
0.005816
0.042502
0.008488
0.000000
0.000000
0.000000
0.000038
0.000411
0.001602
0.007068
0.031743
0.009795
0.000000
0.000000
0.000000
0.000402
0.000970
0.002426
0.003206
0.002641
0.000203
0.000000
0.000000
0.000000
0.002094
0.004981
0.007455
0.005049
0.003736
0.000251
0.000000
0.000000
0.000000
0.001564
0.000724
0.001528
0.002601
0.003369
0.000178
0.000000
0.000000
0.000000
0.000460
0.001158
0.001852
0.005322
0.014806
0.002479
0.000000
0.000000
0.000000
0.002094
0.004981
0.007455
0.005049
0.003736
0.000251
0.000000
0.000000
0.000000
0.001660
0.000532
0.004018
0.009862
0.015254
0.001130
0.000000
0.000000
0.000000
0.000460
0.001158
0.001852
0.005322
0.014806
0.002479
0.000000
0.000000
0.000000
0.000909
0.000989
0.002443
0.006392
0.031189
0.006321
0.000000
0.000000
0.000000
0.001660
0.000532
0.004018
0.009862
0.015254
0.001130
0.000000
0.000000
0.000000
0.001657
0.002422
0.002231
0.007860
0.043119
0.007969
0.000000
0.000000
0.000000
0.000909
0.000989
0.002443
0.006392
0.031189
0.006321
0.000000
0.000000
0.000000
0.001284
0.000342
0.000520
0.005747
0.042132
0.010059
0.000000
0.000000
0.000000
0.001657
0.002422
0.002231
0.007860
0.043119
0.007969
0.000000
0.000000
0.000000
0.002056
0.001053
0.004025
0.010196
0.057870
0.010845
0.000000
0.000000
0.000000
0.001284
0.000342
0.000520
0.005747
0.042132
0.010059
0.000000
0.000000
0.000000
0.000326
0.000176
0.001437
0.002880
0.044733
0.012487
0.000000
0.000000
0.000000
0.002056
0.001053
0.004025
0.010196
0.057870
0.010845
0.000000
0.000000
0.000000
0.000465
0.001513
0.002912
0.009700
0.040662
0.006556
0.000000
0.000000
0.000000
0.000326
0.000176
0.001437
0.002880
0.044733
0.012487
0.000000
0.000000
0.000000
0.001744
0.000269
0.002228
0.011578
0.037351
0.010690
0.000000
0.000000
0.000000
0.000465
0.001513
0.002912
0.009700
0.040662
0.006556
0.000000
0.000000
0.000000
0.001648
0.000570
0.001769
0.004741
0.038444
0.012586
0.000000
0.000000
0.000000
0.001744
0.000269
0.002228
0.011578
0.037351
0.010690
0.000000
0.000000
0.000000
0.002189
0.000762
0.000423
0.002651
0.034924
0.011261
0.000000
0.000000
0.000000
0.001648
0.000570
0.001769
0.004741
0.038444
0.012586
0.000000
0.000000
0.000000
0.000153
0.000221
0.001529
0.007362
0.031859
0.008000
0.000000
0.000000
0.000000
0.002189
0.000762
0.000423
0.002651
0.034924
0.011261
0.000000
0.000000
0.000000
0.001878
0.000303
0.002439
0.003498
0.018884
0.005378
0.000000
0.000000
0.000000
0.000153
0.000221
0.001529
0.007362
0.031859
0.008000
0.000000
0.000000
0.000000
0.002915
0.005171
0.008179
0.009420
0.020522
0.006634
0.000000
0.000000
0.000000
0.001878
0.000303
0.002439
0.003498
0.018884
0.005378
0.000000
0.000000
0.000000
0.001514
0.001028
0.001123
0.006005
0.028196
0.005396
0.000000
0.000000
0.000000
0.002915
0.005171
0.008179
0.009420
0.020522
0.006634
0.000000
0.000000
0.000000
0.000134
0.000333
0.000935
0.003496
0.035835
0.014256
0.000000
0.000000
0.000000
0.001514
0.001028
0.001123
0.006005
0.028196
0.005396
0.000000
0.000000
0.000000
0.001918
0.000727
0.001074
0.002590
0.026165
0.010386
0.000000
0.000000
0.000000
0.000134
0.000333
0.000935
0.003496
0.035835
0.014256
0.000000
0.000000
0.000000
0.002121
0.000101
0.000117
0.005816
0.042502
0.008488
0.000000
0.000000
0.000000
0.001918
0.000727
0.001074
0.002590
0.026165
0.010386
0.000000
0.000000
0.000000
0.001556
0.000332
0.000389
0.002202
0.034519
0.011947
0.000000
0.000000
0.000000
0.002121
0.000101
0.000117
0.005816
0.042502
0.008488
0.000000
0.000000
0.000000
0.000038
0.000411
0.001602
0.007068
0.031743
0.009795
0.000000
0.000000
0.000000
0.001556
0.000332
0.000389
0.002202
0.034519
0.011947
0.000000
0.000000
0.000000
0.000052
0.000185
0.000476
0.002072
0.027806
0.010008
0.000000
0.000000
0.000000
