0.001362
0.001252
0.000679
0.001059
0.001136
0.000025
0.000000
0.000000
0.000000
0.000493
0.000860
0.001266
0.001427
0.000822
0.000049
0.000000
0.000000
0.000000
0.000487
0.000216
0.000661
0.001210
0.001099
0.000077
0.000000
0.000000
0.000000
0.000892
0.000516
0.001172
0.001610
0.001899
0.000159
0.000000
0.000000
0.000000
0.000493
0.000860
0.001266
0.001427
0.000822
0.000049
0.000000
0.000000
0.000000
0.000244
0.000681
0.001582
0.001734
0.002035
0.000298
0.000000
0.000000
0.000000
0.000892
0.000516
0.001172
0.001610
0.001899
0.000159
0.000000
0.000000
0.000000
0.001321
0.001197
0.001606
0.001344
0.000478
0.000003
0.000000
0.000000
0.000000
0.000244
0.000681
0.001582
0.001734
0.002035
0.000298
0.000000
0.000000
0.000000
0.000742
0.001119
0.002347
0.002814
0.001620
0.000049
0.000000
0.000000
0.000000
0.001321
0.001197
0.001606
0.001344
0.000478
0.000003
0.000000
0.000000
0.000000
0.000558
0.001317
0.001393
0.001394
0.001116
0.000035
0.000000
0.000000
0.000000
0.000742
0.001119
0.002347
0.002814
0.001620
0.000049
0.000000
0.000000
0.000000
0.000725
0.000969
0.000672
0.001343
0.000664
0.000000
0.000000
0.000000
0.000000
0.000558
0.001317
0.001393
0.001394
0.001116
0.000035
0.000000
0.000000
0.000000
0.000680
0.001426
0.001777
0.001687
0.001238
0.000038
0.000000
0.000000
0.000000
0.000725
0.000969
0.000672
0.001343
0.000664
0.000000
0.000000
0.000000
0.000000
0.000446
0.000490
0.000930
0.001047
0.000862
0.000027
0.000000
0.000000
0.000000
0.000680
0.001426
0.001777
0.001687
0.001238
0.000038
0.000000
0.000000
0.000000
0.000709
0.000772
0.001913
0.001318
0.001493
0.000123
0.000000
0.000000
0.000000
0.000446
0.000490
0.000930
0.001047
0.000862
0.000027
0.000000
0.000000
0.000000
0.000329
0.000415
0.001294
0.001327
0.001299
0.000034
0.000000
0.000000
0.000000
0.000709
0.000772
0.001913
0.001318
0.001493
0.000123
0.000000
0.000000
0.000000
0.000620
0.000742
0.000766
0.001166
0.001194
0.000075
0.000000
0.000000
0.000000
0.000329
0.000415
0.001294
0.001327
0.001299
0.000034
0.000000
0.000000
0.000000
0.000553
0.000396
0.000614
0.001464
0.002046
0.000115
0.000000
0.000000
0.000000
0.000620
0.000742
0.000766
0.001166
0.001194
0.000075
0.000000
0.000000
0.000000
0.000352
0.001047
0.001117
0.001602
0.000880
0.000000
0.000000
0.000000
0.000000
0.000553
0.000396
0.000614
0.001464
0.002046
0.000115
0.000000
0.000000
0.000000
0.000775
0.000636
0.000817
0.001082
0.000900
0.000055
0.000000
0.000000
0.000000
0.000352
0.001047
0.001117
0.001602
0.000880
0.000000
0.000000
0.000000
0.000000
0.000376
0.000874
0.001293
0.001767
0.001053
0.000044
0.000000
0.000000
0.000000
0.000775
0.000636
0.000817
0.001082
0.000900
0.000055
0.000000
0.000000
0.000000
0.001103
0.000866
0.002126
0.003358
0.001900
0.000099
0.000000
0.000000
0.000000
0.000376
0.000874
0.001293
0.001767
0.001053
0.000044
0.000000
0.000000
0.000000
0.000835
0.000396
0.001385
0.001484
0.001186
0.000092
0.000000
0.000000
0.000000
0.001103
0.000866
0.002126
0.003358
0.001900
0.000099
0.000000
0.000000
0.000000
0.000475
0.001043
0.001945
0.001639
0.001710
0.000249
0.000000
0.000000
0.000000
0.000835
0.000396
0.001385
0.001484
0.001186
0.000092
0.000000
0.000000
0.000000
0.000585
0.000832
0.002089
0.002389
0.001345
0.000067
0.000000
0.000000
0.000000
0.000475
0.001043
0.001945
0.001639
0.001710
0.000249
0.000000
0.000000
0.000000
0.000388
0.000803
0.000757
0.000479
0.000173
0.000035
0.000000
0.000000
0.000000
0.000585
0.000832
0.002089
0.002389
0.001345
0.000067
0.000000
0.000000
0.000000
0.000421
0.000792
0.001071
0.000720
0.000582
0.000053
0.000000
0.000000
0.000000
0.000487
0.000216
0.000661
0.001210
0.001099
0.000077
0.000000
0.000000
0.000000
0.000892
0.000516
0.001172
0.001610
0.001899
0.000159
0.000000
0.000000
0.000000
0.000646
0.000736
0.001116
0.000667
0.000501
0.000000
0.000000
0.000000
0.000000
0.000444
0.000408
0.000861
0.001190
0.000737
0.000000
0.000000
0.000000
0.000000
0.000892
0.000516
0.001172
0.001610
0.001899
0.000159
0.000000
0.000000
0.000000
0.001321
0.001197
0.001606
0.001344
0.000478
0.000003
0.000000
0.000000
0.000000
0.000444
0.000408
0.000861
0.001190
0.000737
0.000000
0.000000
0.000000
0.000000
0.000547
0.000779
0.001504
0.001803
0.001456
0.000078
0.000000
0.000000
0.000000
0.001321
0.001197
0.001606
0.001344
0.000478
0.000003
0.000000
0.000000
0.000000
0.000558
0.001317
0.001393
0.001394
0.001116
0.000035
0.000000
0.000000
0.000000
0.000547
0.000779
0.001504
0.001803
0.001456
0.000078
0.000000
0.000000
0.000000
0.000629
0.000944
0.001143
0.001246
0.000918
0.000036
0.000000
0.000000
0.000000
0.000558
0.001317
0.001393
0.001394
0.001116
0.000035
0.000000
0.000000
0.000000
0.000680
0.001426
0.001777
0.001687
0.001238
0.000038
0.000000
0.000000
0.000000
0.000629
0.000944
0.001143
0.001246
0.000918
0.000036
0.000000
0.000000
0.000000
0.000567
0.000345
0.000961
0.001853
0.001616
0.000117
0.000000
0.000000
0.000000
0.000680
0.001426
0.001777
0.001687
0.001238
0.000038
0.000000
0.000000
0.000000
0.000709
0.000772
0.001913
0.001318
0.001493
0.000123
0.000000
0.000000
0.000000
0.000567
0.000345
0.000961
0.001853
0.001616
0.000117
0.000000
0.000000
0.000000
0.000506
0.000869
0.001108
0.001743
0.001023
0.000021
0.000000
0.000000
0.000000
0.000709
0.000772
0.001913
0.001318
0.001493
0.000123
0.000000
0.000000
0.000000
0.000620
0.000742
0.000766
0.001166
0.001194
0.000075
0.000000
0.000000
0.000000
0.000506
0.000869
0.001108
0.001743
0.001023
0.000021
0.000000
0.000000
0.000000
0.000188
0.000469
0.000834
0.001926
0.001785
0.000013
0.000000
0.000000
0.000000
0.000620
0.000742
0.000766
0.001166
0.001194
0.000075
0.000000
0.000000
0.000000
0.000352
0.001047
0.001117
0.001602
0.000880
0.000000
0.000000
0.000000
0.000000
0.000188
0.000469
0.000834
0.001926
0.001785
0.000013
0.000000
0.000000
0.000000
0.000463
0.000936
0.000981
0.001522
0.001399
0.000024
0.000000
0.000000
0.000000
0.000352
0.001047
0.001117
0.001602
0.000880
0.000000
0.000000
0.000000
0.000000
0.000376
0.000874
0.001293
0.001767
0.001053
0.000044
0.000000
0.000000
0.000000
0.000463
0.000936
0.000981
0.001522
0.001399
0.000024
0.000000
0.000000
0.000000
0.000923
0.001381
0.001695
0.001884
0.001832
0.000054
0.000000
0.000000
0.000000
0.000376
0.000874
0.001293
0.001767
0.001053
0.000044
0.000000
0.000000
0.000000
0.000835
0.000396
0.001385
0.001484
0.001186
0.000092
0.000000
0.000000
0.000000
0.000923
0.001381
0.001695
0.001884
0.001832
0.000054
0.000000
0.000000
0.000000
0.000570
0.001873
0.002600
0.002252
0.001148
0.000005
0.000000
0.000000
0.000000
0.000835
0.000396
0.001385
0.001484
0.001186
0.000092
0.000000
0.000000
0.000000
0.000585
0.000832
0.002089
0.002389
0.001345
0.000067
0.000000
0.000000
0.000000
0.000570
0.001873
0.002600
0.002252
0.001148
0.000005
0.000000
0.000000
0.000000
0.000974
0.001883
0.002376
0.002652
0.001698
0.000251
0.000000
0.000000
0.000000
0.000585
0.000832
0.002089
0.002389
0.001345
0.000067
0.000000
0.000000
0.000000
0.000421
0.000792
0.001071
0.000720
0.000582
0.000053
0.000000
0.000000
0.000000
0.000974
0.001883
0.002376
0.002652
0.001698
0.000251
0.000000
0.000000
0.000000
0.000456
0.000320
0.001341
0.002018
0.001903
0.000102
0.000000
0.000000
0.000000
0.000646
0.000736
0.001116
0.000667
0.000501
0.000000
0.000000
0.000000
0.000000
0.000444
0.000408
0.000861
0.001190
0.000737
0.000000
0.000000
0.000000
0.000000
0.000501
0.000393
0.000788
0.001487
0.000993
0.000021
0.000000
0.000000
0.000000
0.000307
0.000749
0.001064
0.001859
0.000793
0.000036
0.000000
0.000000
0.000000
0.000444
0.000408
0.000861
0.001190
0.000737
0.000000
0.000000
0.000000
0.000000
0.000547
0.000779
0.001504
0.001803
0.001456
0.000078
0.000000
0.000000
0.000000
0.000307
0.000749
0.001064
0.001859
0.000793
0.000036
0.000000
0.000000
0.000000
0.001218
0.000985
0.001172
0.001629
0.001316
0.000092
0.000000
0.000000
0.000000
0.000547
0.000779
0.001504
0.001803
0.001456
0.000078
0.000000
0.000000
0.000000
0.000629
0.000944
0.001143
0.001246
0.000918
0.000036
0.000000
0.000000
0.000000
0.001218
0.000985
0.001172
0.001629
0.001316
0.000092
0.000000
0.000000
0.000000
0.000696
0.000741
0.001130
0.001258
0.000376
0.000011
0.000000
0.000000
0.000000
0.000629
0.000944
0.001143
0.001246
0.000918
0.000036
0.000000
0.000000
0.000000
0.000567
0.000345
0.000961
0.001853
0.001616
0.000117
0.000000
0.000000
0.000000
0.000696
0.000741
0.001130
0.001258
0.000376
0.000011
0.000000
0.000000
0.000000
0.000720
0.000839
0.001107
0.000704
0.000406
0.000000
0.000000
0.000000
0.000000
0.000567
0.000345
0.000961
0.001853
0.001616
0.000117
0.000000
0.000000
0.000000
0.000506
0.000869
0.001108
0.001743
0.001023
0.000021
0.000000
0.000000
0.000000
0.000720
0.000839
0.001107
0.000704
0.000406
0.000000
0.000000
0.000000
0.000000
0.002138
0.020076
0.046037
0.009711
0.001273
0.000000
0.000000
0.000000
0.000000
0.000506
0.000869
0.001108
0.001743
0.001023
0.000021
0.000000
0.000000
0.000000
0.000188
0.000469
0.000834
0.001926
0.001785
0.000013
0.000000
0.000000
0.000000
0.002138
0.020076
0.046037
0.009711
0.001273
0.000000
0.000000
0.000000
0.000000
0.014362
0.021208
0.023827
0.038408
0.041344
0.006394
0.000000
0.000000
0.000000
0.000188
0.000469
0.000834
0.001926
0.001785
0.000013
0.000000
0.000000
0.000000
0.000463
0.000936
0.000981
0.001522
0.001399
0.000024
0.000000
0.000000
0.000000
0.014362
0.021208
0.023827
0.038408
0.041344
0.006394
0.000000
0.000000
0.000000
0.000576
0.001259
0.001366
0.000715
0.000693
0.000036
0.000000
0.000000
0.000000
0.000463
0.000936
0.000981
0.001522
0.001399
0.000024
0.000000
0.000000
0.000000
0.000923
0.001381
0.001695
0.001884
0.001832
0.000054
0.000000
0.000000
0.000000
0.000576
0.001259
0.001366
0.000715
0.000693
0.000036
0.000000
0.000000
0.000000
0.001448
0.002150
0.001773
0.002075
0.001060
0.000050
0.000000
0.000000
0.000000
0.000923
0.001381
0.001695
0.001884
0.001832
0.000054
0.000000
0.000000
0.000000
0.000570
0.001873
0.002600
0.002252
0.001148
0.000005
0.000000
0.000000
0.000000
0.001448
0.002150
0.001773
0.002075
0.001060
0.000050
0.000000
0.000000
0.000000
0.000307
0.001172
0.001562
0.000786
0.000561
0.000013
0.000000
0.000000
0.000000
0.000570
0.001873
0.002600
0.002252
0.001148
0.000005
0.000000
0.000000
0.000000
0.000974
0.001883
0.002376
0.002652
0.001698
0.000251
0.000000
0.000000
0.000000
0.000307
0.001172
0.001562
0.000786
0.000561
0.000013
0.000000
0.000000
0.000000
0.000652
0.000454
0.000316
0.000912
0.001491
0.000086
0.000000
0.000000
0.000000
0.000974
0.001883
0.002376
0.002652
0.001698
0.000251
0.000000
0.000000
0.000000
0.000456
0.000320
0.001341
0.002018
0.001903
0.000102
0.000000
0.000000
0.000000
0.000652
0.000454
0.000316
0.000912
0.001491
0.000086
0.000000
0.000000
0.000000
0.000368
0.000426
0.000826
0.001500
0.001736
0.000141
0.000000
0.000000
0.000000
0.000501
0.000393
0.000788
0.001487
0.000993
0.000021
0.000000
0.000000
0.000000
0.000307
0.000749
0.001064
0.001859
0.000793
0.000036
0.000000
0.000000
0.000000
0.000303
0.000200
0.001193
0.001768
0.001747
0.000005
0.000000
0.000000
0.000000
0.000764
0.001341
0.000912
0.001514
0.000576
0.000000
0.000000
0.000000
0.000000
0.000307
0.000749
0.001064
0.001859
0.000793
0.000036
0.000000
0.000000
0.000000
0.001218
0.000985
0.001172
0.001629
0.001316
0.000092
0.000000
0.000000
0.000000
0.000764
0.001341
0.000912
0.001514
0.000576
0.000000
0.000000
0.000000
0.000000
0.000567
0.000827
0.001312
0.001082
0.001211
0.000025
0.000000
0.000000
0.000000
0.001218
0.000985
0.001172
0.001629
0.001316
0.000092
0.000000
0.000000
0.000000
0.000696
0.000741
0.001130
0.001258
0.000376
0.000011
0.000000
0.000000
0.000000
0.000567
0.000827
0.001312
0.001082
0.001211
0.000025
0.000000
0.000000
0.000000
0.000646
0.000800
0.001535
0.001763
0.002251
0.000121
0.000000
0.000000
0.000000
0.000696
0.000741
0.001130
0.001258
0.000376
0.000011
0.000000
0.000000
0.000000
0.000720
0.000839
0.001107
0.000704
0.000406
0.000000
0.000000
0.000000
0.000000
0.000646
0.000800
0.001535
0.001763
0.002251
0.000121
0.000000
0.000000
0.000000
0.000911
0.001241
0.001393
0.001209
0.001647
0.000063
0.000000
0.000000
0.000000
0.000720
0.000839
0.001107
0.000704
0.000406
0.000000
0.000000
0.000000
0.000000
0.002138
0.020076
0.046037
0.009711
0.001273
0.000000
0.000000
0.000000
0.000000
0.000911
0.001241
0.001393
0.001209
0.001647
0.000063
0.000000
0.000000
0.000000
0.025071
0.047908
0.057280
0.044472
0.002158
0.000000
0.000000
0.000000
0.000000
0.002138
0.020076
0.046037
0.009711
0.001273
0.000000
0.000000
0.000000
0.000000
0.014362
0.021208
0.023827
0.038408
0.041344
0.006394
0.000000
0.000000
0.000000
0.025071
0.047908
0.057280
0.044472
0.002158
0.000000
0.000000
0.000000
0.000000
0.023907
0.065311
0.057017
0.043701
0.017158
0.002906
0.000000
0.000000
0.000000
0.014362
0.021208
0.023827
0.038408
0.041344
0.006394
0.000000
0.000000
0.000000
0.000576
0.001259
0.001366
0.000715
0.000693
0.000036
0.000000
0.000000
0.000000
0.023907
0.065311
0.057017
0.043701
0.017158
0.002906
0.000000
0.000000
0.000000
0.000579
0.002496
0.003141
0.002265
0.001473
0.000041
0.000000
0.000000
0.000000
0.000576
0.001259
0.001366
0.000715
0.000693
0.000036
0.000000
0.000000
0.000000
0.001448
0.002150
0.001773
0.002075
0.001060
0.000050
0.000000
0.000000
0.000000
0.000579
0.002496
0.003141
0.002265
0.001473
0.000041
0.000000
0.000000
0.000000
0.001059
0.000806
0.001735
0.002650
0.001517
0.000029
0.000000
0.000000
0.000000
0.001448
0.002150
0.001773
0.002075
0.001060
0.000050
0.000000
0.000000
0.000000
0.000307
0.001172
0.001562
0.000786
0.000561
0.000013
0.000000
0.000000
0.000000
0.001059
0.000806
0.001735
0.002650
0.001517
0.000029
0.000000
0.000000
0.000000
0.000596
0.000666
0.001673
0.002786
0.002426
0.000083
0.000000
0.000000
0.000000
0.000307
0.001172
0.001562
0.000786
0.000561
0.000013
0.000000
0.000000
0.000000
0.000652
0.000454
0.000316
0.000912
0.001491
0.000086
0.000000
0.000000
0.000000
0.000596
0.000666
0.001673
0.002786
0.002426
0.000083
0.000000
0.000000
0.000000
0.000833
0.000946
0.001653
0.001995
0.002297
0.000181
0.000000
0.000000
0.000000
0.000652
0.000454
0.000316
0.000912
0.001491
0.000086
0.000000
0.000000
0.000000
0.000368
0.000426
0.000826
0.001500
0.001736
0.000141
0.000000
0.000000
0.000000
0.000833
0.000946
0.001653
0.001995
0.002297
0.000181
0.000000
0.000000
0.000000
0.000694
0.000328
0.000909
0.002487
0.002119
0.000119
0.000000
0.000000
0.000000
0.000303
0.000200
0.001193
0.001768
0.001747
0.000005
0.000000
0.000000
0.000000
0.000764
0.001341
0.000912
0.001514
0.000576
0.000000
0.000000
0.000000
0.000000
0.000691
0.001817
0.001774
0.001663
0.002474
0.000112
0.000000
0.000000
0.000000
0.000801
0.002578
0.002490
0.002824
0.002208
0.000153
0.000000
0.000000
0.000000
0.000764
0.001341
0.000912
0.001514
0.000576
0.000000
0.000000
0.000000
0.000000
0.000567
0.000827
0.001312
0.001082
0.001211
0.000025
0.000000
0.000000
0.000000
0.000801
0.002578
0.002490
0.002824
0.002208
0.000153
0.000000
0.000000
0.000000
0.000940
0.001102
0.002205
0.001155
0.000990
0.000045
0.000000
0.000000
0.000000
0.000567
0.000827
0.001312
0.001082
0.001211
0.000025
0.000000
0.000000
0.000000
0.000646
0.000800
0.001535
0.001763
0.002251
0.000121
0.000000
0.000000
0.000000
0.000940
0.001102
0.002205
0.001155
0.000990
0.000045
0.000000
0.000000
0.000000
0.000498
0.000709
0.001343
0.001328
0.000687
0.000025
0.000000
0.000000
0.000000
0.000646
0.000800
0.001535
0.001763
0.002251
0.000121
0.000000
0.000000
0.000000
0.000911
0.001241
0.001393
0.001209
0.001647
0.000063
0.000000
0.000000
0.000000
0.000498
0.000709
0.001343
0.001328
0.000687
0.000025
0.000000
0.000000
0.000000
0.009774
0.034613
0.028064
0.036558
0.009116
0.000253
0.000000
0.000000
0.000000
0.000911
0.001241
0.001393
0.001209
0.001647
0.000063
0.000000
0.000000
0.000000
0.025071
0.047908
0.057280
0.044472
0.002158
0.000000
0.000000
0.000000
0.000000
0.009774
0.034613
0.028064
0.036558
0.009116
0.000253
0.000000
0.000000
0.000000
0.008997
0.029299
0.078218
0.090451
0.039735
0.005676
0.000000
0.000000
0.000000
0.025071
0.047908
0.057280
0.044472
0.002158
0.000000
0.000000
0.000000
0.000000
0.023907
0.065311
0.057017
0.043701
0.017158
0.002906
0.000000
0.000000
0.000000
0.008997
0.029299
0.078218
0.090451
0.039735
0.005676
0.000000
0.000000
0.000000
0.005520
0.064545
0.040229
0.032909
0.027768
0.002957
0.000000
0.000000
0.000000
0.023907
0.065311
0.057017
0.043701
0.017158
0.002906
0.000000
0.000000
0.000000
0.000579
0.002496
0.003141
0.002265
0.001473
0.000041
0.000000
0.000000
0.000000
0.005520
0.064545
0.040229
0.032909
0.027768
0.002957
0.000000
0.000000
0.000000
0.002386
0.096925
0.046275
0.002210
0.000376
0.000005
0.000000
0.000000
0.000000
0.000579
0.002496
0.003141
0.002265
0.001473
0.000041
0.000000
0.000000
0.000000
0.001059
0.000806
0.001735
0.002650
0.001517
0.000029
0.000000
0.000000
0.000000
0.002386
0.096925
0.046275
0.002210
0.000376
0.000005
0.000000
0.000000
0.000000
0.000775
0.001581
0.001535
0.001992
0.001485
0.000130
0.000000
0.000000
0.000000
0.001059
0.000806
0.001735
0.002650
0.001517
0.000029
0.000000
0.000000
0.000000
0.000596
0.000666
0.001673
0.002786
0.002426
0.000083
0.000000
0.000000
0.000000
0.000775
0.001581
0.001535
0.001992
0.001485
0.000130
0.000000
0.000000
0.000000
0.000859
0.001971
0.001862
0.001112
0.000595
0.000013
0.000000
0.000000
0.000000
0.000596
0.000666
0.001673
0.002786
0.002426
0.000083
0.000000
0.000000
0.000000
0.000833
0.000946
0.001653
0.001995
0.002297
0.000181
0.000000
0.000000
0.000000
0.000859
0.001971
0.001862
0.001112
0.000595
0.000013
0.000000
0.000000
0.000000
0.001268
0.000799
0.001301
0.001173
0.000799
0.000092
0.000000
0.000000
0.000000
0.000833
0.000946
0.001653
0.001995
0.002297
0.000181
0.000000
0.000000
0.000000
0.000694
0.000328
0.000909
0.002487
0.002119
0.000119
0.000000
0.000000
0.000000
0.001268
0.000799
0.001301
0.001173
0.000799
0.000092
0.000000
0.000000
0.000000
0.000330
0.001040
0.002447
0.002195
0.001398
0.000088
0.000000
0.000000
0.000000
0.000691
0.001817
0.001774
0.001663
0.002474
0.000112
0.000000
0.000000
0.000000
0.000801
0.002578
0.002490
0.002824
0.002208
0.000153
0.000000
0.000000
0.000000
0.000820
0.001303
0.001155
0.001521
0.001031
0.000010
0.000000
0.000000
0.000000
0.000991
0.001057
0.002252
0.002945
0.002359
0.000120
0.000000
0.000000
0.000000
0.000801
0.002578
0.002490
0.002824
0.002208
0.000153
0.000000
0.000000
0.000000
0.000940
0.001102
0.002205
0.001155
0.000990
0.000045
0.000000
0.000000
0.000000
0.000991
0.001057
0.002252
0.002945
0.002359
0.000120
0.000000
0.000000
0.000000
0.000564
0.000670
0.000988
0.001941
0.002993
0.000259
0.000000
0.000000
0.000000
0.000940
0.001102
0.002205
0.001155
0.000990
0.000045
0.000000
0.000000
0.000000
0.000498
0.000709
0.001343
0.001328
0.000687
0.000025
0.000000
0.000000
0.000000
0.000564
0.000670
0.000988
0.001941
0.002993
0.000259
0.000000
0.000000
0.000000
0.003734
0.007047
0.004386
0.002438
0.001867
0.000168
0.000000
0.000000
0.000000
0.000498
0.000709
0.001343
0.001328
0.000687
0.000025
0.000000
0.000000
0.000000
0.009774
0.034613
0.028064
0.036558
0.009116
0.000253
0.000000
0.000000
0.000000
0.003734
0.007047
0.004386
0.002438
0.001867
0.000168
0.000000
0.000000
0.000000
0.021460
0.052147
0.038731
0.017176
0.014710
0.001074
0.000000
0.000000
0.000000
0.009774
0.034613
0.028064
0.036558
0.009116
0.000253
0.000000
0.000000
0.000000
0.008997
0.029299
0.078218
0.090451
0.039735
0.005676
0.000000
0.000000
0.000000
0.021460
0.052147
0.038731
0.017176
0.014710
0.001074
0.000000
0.000000
0.000000
0.014648
0.032762
0.033721
0.035883
0.039838
0.013898
0.000000
0.000000
0.000000
0.008997
0.029299
0.078218
0.090451
0.039735
0.005676
0.000000
0.000000
0.000000
0.005520
0.064545
0.040229
0.032909
0.027768
0.002957
0.000000
0.000000
0.000000
0.014648
0.032762
0.033721
0.035883
0.039838
0.013898
0.000000
0.000000
0.000000
0.005897
0.008294
0.014921
0.038907
0.106269
0.015205
0.000000
0.000000
0.000000
0.005520
0.064545
0.040229
0.032909
0.027768
0.002957
0.000000
0.000000
0.000000
0.002386
0.096925
0.046275
0.002210
0.000376
0.000005
0.000000
0.000000
0.000000
0.005897
0.008294
0.014921
0.038907
0.106269
0.015205
0.000000
0.000000
0.000000
0.017210
0.055354
0.040960
0.014550
0.010528
0.001044
0.000000
0.000000
0.000000
0.002386
0.096925
0.046275
0.002210
0.000376
0.000005
0.000000
0.000000
0.000000
0.000775
0.001581
0.001535
0.001992
0.001485
0.000130
0.000000
0.000000
0.000000
0.017210
0.055354
0.040960
0.014550
0.010528
0.001044
0.000000
0.000000
0.000000
0.003279
0.001498
0.002342
0.004369
0.002809
0.000209
0.000000
0.000000
0.000000
0.000775
0.001581
0.001535
0.001992
0.001485
0.000130
0.000000
0.000000
0.000000
0.000859
0.001971
0.001862
0.001112
0.000595
0.000013
0.000000
0.000000
0.000000
0.003279
0.001498
0.002342
0.004369
0.002809
0.000209
0.000000
0.000000
0.000000
0.001643
0.001864
0.002226
0.001910
0.002982
0.000132
0.000000
0.000000
0.000000
0.000859
0.001971
0.001862
0.001112
0.000595
0.000013
0.000000
0.000000
0.000000
0.001268
0.000799
0.001301
0.001173
0.000799
0.000092
0.000000
0.000000
0.000000
0.001643
0.001864
0.002226
0.001910
0.002982
0.000132
0.000000
0.000000
0.000000
0.000758
0.001458
0.002707
0.002968
0.002048
0.000140
0.000000
0.000000
0.000000
0.001268
0.000799
0.001301
0.001173
0.000799
0.000092
0.000000
0.000000
0.000000
0.000330
0.001040
0.002447
0.002195
0.001398
0.000088
0.000000
0.000000
0.000000
0.000758
0.001458
0.002707
0.002968
0.002048
0.000140
0.000000
0.000000
0.000000
0.001231
0.001609
0.001826
0.002502
0.001726
0.000123
0.000000
0.000000
0.000000
0.000820
0.001303
0.001155
0.001521
0.001031
0.000010
0.000000
0.000000
0.000000
0.000991
0.001057
0.002252
0.002945
0.002359
0.000120
0.000000
0.000000
0.000000
0.001371
0.001378
0.002361
0.001772
0.001753
0.000220
0.000000
0.000000
0.000000
0.000743
0.001827
0.001018
0.001533
0.000889
0.000075
0.000000
0.000000
0.000000
0.000991
0.001057
0.002252
0.002945
0.002359
0.000120
0.000000
0.000000
0.000000
0.000564
0.000670
0.000988
0.001941
0.002993
0.000259
0.000000
0.000000
0.000000
0.000743
0.001827
0.001018
0.001533
0.000889
0.000075
0.000000
0.000000
0.000000
0.000882
0.001356
0.003065
0.002086
0.000652
0.000000
0.000000
0.000000
0.000000
0.000564
0.000670
0.000988
0.001941
0.002993
0.000259
0.000000
0.000000
0.000000
0.003734
0.007047
0.004386
0.002438
0.001867
0.000168
0.000000
0.000000
0.000000
0.000882
0.001356
0.003065
0.002086
0.000652
0.000000
0.000000
0.000000
0.000000
0.020215
0.019548
0.009659
0.002291
0.000823
0.000025
0.000000
0.000000
0.000000
0.003734
0.007047
0.004386
0.002438
0.001867
0.000168
0.000000
0.000000
0.000000
0.021460
0.052147
0.038731
0.017176
0.014710
0.001074
0.000000
0.000000
0.000000
0.020215
0.019548
0.009659
0.002291
0.000823
0.000025
0.000000
0.000000
0.000000
0.058663
0.042074
0.006517
0.001078
0.000409
0.000076
0.000000
0.000000
0.000000
0.021460
0.052147
0.038731
0.017176
0.014710
0.001074
0.000000
0.000000
0.000000
0.014648
0.032762
0.033721
0.035883
0.039838
0.013898
0.000000
0.000000
0.000000
0.058663
0.042074
0.006517
0.001078
0.000409
0.000076
0.000000
0.000000
0.000000
0.007538
0.032799
0.008968
0.004325
0.003853
0.000185
0.000000
0.000000
0.000000
0.014648
0.032762
0.033721
0.035883
0.039838
0.013898
0.000000
0.000000
0.000000
0.005897
0.008294
0.014921
0.038907
0.106269
0.015205
0.000000
0.000000
0.000000
0.007538
0.032799
0.008968
0.004325
0.003853
0.000185
0.000000
0.000000
0.000000
0.020781
0.021062
0.003692
0.002215
0.000765
0.000082
0.000000
0.000000
0.000000
0.005897
0.008294
0.014921
0.038907
0.106269
0.015205
0.000000
0.000000
0.000000
0.017210
0.055354
0.040960
0.014550
0.010528
0.001044
0.000000
0.000000
0.000000
0.020781
0.021062
0.003692
0.002215
0.000765
0.000082
0.000000
0.000000
0.000000
0.046998
0.045382
0.016479
0.011973
0.003821
0.000000
0.000000
0.000000
0.000000
0.017210
0.055354
0.040960
0.014550
0.010528
0.001044
0.000000
0.000000
0.000000
0.003279
0.001498
0.002342
0.004369
0.002809
0.000209
0.000000
0.000000
0.000000
0.046998
0.045382
0.016479
0.011973
0.003821
0.000000
0.000000
0.000000
0.000000
0.011390
0.030662
0.010000
0.001361
0.000921
0.000021
0.000000
0.000000
0.000000
0.003279
0.001498
0.002342
0.004369
0.002809
0.000209
0.000000
0.000000
0.000000
0.001643
0.001864
0.002226
0.001910
0.002982
0.000132
0.000000
0.000000
0.000000
0.011390
0.030662
0.010000
0.001361
0.000921
0.000021
0.000000
0.000000
0.000000
0.000566
0.000401
0.000967
0.001473
0.001946
0.000242
0.000000
0.000000
0.000000
0.001643
0.001864
0.002226
0.001910
0.002982
0.000132
0.000000
0.000000
0.000000
0.000758
0.001458
0.002707
0.002968
0.002048
0.000140
0.000000
0.000000
0.000000
0.000566
0.000401
0.000967
0.001473
0.001946
0.000242
0.000000
0.000000
0.000000
0.000618
0.000849
0.001269
0.002406
0.001647
0.000083
0.000000
0.000000
0.000000
0.000758
0.001458
0.002707
0.002968
0.002048
0.000140
0.000000
0.000000
0.000000
0.001231
0.001609
0.001826
0.002502
0.001726
0.000123
0.000000
0.000000
0.000000
0.000618
0.000849
0.001269
0.002406
0.001647
0.000083
0.000000
0.000000
0.000000
0.001041
0.001111
0.001873
0.001800
0.001381
0.000129
0.000000
0.000000
0.000000
0.001371
0.001378
0.002361
0.001772
0.001753
0.000220
0.000000
0.000000
0.000000
0.000743
0.001827
0.001018
0.001533
0.000889
0.000075
0.000000
0.000000
0.000000
0.000568
0.001189
0.001634
0.001100
0.000467
0.000040
0.000000
0.000000
0.000000
0.001302
0.002051
0.001643
0.001333
0.000460
0.000003
0.000000
0.000000
0.000000
0.000743
0.001827
0.001018
0.001533
0.000889
0.000075
0.000000
0.000000
0.000000
0.000882
0.001356
0.003065
0.002086
0.000652
0.000000
0.000000
0.000000
0.000000
0.001302
0.002051
0.001643
0.001333
0.000460
0.000003
0.000000
0.000000
0.000000
0.000559
0.001277
0.002500
0.002914
0.001641
0.000045
0.000000
0.000000
0.000000
0.000882
0.001356
0.003065
0.002086
0.000652
0.000000
0.000000
0.000000
0.000000
0.020215
0.019548
0.009659
0.002291
0.000823
0.000025
0.000000
0.000000
0.000000
0.000559
0.001277
0.002500
0.002914
0.001641
0.000045
0.000000
0.000000
0.000000
0.028626
0.039594
0.006317
0.000864
0.000496
0.000052
0.000000
0.000000
0.000000
0.020215
0.019548
0.009659
0.002291
0.000823
0.000025
0.000000
0.000000
0.000000
0.058663
0.042074
0.006517
0.001078
0.000409
0.000076
0.000000
0.000000
0.000000
0.028626
0.039594
0.006317
0.000864
0.000496
0.000052
0.000000
0.000000
0.000000
0.017461
0.062765
0.019050
0.000278
0.000000
0.000000
0.000000
0.000000
0.000000
0.058663
0.042074
0.006517
0.001078
0.000409
0.000076
0.000000
0.000000
0.000000
0.007538
0.032799
0.008968
0.004325
0.003853
0.000185
0.000000
0.000000
0.000000
0.017461
0.062765
0.019050
0.000278
0.000000
0.000000
0.000000
0.000000
0.000000
0.001837
0.004658
0.003446
0.002365
0.001197
0.000242
0.000000
0.000000
0.000000
0.007538
0.032799
0.008968
0.004325
0.003853
0.000185
0.000000
0.000000
0.000000
0.020781
0.021062
0.003692
0.002215
0.000765
0.000082
0.000000
0.000000
0.000000
0.001837
0.004658
0.003446
0.002365
0.001197
0.000242
0.000000
0.000000
0.000000
0.005614
0.007452
0.006014
0.002575
0.001474
0.000259
0.000000
0.000000
0.000000
0.020781
0.021062
0.003692
0.002215
0.000765
0.000082
0.000000
0.000000
0.000000
0.046998
0.045382
0.016479
0.011973
0.003821
0.000000
0.000000
0.000000
0.000000
0.005614
0.007452
0.006014
0.002575
0.001474
0.000259
0.000000
0.000000
0.000000
0.054829
0.041935
0.011090
0.003065
0.001064
0.000121
0.000000
0.000000
0.000000
0.046998
0.045382
0.016479
0.011973
0.003821
0.000000
0.000000
0.000000
0.000000
0.011390
0.030662
0.010000
0.001361
0.000921
0.000021
0.000000
0.000000
0.000000
0.054829
0.041935
0.011090
0.003065
0.001064
0.000121
0.000000
0.000000
0.000000
0.020593
0.021909
0.005530
0.002979
0.001225
0.000054
0.000000
0.000000
0.000000
0.011390
0.030662
0.010000
0.001361
0.000921
0.000021
0.000000
0.000000
0.000000
0.000566
0.000401
0.000967
0.001473
0.001946
0.000242
0.000000
0.000000
0.000000
0.020593
0.021909
0.005530
0.002979
0.001225
0.000054
0.000000
0.000000
0.000000
0.000862
0.002881
0.004115
0.003490
0.003012
0.000335
0.000000
0.000000
0.000000
0.000566
0.000401
0.000967
0.001473
0.001946
0.000242
0.000000
0.000000
0.000000
0.000618
0.000849
0.001269
0.002406
0.001647
0.000083
0.000000
0.000000
0.000000
0.000862
0.002881
0.004115
0.003490
0.003012
0.000335
0.000000
0.000000
0.000000
0.000952
0.000943
0.001108
0.001992
0.002476
0.000271
0.000000
0.000000
0.000000
0.000618
0.000849
0.001269
0.002406
0.001647
0.000083
0.000000
0.000000
0.000000
0.001041
0.001111
0.001873
0.001800
0.001381
0.000129
0.000000
0.000000
0.000000
0.000952
0.000943
0.001108
0.001992
0.002476
0.000271
0.000000
0.000000
0.000000
0.000350
0.000795
0.001439
0.001084
0.001565
0.000200
0.000000
0.000000
0.000000
0.000568
0.001189
0.001634
0.001100
0.000467
0.000040
0.000000
0.000000
0.000000
0.001302
0.002051
0.001643
0.001333
0.000460
0.000003
0.000000
0.000000
0.000000
0.000639
0.001425
0.002400
0.001697
0.000718
0.000048
0.000000
0.000000
0.000000
0.000371
0.002369
0.002116
0.002067
0.001396
0.000101
0.000000
0.000000
0.000000
0.001302
0.002051
0.001643
0.001333
0.000460
0.000003
0.000000
0.000000
0.000000
0.000559
0.001277
0.002500
0.002914
0.001641
0.000045
0.000000
0.000000
0.000000
0.000371
0.002369
0.002116
0.002067
0.001396
0.000101
0.000000
0.000000
0.000000
0.000962
0.002035
0.001628
0.002082
0.002793
0.000007
0.000000
0.000000
0.000000
0.000559
0.001277
0.002500
0.002914
0.001641
0.000045
0.000000
0.000000
0.000000
0.028626
0.039594
0.006317
0.000864
0.000496
0.000052
0.000000
0.000000
0.000000
0.000962
0.002035
0.001628
0.002082
0.002793
0.000007
0.000000
0.000000
0.000000
0.034883
0.053969
0.048368
0.032165
0.007314
0.000000
0.000000
0.000000
0.000000
0.028626
0.039594
0.006317
0.000864
0.000496
0.000052
0.000000
0.000000
0.000000
0.017461
0.062765
0.019050
0.000278
0.000000
0.000000
0.000000
0.000000
0.000000
0.034883
0.053969
0.048368
0.032165
0.007314
0.000000
0.000000
0.000000
0.000000
0.002397
0.008632
0.018308
0.045915
0.079169
0.005926
0.000000
0.000000
0.000000
0.017461
0.062765
0.019050
0.000278
0.000000
0.000000
0.000000
0.000000
0.000000
0.001837
0.004658
0.003446
0.002365
0.001197
0.000242
0.000000
0.000000
0.000000
0.002397
0.008632
0.018308
0.045915
0.079169
0.005926
0.000000
0.000000
0.000000
0.001352
0.002135
0.002383
0.010115
0.039647
0.004752
0.000000
0.000000
0.000000
0.001837
0.004658
0.003446
0.002365
0.001197
0.000242
0.000000
0.000000
0.000000
0.005614
0.007452
0.006014
0.002575
0.001474
0.000259
0.000000
0.000000
0.000000
0.001352
0.002135
0.002383
0.010115
0.039647
0.004752
0.000000
0.000000
0.000000
0.001763
0.003975
0.002981
0.006588
0.017280
0.003595
0.000000
0.000000
0.000000
0.005614
0.007452
0.006014
0.002575
0.001474
0.000259
0.000000
0.000000
0.000000
0.054829
0.041935
0.011090
0.003065
0.001064
0.000121
0.000000
0.000000
0.000000
0.001763
0.003975
0.002981
0.006588
0.017280
0.003595
0.000000
0.000000
0.000000
0.052681
0.062759
0.016679
0.015436
0.013286
0.000511
0.000000
0.000000
0.000000
0.054829
0.041935
0.011090
0.003065
0.001064
0.000121
0.000000
0.000000
0.000000
0.020593
0.021909
0.005530
0.002979
0.001225
0.000054
0.000000
0.000000
0.000000
0.052681
0.062759
0.016679
0.015436
0.013286
0.000511
0.000000
0.000000
0.000000
0.017571
0.013086
0.002237
0.001299
0.000196
0.000000
0.000000
0.000000
0.000000
0.020593
0.021909
0.005530
0.002979
0.001225
0.000054
0.000000
0.000000
0.000000
0.000862
0.002881
0.004115
0.003490
0.003012
0.000335
0.000000
0.000000
0.000000
0.017571
0.013086
0.002237
0.001299
0.000196
0.000000
0.000000
0.000000
0.000000
0.001253
0.001220
0.001160
0.001098
0.001031
0.000052
0.000000
0.000000
0.000000
0.000862
0.002881
0.004115
0.003490
0.003012
0.000335
0.000000
0.000000
0.000000
0.000952
0.000943
0.001108
0.001992
0.002476
0.000271
0.000000
0.000000
0.000000
0.001253
0.001220
0.001160
0.001098
0.001031
0.000052
0.000000
0.000000
0.000000
0.000818
0.000872
0.001448
0.001091
0.000308
0.000000
0.000000
0.000000
0.000000
0.000952
0.000943
0.001108
0.001992
0.002476
0.000271
0.000000
0.000000
0.000000
0.000350
0.000795
0.001439
0.001084
0.001565
0.000200
0.000000
0.000000
0.000000
0.000818
0.000872
0.001448
0.001091
0.000308
0.000000
0.000000
0.000000
0.000000
0.000970
0.001664
0.002617
0.001592
0.001292
0.000096
0.000000
0.000000
0.000000
0.000639
0.001425
0.002400
0.001697
0.000718
0.000048
0.000000
0.000000
0.000000
0.000371
0.002369
0.002116
0.002067
0.001396
0.000101
0.000000
0.000000
0.000000
0.001824
0.002073
0.002600
0.002063
0.001624
0.000003
0.000000
0.000000
0.000000
0.000937
0.001192
0.001320
0.001573
0.001024
0.000039
0.000000
0.000000
0.000000
0.000371
0.002369
0.002116
0.002067
0.001396
0.000101
0.000000
0.000000
0.000000
0.000962
0.002035
0.001628
0.002082
0.002793
0.000007
0.000000
0.000000
0.000000
0.000937
0.001192
0.001320
0.001573
0.001024
0.000039
0.000000
0.000000
0.000000
0.002191
0.005915
0.003070
0.002005
0.001253
0.000126
0.000000
0.000000
0.000000
0.000962
0.002035
0.001628
0.002082
0.002793
0.000007
0.000000
0.000000
0.000000
0.034883
0.053969
0.048368
0.032165
0.007314
0.000000
0.000000
0.000000
0.000000
0.002191
0.005915
0.003070
0.002005
0.001253
0.000126
0.000000
0.000000
0.000000
0.015269
0.014605
0.005169
0.003713
0.001558
0.000131
0.000000
0.000000
0.000000
0.034883
0.053969
0.048368
0.032165
0.007314
0.000000
0.000000
0.000000
0.000000
0.002397
0.008632
0.018308
0.045915
0.079169
0.005926
0.000000
0.000000
0.000000
0.015269
0.014605
0.005169
0.003713
0.001558
0.000131
0.000000
0.000000
0.000000
0.045818
0.023137
0.012502
0.007806
0.000458
0.000000
0.000000
0.000000
0.000000
0.002397
0.008632
0.018308
0.045915
0.079169
0.005926
0.000000
0.000000
0.000000
0.001352
0.002135
0.002383
0.010115
0.039647
0.004752
0.000000
0.000000
0.000000
0.045818
0.023137
0.012502
0.007806
0.000458
0.000000
0.000000
0.000000
0.000000
0.006624
0.015486
0.008079
0.012364
0.023644
0.004184
0.000000
0.000000
0.000000
0.001352
0.002135
0.002383
0.010115
0.039647
0.004752
0.000000
0.000000
0.000000
0.001763
0.003975
0.002981
0.006588
0.017280
0.003595
0.000000
0.000000
0.000000
0.006624
0.015486
0.008079
0.012364
0.023644
0.004184
0.000000
0.000000
0.000000
0.033036
0.020283
0.013833
0.024250
0.044944
0.004687
0.000000
0.000000
0.000000
0.001763
0.003975
0.002981
0.006588
0.017280
0.003595
0.000000
0.000000
0.000000
0.052681
0.062759
0.016679
0.015436
0.013286
0.000511
0.000000
0.000000
0.000000
0.033036
0.020283
0.013833
0.024250
0.044944
0.004687
0.000000
0.000000
0.000000
0.032546
0.021740
0.016506
0.043860
0.061970
0.008118
0.000000
0.000000
0.000000
0.052681
0.062759
0.016679
0.015436
0.013286
0.000511
0.000000
0.000000
0.000000
0.017571
0.013086
0.002237
0.001299
0.000196
0.000000
0.000000
0.000000
0.000000
0.032546
0.021740
0.016506
0.043860
0.061970
0.008118
0.000000
0.000000
0.000000
0.003018
0.003848
0.008448
0.002877
0.000737
0.000005
0.000000
0.000000
0.000000
0.017571
0.013086
0.002237
0.001299
0.000196
0.000000
0.000000
0.000000
0.000000
0.001253
0.001220
0.001160
0.001098
0.001031
0.000052
0.000000
0.000000
0.000000
0.003018
0.003848
0.008448
0.002877
0.000737
0.000005
0.000000
0.000000
0.000000
0.001195
0.000958
0.001110
0.002048
0.001345
0.000082
0.000000
0.000000
0.000000
0.001253
0.001220
0.001160
0.001098
0.001031
0.000052
0.000000
0.000000
0.000000
0.000818
0.000872
0.001448
0.001091
0.000308
0.000000
0.000000
0.000000
0.000000
0.001195
0.000958
0.001110
0.002048
0.001345
0.000082
0.000000
0.000000
0.000000
0.000526
0.000816
0.001046
0.001289
0.001542
0.000078
0.000000
0.000000
0.000000
0.000818
0.000872
0.001448
0.001091
0.000308
0.000000
0.000000
0.000000
0.000000
0.000970
0.001664
0.002617
0.001592
0.001292
0.000096
0.000000
0.000000
0.000000
0.000526
0.000816
0.001046
0.001289
0.001542
0.000078
0.000000
0.000000
0.000000
0.000866
0.002235
0.001597
0.001690
0.001129
0.000033
0.000000
0.000000
0.000000
0.001824
0.002073
0.002600
0.002063
0.001624
0.000003
0.000000
0.000000
0.000000
0.000937
0.001192
0.001320
0.001573
0.001024
0.000039
0.000000
0.000000
0.000000
0.001856
0.004968
0.002944
0.002217
0.001002
0.000050
0.000000
0.000000
0.000000
0.003037
0.003468
0.001900
0.003033
0.002662
0.000079
0.000000
0.000000
0.000000
0.000937
0.001192
0.001320
0.001573
0.001024
0.000039
0.000000
0.000000
0.000000
0.002191
0.005915
0.003070
0.002005
0.001253
0.000126
0.000000
0.000000
0.000000
0.003037
0.003468
0.001900
0.003033
0.002662
0.000079
0.000000
0.000000
0.000000
0.000780
0.003594
0.003340
0.004254
0.003081
0.000081
0.000000
0.000000
0.000000
0.002191
0.005915
0.003070
0.002005
0.001253
0.000126
0.000000
0.000000
0.000000
0.015269
0.014605
0.005169
0.003713
0.001558
0.000131
0.000000
0.000000
0.000000
0.000780
0.003594
0.003340
0.004254
0.003081
0.000081
0.000000
0.000000
0.000000
0.015129
0.009577
0.001759
0.001788
0.001139
0.000107
0.000000
0.000000
0.000000
0.015269
0.014605
0.005169
0.003713
0.001558
0.000131
0.000000
0.000000
0.000000
0.045818
0.023137
0.012502
0.007806
0.000458
0.000000
0.000000
0.000000
0.000000
0.015129
0.009577
0.001759
0.001788
0.001139
0.000107
0.000000
0.000000
0.000000
0.048838
0.029356
0.005668
0.000598
0.000615
0.000000
0.000000
0.000000
0.000000
0.045818
0.023137
0.012502
0.007806
0.000458
0.000000
0.000000
0.000000
0.000000
0.006624
0.015486
0.008079
0.012364
0.023644
0.004184
0.000000
0.000000
0.000000
0.048838
0.029356
0.005668
0.000598
0.000615
0.000000
0.000000
0.000000
0.000000
0.025540
0.020974
0.005963
0.001523
0.000535
0.000036
0.000000
0.000000
0.000000
0.006624
0.015486
0.008079
0.012364
0.023644
0.004184
0.000000
0.000000
0.000000
0.033036
0.020283
0.013833
0.024250
0.044944
0.004687
0.000000
0.000000
0.000000
0.025540
0.020974
0.005963
0.001523
0.000535
0.000036
0.000000
0.000000
0.000000
0.027136
0.043820
0.005182
0.003559
0.001525
0.000107
0.000000
0.000000
0.000000
0.033036
0.020283
0.013833
0.024250
0.044944
0.004687
0.000000
0.000000
0.000000
0.032546
0.021740
0.016506
0.043860
0.061970
0.008118
0.000000
0.000000
0.000000
0.027136
0.043820
0.005182
0.003559
0.001525
0.000107
0.000000
0.000000
0.000000
0.047295
0.013074
0.001180
0.000647
0.000536
0.000016
0.000000
0.000000
0.000000
0.032546
0.021740
0.016506
0.043860
0.061970
0.008118
0.000000
0.000000
0.000000
0.003018
0.003848
0.008448
0.002877
0.000737
0.000005
0.000000
0.000000
0.000000
0.047295
0.013074
0.001180
0.000647
0.000536
0.000016
0.000000
0.000000
0.000000
0.001341
0.001610
0.001426
0.001911
0.001013
0.000060
0.000000
0.000000
0.000000
0.003018
0.003848
0.008448
0.002877
0.000737
0.000005
0.000000
0.000000
0.000000
0.001195
0.000958
0.001110
0.002048
0.001345
0.000082
0.000000
0.000000
0.000000
0.001341
0.001610
0.001426
0.001911
0.001013
0.000060
0.000000
0.000000
0.000000
0.001840
0.001852
0.002217
0.001975
0.000785
0.000051
0.000000
0.000000
0.000000
0.001195
0.000958
0.001110
0.002048
0.001345
0.000082
0.000000
0.000000
0.000000
0.000526
0.000816
0.001046
0.001289
0.001542
0.000078
0.000000
0.000000
0.000000
0.001840
0.001852
0.002217
0.001975
0.000785
0.000051
0.000000
0.000000
0.000000
0.000906
0.001104
0.001246
0.001294
0.000943
0.000049
0.000000
0.000000
0.000000
0.000526
0.000816
0.001046
0.001289
0.001542
0.000078
0.000000
0.000000
0.000000
0.000866
0.002235
0.001597
0.001690
0.001129
0.000033
0.000000
0.000000
0.000000
0.000906
0.001104
0.001246
0.001294
0.000943
0.000049
0.000000
0.000000
0.000000
0.000847
0.002000
0.002153
0.002082
0.000713
0.000000
0.000000
0.000000
0.000000
0.001856
0.004968
0.002944
0.002217
0.001002
0.000050
0.000000
0.000000
0.000000
0.003037
0.003468
0.001900
0.003033
0.002662
0.000079
0.000000
0.000000
0.000000
0.000475
0.001251
0.001548
0.001476
0.000841
0.000086
0.000000
0.000000
0.000000
0.000881
0.002783
0.003183
0.002273
0.001925
0.000146
0.000000
0.000000
0.000000
0.003037
0.003468
0.001900
0.003033
0.002662
0.000079
0.000000
0.000000
0.000000
0.000780
0.003594
0.003340
0.004254
0.003081
0.000081
0.000000
0.000000
0.000000
0.000881
0.002783
0.003183
0.002273
0.001925
0.000146
0.000000
0.000000
0.000000
0.000696
0.001555
0.001813
0.003032
0.003837
0.000393
0.000000
0.000000
0.000000
0.000780
0.003594
0.003340
0.004254
0.003081
0.000081
0.000000
0.000000
0.000000
0.015129
0.009577
0.001759
0.001788
0.001139
0.000107
0.000000
0.000000
0.000000
0.000696
0.001555
0.001813
0.003032
0.003837
0.000393
0.000000
0.000000
0.000000
0.007215
0.009877
0.003602
0.003088
0.001346
0.000053
0.000000
0.000000
0.000000
0.015129
0.009577
0.001759
0.001788
0.001139
0.000107
0.000000
0.000000
0.000000
0.048838
0.029356
0.005668
0.000598
0.000615
0.000000
0.000000
0.000000
0.000000
0.007215
0.009877
0.003602
0.003088
0.001346
0.000053
0.000000
0.000000
0.000000
0.019453
0.035543
0.014659
0.005197
0.003640
0.000580
0.000000
0.000000
0.000000
0.048838
0.029356
0.005668
0.000598
0.000615
0.000000
0.000000
0.000000
0.000000
0.025540
0.020974
0.005963
0.001523
0.000535
0.000036
0.000000
0.000000
0.000000
0.019453
0.035543
0.014659
0.005197
0.003640
0.000580
0.000000
0.000000
0.000000
0.015289
0.036773
0.023165
0.009335
0.007366
0.001026
0.000000
0.000000
0.000000
0.025540
0.020974
0.005963
0.001523
0.000535
0.000036
0.000000
0.000000
0.000000
0.027136
0.043820
0.005182
0.003559
0.001525
0.000107
0.000000
0.000000
0.000000
0.015289
0.036773
0.023165
0.009335
0.007366
0.001026
0.000000
0.000000
0.000000
0.049829
0.024356
0.008278
0.007385
0.003448
0.000691
0.000000
0.000000
0.000000
0.027136
0.043820
0.005182
0.003559
0.001525
0.000107
0.000000
0.000000
0.000000
0.047295
0.013074
0.001180
0.000647
0.000536
0.000016
0.000000
0.000000
0.000000
0.049829
0.024356
0.008278
0.007385
0.003448
0.000691
0.000000
0.000000
0.000000
0.026011
0.014385
0.002082
0.000806
0.000277
0.000035
0.000000
0.000000
0.000000
0.047295
0.013074
0.001180
0.000647
0.000536
0.000016
0.000000
0.000000
0.000000
0.001341
0.001610
0.001426
0.001911
0.001013
0.000060
0.000000
0.000000
0.000000
0.026011
0.014385
0.002082
0.000806
0.000277
0.000035
0.000000
0.000000
0.000000
0.002141
0.003830
0.004105
0.002275
0.001167
0.000144
0.000000
0.000000
0.000000
0.001341
0.001610
0.001426
0.001911
0.001013
0.000060
0.000000
0.000000
0.000000
0.001840
0.001852
0.002217
0.001975
0.000785
0.000051
0.000000
0.000000
0.000000
0.002141
0.003830
0.004105
0.002275
0.001167
0.000144
0.000000
0.000000
0.000000
0.000575
0.000643
0.002505
0.001852
0.001135
0.000081
0.000000
0.000000
0.000000
0.001840
0.001852
0.002217
0.001975
0.000785
0.000051
0.000000
0.000000
0.000000
0.000906
0.001104
0.001246
0.001294
0.000943
0.000049
0.000000
0.000000
0.000000
0.000575
0.000643
0.002505
0.001852
0.001135
0.000081
0.000000
0.000000
0.000000
0.000768
0.001341
0.002261
0.001429
0.001178
0.000087
0.000000
0.000000
0.000000
0.000906
0.001104
0.001246
0.001294
0.000943
0.000049
0.000000
0.000000
0.000000
0.000847
0.002000
0.002153
0.002082
0.000713
0.000000
0.000000
0.000000
0.000000
0.000768
0.001341
0.002261
0.001429
0.001178
0.000087
0.000000
0.000000
0.000000
0.000700
0.001399
0.002716
0.002038
0.000590
0.000027
0.000000
0.000000
0.000000
0.000475
0.001251
0.001548
0.001476
0.000841
0.000086
0.000000
0.000000
0.000000
0.000881
0.002783
0.003183
0.002273
0.001925
0.000146
0.000000
0.000000
0.000000
0.001150
0.000871
0.001583
0.001676
0.001355
0.000210
0.000000
0.000000
0.000000
0.000825
0.001287
0.002459
0.001407
0.000438
0.000021
0.000000
0.000000
0.000000
0.000881
0.002783
0.003183
0.002273
0.001925
0.000146
0.000000
0.000000
0.000000
0.000696
0.001555
0.001813
0.003032
0.003837
0.000393
0.000000
0.000000
0.000000
0.000825
0.001287
0.002459
0.001407
0.000438
0.000021
0.000000
0.000000
0.000000
0.000660
0.001718
0.002020
0.001776
0.002006
0.000240
0.000000
0.000000
0.000000
0.000696
0.001555
0.001813
0.003032
0.003837
0.000393
0.000000
0.000000
0.000000
0.007215
0.009877
0.003602
0.003088
0.001346
0.000053
0.000000
0.000000
0.000000
0.000660
0.001718
0.002020
0.001776
0.002006
0.000240
0.000000
0.000000
0.000000
0.012231
0.014005
0.013454
0.001826
0.001302
0.000127
0.000000
0.000000
0.000000
0.007215
0.009877
0.003602
0.003088
0.001346
0.000053
0.000000
0.000000
0.000000
0.019453
0.035543
0.014659
0.005197
0.003640
0.000580
0.000000
0.000000
0.000000
0.012231
0.014005
0.013454
0.001826
0.001302
0.000127
0.000000
0.000000
0.000000
0.022296
0.037777
0.018545
0.005830
0.001501
0.000322
0.000000
0.000000
0.000000
0.019453
0.035543
0.014659
0.005197
0.003640
0.000580
0.000000
0.000000
0.000000
0.015289
0.036773
0.023165
0.009335
0.007366
0.001026
0.000000
0.000000
0.000000
0.022296
0.037777
0.018545
0.005830
0.001501
0.000322
0.000000
0.000000
0.000000
0.061959
0.050019
0.011816
0.006689
0.005161
0.000037
0.000000
0.000000
0.000000
0.015289
0.036773
0.023165
0.009335
0.007366
0.001026
0.000000
0.000000
0.000000
0.049829
0.024356
0.008278
0.007385
0.003448
0.000691
0.000000
0.000000
0.000000
0.061959
0.050019
0.011816
0.006689
0.005161
0.000037
0.000000
0.000000
0.000000
0.047568
0.031272
0.013388
0.007034
0.002194
0.000000
0.000000
0.000000
0.000000
0.049829
0.024356
0.008278
0.007385
0.003448
0.000691
0.000000
0.000000
0.000000
0.026011
0.014385
0.002082
0.000806
0.000277
0.000035
0.000000
0.000000
0.000000
0.047568
0.031272
0.013388
0.007034
0.002194
0.000000
0.000000
0.000000
0.000000
0.013469
0.018225
0.009497
0.013824
0.003009
0.000079
0.000000
0.000000
0.000000
0.026011
0.014385
0.002082
0.000806
0.000277
0.000035
0.000000
0.000000
0.000000
0.002141
0.003830
0.004105
0.002275
0.001167
0.000144
0.000000
0.000000
0.000000
0.013469
0.018225
0.009497
0.013824
0.003009
0.000079
0.000000
0.000000
0.000000
0.002333
0.003315
0.003719
0.002379
0.001506
0.000221
0.000000
0.000000
0.000000
0.002141
0.003830
0.004105
0.002275
0.001167
0.000144
0.000000
0.000000
0.000000
0.000575
0.000643
0.002505
0.001852
0.001135
0.000081
0.000000
0.000000
0.000000
0.002333
0.003315
0.003719
0.002379
0.001506
0.000221
0.000000
0.000000
0.000000
0.000690
0.001927
0.001597
0.001863
0.002184
0.000105
0.000000
0.000000
0.000000
0.000575
0.000643
0.002505
0.001852
0.001135
0.000081
0.000000
0.000000
0.000000
0.000768
0.001341
0.002261
0.001429
0.001178
0.000087
0.000000
0.000000
0.000000
0.000690
0.001927
0.001597
0.001863
0.002184
0.000105
0.000000
0.000000
0.000000
0.001073
0.000916
0.000767
0.001519
0.001440
0.000124
0.000000
0.000000
0.000000
0.000768
0.001341
0.002261
0.001429
0.001178
0.000087
0.000000
0.000000
0.000000
0.000700
0.001399
0.002716
0.002038
0.000590
0.000027
0.000000
0.000000
0.000000
0.001073
0.000916
0.000767
0.001519
0.001440
0.000124
0.000000
0.000000
0.000000
0.000546
0.000875
0.001252
0.001771
0.000593
0.000016
0.000000
0.000000
0.000000
0.001150
0.000871
0.001583
0.001676
0.001355
0.000210
0.000000
0.000000
0.000000
0.000825
0.001287
0.002459
0.001407
0.000438
0.000021
0.000000
0.000000
0.000000
0.001062
0.001258
0.001717
0.002977
0.001352
0.000109
0.000000
0.000000
0.000000
0.000525
0.001255
0.001672
0.001437
0.000732
0.000056
0.000000
0.000000
0.000000
0.000825
0.001287
0.002459
0.001407
0.000438
0.000021
0.000000
0.000000
0.000000
0.000660
0.001718
0.002020
0.001776
0.002006
0.000240
0.000000
0.000000
0.000000
0.000525
0.001255
0.001672
0.001437
0.000732
0.000056
0.000000
0.000000
0.000000
0.000718
0.000940
0.000902
0.001923
0.001819
0.000244
0.000000
0.000000
0.000000
0.000660
0.001718
0.002020
0.001776
0.002006
0.000240
0.000000
0.000000
0.000000
0.012231
0.014005
0.013454
0.001826
0.001302
0.000127
0.000000
0.000000
0.000000
0.000718
0.000940
0.000902
0.001923
0.001819
0.000244
0.000000
0.000000
0.000000
0.012865
0.023817
0.006616
0.002818
0.002142
0.000011
0.000000
0.000000
0.000000
0.012231
0.014005
0.013454
0.001826
0.001302
0.000127
0.000000
0.000000
0.000000
0.022296
0.037777
0.018545
0.005830
0.001501
0.000322
0.000000
0.000000
0.000000
0.012865
0.023817
0.006616
0.002818
0.002142
0.000011
0.000000
0.000000
0.000000
0.048343
0.077071
0.028629
0.024525
0.026429
0.001935
0.000000
0.000000
0.000000
0.022296
0.037777
0.018545
0.005830
0.001501
0.000322
0.000000
0.000000
0.000000
0.061959
0.050019
0.011816
0.006689
0.005161
0.000037
0.000000
0.000000
0.000000
0.048343
0.077071
0.028629
0.024525
0.026429
0.001935
0.000000
0.000000
0.000000
0.042124
0.079328
0.028861
0.012853
0.024179
0.004782
0.000000
0.000000
0.000000
0.061959
0.050019
0.011816
0.006689
0.005161
0.000037
0.000000
0.000000
0.000000
0.047568
0.031272
0.013388
0.007034
0.002194
0.000000
0.000000
0.000000
0.000000
0.042124
0.079328
0.028861
0.012853
0.024179
0.004782
0.000000
0.000000
0.000000
0.020086
0.047599
0.054157
0.023309
0.023952
0.003305
0.000000
0.000000
0.000000
0.047568
0.031272
0.013388
0.007034
0.002194
0.000000
0.000000
0.000000
0.000000
0.013469
0.018225
0.009497
0.013824
0.003009
0.000079
0.000000
0.000000
0.000000
0.020086
0.047599
0.054157
0.023309
0.023952
0.003305
0.000000
0.000000
0.000000
0.001286
0.003254
0.008475
0.020096
0.015576
0.001077
0.000000
0.000000
0.000000
0.013469
0.018225
0.009497
0.013824
0.003009
0.000079
0.000000
0.000000
0.000000
0.002333
0.003315
0.003719
0.002379
0.001506
0.000221
0.000000
0.000000
0.000000
0.001286
0.003254
0.008475
0.020096
0.015576
0.001077
0.000000
0.000000
0.000000
0.001419
0.000203
0.000886
0.003809
0.007879
0.001776
0.000000
0.000000
0.000000
0.002333
0.003315
0.003719
0.002379
0.001506
0.000221
0.000000
0.000000
0.000000
0.000690
0.001927
0.001597
0.001863
0.002184
0.000105
0.000000
0.000000
0.000000
0.001419
0.000203
0.000886
0.003809
0.007879
0.001776
0.000000
0.000000
0.000000
0.000842
0.000801
0.002335
0.003219
0.006037
0.000483
0.000000
0.000000
0.000000
0.000690
0.001927
0.001597
0.001863
0.002184
0.000105
0.000000
0.000000
0.000000
0.001073
0.000916
0.000767
0.001519
0.001440
0.000124
0.000000
0.000000
0.000000
0.000842
0.000801
0.002335
0.003219
0.006037
0.000483
0.000000
0.000000
0.000000
0.001791
0.000645
0.001337
0.003999
0.005043
0.000414
0.000000
0.000000
0.000000
0.001073
0.000916
0.000767
0.001519
0.001440
0.000124
0.000000
0.000000
0.000000
0.000546
0.000875
0.001252
0.001771
0.000593
0.000016
0.000000
0.000000
0.000000
0.001791
0.000645
0.001337
0.003999
0.005043
0.000414
0.000000
0.000000
0.000000
0.001558
0.000487
0.001028
0.002941
0.006364
0.000824
0.000000
0.000000
0.000000
0.001062
0.001258
0.001717
0.002977
0.001352
0.000109
0.000000
0.000000
0.000000
0.000525
0.001255
0.001672
0.001437
0.000732
0.000056
0.000000
0.000000
0.000000
0.000408
0.001444
0.002408
0.002432
0.002039
0.000151
0.000000
0.000000
0.000000
0.000540
0.001752
0.003043
0.002271
0.002111
0.000197
0.000000
0.000000
0.000000
0.000525
0.001255
0.001672
0.001437
0.000732
0.000056
0.000000
0.000000
0.000000
0.000718
0.000940
0.000902
0.001923
0.001819
0.000244
0.000000
0.000000
0.000000
0.000540
0.001752
0.003043
0.002271
0.002111
0.000197
0.000000
0.000000
0.000000
0.006663
0.007238
0.017812
0.016153
0.013576
0.001685
0.000000
0.000000
0.000000
0.000718
0.000940
0.000902
0.001923
0.001819
0.000244
0.000000
0.000000
0.000000
0.012865
0.023817
0.006616
0.002818
0.002142
0.000011
0.000000
0.000000
0.000000
0.006663
0.007238
0.017812
0.016153
0.013576
0.001685
0.000000
0.000000
0.000000
0.011275
0.026355
0.025459
0.018674
0.013232
0.000674
0.000000
0.000000
0.000000
0.012865
0.023817
0.006616
0.002818
0.002142
0.000011
0.000000
0.000000
0.000000
0.048343
0.077071
0.028629
0.024525
0.026429
0.001935
0.000000
0.000000
0.000000
0.011275
0.026355
0.025459
0.018674
0.013232
0.000674
0.000000
0.000000
0.000000
0.011103
0.033292
0.032381
0.065271
0.064161
0.008574
0.000000
0.000000
0.000000
0.048343
0.077071
0.028629
0.024525
0.026429
0.001935
0.000000
0.000000
0.000000
0.042124
0.079328
0.028861
0.012853
0.024179
0.004782
0.000000
0.000000
0.000000
0.011103
0.033292
0.032381
0.065271
0.064161
0.008574
0.000000
0.000000
0.000000
0.005689
0.013814
0.032569
0.047446
0.046747
0.002482
0.000000
0.000000
0.000000
0.042124
0.079328
0.028861
0.012853
0.024179
0.004782
0.000000
0.000000
0.000000
0.020086
0.047599
0.054157
0.023309
0.023952
0.003305
0.000000
0.000000
0.000000
0.005689
0.013814
0.032569
0.047446
0.046747
0.002482
0.000000
0.000000
0.000000
0.005591
0.009215
0.008581
0.020608
0.027330
0.000685
0.000000
0.000000
0.000000
0.020086
0.047599
0.054157
0.023309
0.023952
0.003305
0.000000
0.000000
0.000000
0.001286
0.003254
0.008475
0.020096
0.015576
0.001077
0.000000
0.000000
0.000000
0.005591
0.009215
0.008581
0.020608
0.027330
0.000685
0.000000
0.000000
0.000000
0.000826
0.001330
0.001251
0.007132
0.010609
0.001452
0.000000
0.000000
0.000000
0.001286
0.003254
0.008475
0.020096
0.015576
0.001077
0.000000
0.000000
0.000000
0.001419
0.000203
0.000886
0.003809
0.007879
0.001776
0.000000
0.000000
0.000000
0.000826
0.001330
0.001251
0.007132
0.010609
0.001452
0.000000
0.000000
0.000000
0.000943
0.000241
0.001360
0.001894
0.007132
0.000872
0.000000
0.000000
0.000000
0.001419
0.000203
0.000886
0.003809
0.007879
0.001776
0.000000
0.000000
0.000000
0.000842
0.000801
0.002335
0.003219
0.006037
0.000483
0.000000
0.000000
0.000000
0.000943
0.000241
0.001360
0.001894
0.007132
0.000872
0.000000
0.000000
0.000000
0.001893
0.000738
0.000317
0.000943
0.005762
0.000779
0.000000
0.000000
0.000000
0.000842
0.000801
0.002335
0.003219
0.006037
0.000483
0.000000
0.000000
0.000000
0.001791
0.000645
0.001337
0.003999
0.005043
0.000414
0.000000
0.000000
0.000000
0.001893
0.000738
0.000317
0.000943
0.005762
0.000779
0.000000
0.000000
0.000000
0.001053
0.000610
0.001350
0.003316
0.002520
0.000087
0.000000
0.000000
0.000000
0.001791
0.000645
0.001337
0.003999
0.005043
0.000414
0.000000
0.000000
0.000000
0.001558
0.000487
0.001028
0.002941
0.006364
0.000824
0.000000
0.000000
0.000000
0.001053
0.000610
0.001350
0.003316
0.002520
0.000087
0.000000
0.000000
0.000000
0.000815
0.000796
0.001723
0.003283
0.002960
0.000120
0.000000
0.000000
0.000000
0.000408
0.001444
0.002408
0.002432
0.002039
0.000151
0.000000
0.000000
0.000000
0.000540
0.001752
0.003043
0.002271
0.002111
0.000197
0.000000
0.000000
0.000000
0.000922
0.001349
0.001105
0.000836
0.000530
0.000093
0.000000
0.000000
0.000000
0.000942
0.002483
0.003088
0.001654
0.002274
0.000100
0.000000
0.000000
0.000000
0.000540
0.001752
0.003043
0.002271
0.002111
0.000197
0.000000
0.000000
0.000000
0.006663
0.007238
0.017812
0.016153
0.013576
0.001685
0.000000
0.000000
0.000000
0.000942
0.002483
0.003088
0.001654
0.002274
0.000100
0.000000
0.000000
0.000000
0.000616
0.001181
0.003540
0.008975
0.008560
0.000326
0.000000
0.000000
0.000000
0.006663
0.007238
0.017812
0.016153
0.013576
0.001685
0.000000
0.000000
0.000000
0.011275
0.026355
0.025459
0.018674
0.013232
0.000674
0.000000
0.000000
0.000000
0.000616
0.001181
0.003540
0.008975
0.008560
0.000326
0.000000
0.000000
0.000000
0.000543
0.001707
0.001322
0.008888
0.014427
0.002721
0.000000
0.000000
0.000000
0.011275
0.026355
0.025459
0.018674
0.013232
0.000674
0.000000
0.000000
0.000000
0.011103
0.033292
0.032381
0.065271
0.064161
0.008574
0.000000
0.000000
0.000000
0.000543
0.001707
0.001322
0.008888
0.014427
0.002721
0.000000
0.000000
0.000000
0.000739
0.001777
0.005664
0.011703
0.032364
0.009957
0.000000
0.000000
0.000000
0.011103
0.033292
0.032381
0.065271
0.064161
0.008574
0.000000
0.000000
0.000000
0.005689
0.013814
0.032569
0.047446
0.046747
0.002482
0.000000
0.000000
0.000000
0.000739
0.001777
0.005664
0.011703
0.032364
0.009957
0.000000
0.000000
0.000000
0.000702
0.001480
0.002581
0.011310
0.004922
0.000165
0.000000
0.000000
0.000000
0.005689
0.013814
0.032569
0.047446
0.046747
0.002482
0.000000
0.000000
0.000000
0.005591
0.009215
0.008581
0.020608
0.027330
0.000685
0.000000
0.000000
0.000000
0.000702
0.001480
0.002581
0.011310
0.004922
0.000165
0.000000
0.000000
0.000000
0.000420
0.001804
0.002688
0.002122
0.001414
0.000082
0.000000
0.000000
0.000000
0.005591
0.009215
0.008581
0.020608
0.027330
0.000685
0.000000
0.000000
0.000000
0.000826
0.001330
0.001251
0.007132
0.010609
0.001452
0.000000
0.000000
0.000000
0.000420
0.001804
0.002688
0.002122
0.001414
0.000082
0.000000
0.000000
0.000000
0.000644
0.000942
0.002142
0.002947
0.001954
0.000225
0.000000
0.000000
0.000000
0.000826
0.001330
0.001251
0.007132
0.010609
0.001452
0.000000
0.000000
0.000000
0.000943
0.000241
0.001360
0.001894
0.007132
0.000872
0.000000
0.000000
0.000000
0.000644
0.000942
0.002142
0.002947
0.001954
0.000225
0.000000
0.000000
0.000000
0.001017
0.000806
0.001255
0.001895
0.002630
0.000166
0.000000
0.000000
0.000000
0.000943
0.000241
0.001360
0.001894
0.007132
0.000872
0.000000
0.000000
0.000000
0.001893
0.000738
0.000317
0.000943
0.005762
0.000779
0.000000
0.000000
0.000000
0.001017
0.000806
0.001255
0.001895
0.002630
0.000166
0.000000
0.000000
0.000000
0.000506
0.001527
0.002046
0.002435
0.001331
0.000086
0.000000
0.000000
0.000000
0.001893
0.000738
0.000317
0.000943
0.005762
0.000779
0.000000
0.000000
0.000000
0.001053
0.000610
0.001350
0.003316
0.002520
0.000087
0.000000
0.000000
0.000000
0.000506
0.001527
0.002046
0.002435
0.001331
0.000086
0.000000
0.000000
0.000000
0.000759
0.000999
0.001684
0.001732
0.002535
0.000087
0.000000
0.000000
0.000000
0.001053
0.000610
0.001350
0.003316
0.002520
0.000087
0.000000
0.000000
0.000000
0.000815
0.000796
0.001723
0.003283
0.002960
0.000120
0.000000
0.000000
0.000000
0.000759
0.000999
0.001684
0.001732
0.002535
0.000087
0.000000
0.000000
0.000000
0.001248
0.002626
0.002410
0.000793
0.000999
0.000183
0.000000
0.000000
0.000000
0.000922
0.001349
0.001105
0.000836
0.000530
0.000093
0.000000
0.000000
0.000000
0.000942
0.002483
0.003088
0.001654
0.002274
0.000100
0.000000
0.000000
0.000000
0.000784
0.000279
0.001064
0.002010
0.001922
0.000053
0.000000
0.000000
0.000000
0.000404
0.001879
0.002764
0.002772
0.001786
0.000092
0.000000
0.000000
0.000000
0.000942
0.002483
0.003088
0.001654
0.002274
0.000100
0.000000
0.000000
0.000000
0.000616
0.001181
0.003540
0.008975
0.008560
0.000326
0.000000
0.000000
0.000000
0.000404
0.001879
0.002764
0.002772
0.001786
0.000092
0.000000
0.000000
0.000000
0.000675
0.000209
0.001139
0.001746
0.002572
0.000151
0.000000
0.000000
0.000000
0.000616
0.001181
0.003540
0.008975
0.008560
0.000326
0.000000
0.000000
0.000000
0.000543
0.001707
0.001322
0.008888
0.014427
0.002721
0.000000
0.000000
0.000000
0.000675
0.000209
0.001139
0.001746
0.002572
0.000151
0.000000
0.000000
0.000000
0.001059
0.000889
0.001219
0.001486
0.000552
0.000065
0.000000
0.000000
0.000000
0.000543
0.001707
0.001322
0.008888
0.014427
0.002721
0.000000
0.000000
0.000000
0.000739
0.001777
0.005664
0.011703
0.032364
0.009957
0.000000
0.000000
0.000000
0.001059
0.000889
0.001219
0.001486
0.000552
0.000065
0.000000
0.000000
0.000000
0.000849
0.000684
0.000598
0.001829
0.001349
0.000041
0.000000
0.000000
0.000000
0.000739
0.001777
0.005664
0.011703
0.032364
0.009957
0.000000
0.000000
0.000000
0.000702
0.001480
0.002581
0.011310
0.004922
0.000165
0.000000
0.000000
0.000000
0.000849
0.000684
0.000598
0.001829
0.001349
0.000041
0.000000
0.000000
0.000000
0.000718
0.001086
0.001985
0.001652
0.001123
0.000063
0.000000
0.000000
0.000000
0.000702
0.001480
0.002581
0.011310
0.004922
0.000165
0.000000
0.000000
0.000000
0.000420
0.001804
0.002688
0.002122
0.001414
0.000082
0.000000
0.000000
0.000000
0.000718
0.001086
0.001985
0.001652
0.001123
0.000063
0.000000
0.000000
0.000000
0.001010
0.000901
0.001866
0.001990
0.001172
0.000016
0.000000
0.000000
0.000000
0.000420
0.001804
0.002688
0.002122
0.001414
0.000082
0.000000
0.000000
0.000000
0.000644
0.000942
0.002142
0.002947
0.001954
0.000225
0.000000
0.000000
0.000000
0.001010
0.000901
0.001866
0.001990
0.001172
0.000016
0.000000
0.000000
0.000000
0.000795
0.001401
0.002365
0.001628
0.000887
0.000069
0.000000
0.000000
0.000000
0.000644
0.000942
0.002142
0.002947
0.001954
0.000225
0.000000
0.000000
0.000000
0.001017
0.000806
0.001255
0.001895
0.002630
0.000166
0.000000
0.000000
0.000000
0.000795
0.001401
0.002365
0.001628
0.000887
0.000069
0.000000
0.000000
0.000000
0.000786
0.001002
0.002470
0.002068
0.001065
0.000080
0.000000
0.000000
0.000000
0.001017
0.000806
0.001255
0.001895
0.002630
0.000166
0.000000
0.000000
0.000000
0.000506
0.001527
0.002046
0.002435
0.001331
0.000086
0.000000
0.000000
0.000000
0.000786
0.001002
0.002470
0.002068
0.001065
0.000080
0.000000
0.000000
0.000000
0.000461
0.002036
0.002175
0.002181
0.001897
0.000213
0.000000
0.000000
0.000000
0.000506
0.001527
0.002046
0.002435
0.001331
0.000086
0.000000
0.000000
0.000000
0.000759
0.000999
0.001684
0.001732
0.002535
0.000087
0.000000
0.000000
0.000000
0.000461
0.002036
0.002175
0.002181
0.001897
0.000213
0.000000
0.000000
0.000000
0.000361
0.000997
0.001922
0.002202
0.000927
0.000003
0.000000
0.000000
0.000000
0.000759
0.000999
0.001684
0.001732
0.002535
0.000087
0.000000
0.000000
0.000000
0.001248
0.002626
0.002410
0.000793
0.000999
0.000183
0.000000
0.000000
0.000000
0.000361
0.000997
0.001922
0.002202
0.000927
0.000003
0.000000
0.000000
0.000000
0.000551
0.001728
0.001693
0.001884
0.002140
0.000290
0.000000
0.000000
0.000000
0.000784
0.000279
0.001064
0.002010
0.001922
0.000053
0.000000
0.000000
0.000000
0.000404
0.001879
0.002764
0.002772
0.001786
0.000092
0.000000
0.000000
0.000000
0.000697
0.001669
0.001660
0.003269
0.001661
0.000036
0.000000
0.000000
0.000000
0.001054
0.000933
0.001922
0.001833
0.001771
0.000012
0.000000
0.000000
0.000000
0.000404
0.001879
0.002764
0.002772
0.001786
0.000092
0.000000
0.000000
0.000000
0.000675
0.000209
0.001139
0.001746
0.002572
0.000151
0.000000
0.000000
0.000000
0.001054
0.000933
0.001922
0.001833
0.001771
0.000012
0.000000
0.000000
0.000000
0.000591
0.000722
0.001304
0.001840
0.002240
0.000176
0.000000
0.000000
0.000000
0.000675
0.000209
0.001139
0.001746
0.002572
0.000151
0.000000
0.000000
0.000000
0.001059
0.000889
0.001219
0.001486
0.000552
0.000065
0.000000
0.000000
0.000000
0.000591
0.000722
0.001304
0.001840
0.002240
0.000176
0.000000
0.000000
0.000000
0.000996
0.000953
0.001639
0.001711
0.001052
0.000005
0.000000
0.000000
0.000000
0.001059
0.000889
0.001219
0.001486
0.000552
0.000065
0.000000
0.000000
0.000000
0.000849
0.000684
0.000598
0.001829
0.001349
0.000041
0.000000
0.000000
0.000000
0.000996
0.000953
0.001639
0.001711
0.001052
0.000005
0.000000
0.000000
0.000000
0.001081
0.001665
0.002396
0.003295
0.001735
0.000070
0.000000
0.000000
0.000000
0.000849
0.000684
0.000598
0.001829
0.001349
0.000041
0.000000
0.000000
0.000000
0.000718
0.001086
0.001985
0.001652
0.001123
0.000063
0.000000
0.000000
0.000000
0.001081
0.001665
0.002396
0.003295
0.001735
0.000070
0.000000
0.000000
0.000000
0.000947
0.001202
0.001258
0.001828
0.001841
0.000041
0.000000
0.000000
0.000000
0.000718
0.001086
0.001985
0.001652
0.001123
0.000063
0.000000
0.000000
0.000000
0.001010
0.000901
0.001866
0.001990
0.001172
0.000016
0.000000
0.000000
0.000000
0.000947
0.001202
0.001258
0.001828
0.001841
0.000041
0.000000
0.000000
0.000000
0.001182
0.002523
0.002491
0.002196
0.000968
0.000040
0.000000
0.000000
0.000000
0.001010
0.000901
0.001866
0.001990
0.001172
0.000016
0.000000
0.000000
0.000000
0.000795
0.001401
0.002365
0.001628
0.000887
0.000069
0.000000
0.000000
0.000000
0.001182
0.002523
0.002491
0.002196
0.000968
0.000040
0.000000
0.000000
0.000000
0.001771
0.002118
0.002344
0.002334
0.000896
0.000016
0.000000
0.000000
0.000000
0.000795
0.001401
0.002365
0.001628
0.000887
0.000069
0.000000
0.000000
0.000000
0.000786
0.001002
0.002470
0.002068
0.001065
0.000080
0.000000
0.000000
0.000000
0.001771
0.002118
0.002344
0.002334
0.000896
0.000016
0.000000
0.000000
0.000000
0.000874
0.001244
0.001978
0.001076
0.000559
0.000000
0.000000
0.000000
0.000000
0.000786
0.001002
0.002470
0.002068
0.001065
0.000080
0.000000
0.000000
0.000000
0.000461
0.002036
0.002175
0.002181
0.001897
0.000213
0.000000
0.000000
0.000000
0.000874
0.001244
0.001978
0.001076
0.000559
0.000000
0.000000
0.000000
0.000000
0.000330
0.001016
0.002197
0.002040
0.001877
0.000038
0.000000
0.000000
0.000000
0.000461
0.002036
0.002175
0.002181
0.001897
0.000213
0.000000
0.000000
0.000000
0.000361
0.000997
0.001922
0.002202
0.000927
0.000003
0.000000
0.000000
0.000000
0.000330
0.001016
0.002197
0.002040
0.001877
0.000038
0.000000
0.000000
0.000000
0.000794
0.001230
0.001713
0.003893
0.004430
0.000300
0.000000
0.000000
0.000000
0.000361
0.000997
0.001922
0.002202
0.000927
0.000003
0.000000
0.000000
0.000000
0.000551
0.001728
0.001693
0.001884
0.002140
0.000290
0.000000
0.000000
0.000000
0.000794
0.001230
0.001713
0.003893
0.004430
0.000300
0.000000
0.000000
0.000000
0.000968
0.000919
0.002747
0.002927
0.004010
0.000273
0.000000
0.000000
0.000000
0.000697
0.001669
0.001660
0.003269
0.001661
0.000036
0.000000
0.000000
0.000000
0.001054
0.000933
0.001922
0.001833
0.001771
0.000012
0.000000
0.000000
0.000000
0.001039
0.001326
0.000871
0.002214
0.002685
0.000068
0.000000
0.000000
0.000000
0.000491
0.000411
0.002503
0.003329
0.001929
0.000058
0.000000
0.000000
0.000000
0.001054
0.000933
0.001922
0.001833
0.001771
0.000012
0.000000
0.000000
0.000000
0.000591
0.000722
0.001304
0.001840
0.002240
0.000176
0.000000
0.000000
0.000000
0.000491
0.000411
0.002503
0.003329
0.001929
0.000058
0.000000
0.000000
0.000000
0.001075
0.001809
0.001496
0.001217
0.000957
0.000129
0.000000
0.000000
0.000000
0.000591
0.000722
0.001304
0.001840
0.002240
0.000176
0.000000
0.000000
0.000000
0.000996
0.000953
0.001639
0.001711
0.001052
0.000005
0.000000
0.000000
0.000000
0.001075
0.001809
0.001496
0.001217
0.000957
0.000129
0.000000
0.000000
0.000000
0.001067
0.000946
0.001395
0.001501
0.001186
0.000071
0.000000
0.000000
0.000000
0.000996
0.000953
0.001639
0.001711
0.001052
0.000005
0.000000
0.000000
0.000000
0.001081
0.001665
0.002396
0.003295
0.001735
0.000070
0.000000
0.000000
0.000000
0.001067
0.000946
0.001395
0.001501
0.001186
0.000071
0.000000
0.000000
0.000000
0.000713
0.000774
0.001767
0.003289
0.002684
0.000062
0.000000
0.000000
0.000000
0.001081
0.001665
0.002396
0.003295
0.001735
0.000070
0.000000
0.000000
0.000000
0.000947
0.001202
0.001258
0.001828
0.001841
0.000041
0.000000
0.000000
0.000000
0.000713
0.000774
0.001767
0.003289
0.002684
0.000062
0.000000
0.000000
0.000000
0.001048
0.000285
0.002403
0.003407
0.005573
0.001164
0.000000
0.000000
0.000000
0.000947
0.001202
0.001258
0.001828
0.001841
0.000041
0.000000
0.000000
0.000000
0.001182
0.002523
0.002491
0.002196
0.000968
0.000040
0.000000
0.000000
0.000000
0.001048
0.000285
0.002403
0.003407
0.005573
0.001164
0.000000
0.000000
0.000000
0.001355
0.001466
0.001611
0.001735
0.002468
0.000275
0.000000
0.000000
0.000000
0.001182
0.002523
0.002491
0.002196
0.000968
0.000040
0.000000
0.000000
0.000000
0.001771
0.002118
0.002344
0.002334
0.000896
0.000016
0.000000
0.000000
0.000000
0.001355
0.001466
0.001611
0.001735
0.002468
0.000275
0.000000
0.000000
0.000000
0.001596
0.001849
0.001185
0.001234
0.000842
0.000031
0.000000
0.000000
0.000000
0.001771
0.002118
0.002344
0.002334
0.000896
0.000016
0.000000
0.000000
0.000000
0.000874
0.001244
0.001978
0.001076
0.000559
0.000000
0.000000
0.000000
0.000000
0.001596
0.001849
0.001185
0.001234
0.000842
0.000031
0.000000
0.000000
0.000000
0.000655
0.000773
0.000957
0.000832
0.000653
0.000042
0.000000
0.000000
0.000000
0.000874
0.001244
0.001978
0.001076
0.000559
0.000000
0.000000
0.000000
0.000000
0.000330
0.001016
0.002197
0.002040
0.001877
0.000038
0.000000
0.000000
0.000000
0.000655
0.000773
0.000957
0.000832
0.000653
0.000042
0.000000
0.000000
0.000000
0.000603
0.000873
0.001885
0.001985
0.002336
0.000141
0.000000
0.000000
0.000000
0.000330
0.001016
0.002197
0.002040
0.001877
0.000038
0.000000
0.000000
0.000000
0.000794
0.001230
0.001713
0.003893
0.004430
0.000300
0.000000
0.000000
0.000000
0.000603
0.000873
0.001885
0.001985
0.002336
0.000141
0.000000
0.000000
0.000000
0.000699
0.000943
0.002361
0.002059
0.001534
0.000036
0.000000
0.000000
0.000000
0.000794
0.001230
0.001713
0.003893
0.004430
0.000300
0.000000
0.000000
0.000000
0.000968
0.000919
0.002747
0.002927
0.004010
0.000273
0.000000
0.000000
0.000000
0.000699
0.000943
0.002361
0.002059
0.001534
0.000036
0.000000
0.000000
0.000000
0.000976
0.001621
0.001661
0.001798
0.001318
0.000041
0.000000
0.000000
0.000000
