0.010942
0.010948
0.001140
0.000790
0.000373
0.000000
0.000000
0.000000
0.000000
0.002826
0.003164
0.000885
0.000293
0.000232
0.000006
0.000000
0.000000
0.000000
0.017816
0.009319
0.001627
0.000548
0.000536
0.000038
0.000000
0.000000
0.000000
0.003193
0.002781
0.000931
0.001154
0.000356
0.000000
0.000000
0.000000
0.000000
0.002826
0.003164
0.000885
0.000293
0.000232
0.000006
0.000000
0.000000
0.000000
0.022618
0.005919
0.001785
0.000318
0.000243
0.000010
0.000000
0.000000
0.000000
0.003193
0.002781
0.000931
0.001154
0.000356
0.000000
0.000000
0.000000
0.000000
0.020018
0.005406
0.000883
0.000743
0.000211
0.000000
0.000000
0.000000
0.000000
0.022618
0.005919
0.001785
0.000318
0.000243
0.000010
0.000000
0.000000
0.000000
0.056968
0.010466
0.001349
0.001116
0.000423
0.000000
0.000000
0.000000
0.000000
0.020018
0.005406
0.000883
0.000743
0.000211
0.000000
0.000000
0.000000
0.000000
0.062744
0.024290
0.003142
0.001538
0.000765
0.000000
0.000000
0.000000
0.000000
0.056968
0.010466
0.001349
0.001116
0.000423
0.000000
0.000000
0.000000
0.000000
0.001363
0.002388
0.001295
0.000981
0.000932
0.000104
0.000000
0.000000
0.000000
0.062744
0.024290
0.003142
0.001538
0.000765
0.000000
0.000000
0.000000
0.000000
0.000498
0.001314
0.002570
0.003725
0.004290
0.000639
0.000000
0.000000
0.000000
0.001363
0.002388
0.001295
0.000981
0.000932
0.000104
0.000000
0.000000
0.000000
0.020443
0.012067
0.000152
0.000501
0.000412
0.000023
0.000000
0.000000
0.000000
0.000498
0.001314
0.002570
0.003725
0.004290
0.000639
0.000000
0.000000
0.000000
0.018221
0.012872
0.001686
0.000679
0.000490
0.000153
0.000000
0.000000
0.000000
0.020443
0.012067
0.000152
0.000501
0.000412
0.000023
0.000000
0.000000
0.000000
0.032899
0.013694
0.002177
0.000616
0.000640
0.000037
0.000000
0.000000
0.000000
0.018221
0.012872
0.001686
0.000679
0.000490
0.000153
0.000000
0.000000
0.000000
0.025682
0.019770
0.001426
0.000849
0.001111
0.000157
0.000000
0.000000
0.000000
0.032899
0.013694
0.002177
0.000616
0.000640
0.000037
0.000000
0.000000
0.000000
0.001732
0.005473
0.002081
0.002089
0.000609
0.000043
0.000000
0.000000
0.000000
0.025682
0.019770
0.001426
0.000849
0.001111
0.000157
0.000000
0.000000
0.000000
0.001042
0.003689
0.003021
0.002774
0.001747
0.000096
0.000000
0.000000
0.000000
0.001732
0.005473
0.002081
0.002089
0.000609
0.000043
0.000000
0.000000
0.000000
0.010196
0.006676
0.001781
0.000705
0.000507
0.000072
0.000000
0.000000
0.000000
0.001042
0.003689
0.003021
0.002774
0.001747
0.000096
0.000000
0.000000
0.000000
0.013453
0.007797
0.002671
0.000822
0.000299
0.000000
0.000000
0.000000
0.000000
0.010196
0.006676
0.001781
0.000705
0.000507
0.000072
0.000000
0.000000
0.000000
0.008677
0.010521
0.003164
0.000534
0.000109
0.000000
0.000000
0.000000
0.000000
0.013453
0.007797
0.002671
0.000822
0.000299
0.000000
0.000000
0.000000
0.000000
0.014914
0.010599
0.004983
0.001872
0.000739
0.000025
0.000000
0.000000
0.000000
0.008677
0.010521
0.003164
0.000534
0.000109
0.000000
0.000000
0.000000
0.000000
0.016577
0.007535
0.002026
0.001284
0.000627
0.000000
0.000000
0.000000
0.000000
0.014914
0.010599
0.004983
0.001872
0.000739
0.000025
0.000000
0.000000
0.000000
0.025608
0.013264
0.001410
0.001017
0.000147
0.000000
0.000000
0.000000
0.000000
0.016577
0.007535
0.002026
0.001284
0.000627
0.000000
0.000000
0.000000
0.000000
0.021054
0.007696
0.001619
0.000642
0.000388
0.000000
0.000000
0.000000
0.000000
0.025608
0.013264
0.001410
0.001017
0.000147
0.000000
0.000000
0.000000
0.000000
0.026026
0.007450
0.002678
0.002733
0.001248
0.000122
0.000000
0.000000
0.000000
0.017816
0.009319
0.001627
0.000548
0.000536
0.000038
0.000000
0.000000
0.000000
0.003193
0.002781
0.000931
0.001154
0.000356
0.000000
0.000000
0.000000
0.000000
0.017046
0.007320
0.001928
0.001688
0.000410
0.000000
0.000000
0.000000
0.000000
0.005048
0.004096
0.001322
0.001198
0.000355
0.000006
0.000000
0.000000
0.000000
0.003193
0.002781
0.000931
0.001154
0.000356
0.000000
0.000000
0.000000
0.000000
0.020018
0.005406
0.000883
0.000743
0.000211
0.000000
0.000000
0.000000
0.000000
0.005048
0.004096
0.001322
0.001198
0.000355
0.000006
0.000000
0.000000
0.000000
0.015554
0.004330
0.001132
0.000700
0.000838
0.000046
0.000000
0.000000
0.000000
0.020018
0.005406
0.000883
0.000743
0.000211
0.000000
0.000000
0.000000
0.000000
0.062744
0.024290
0.003142
0.001538
0.000765
0.000000
0.000000
0.000000
0.000000
0.015554
0.004330
0.001132
0.000700
0.000838
0.000046
0.000000
0.000000
0.000000
0.071118
0.020384
0.001145
0.000356
0.000000
0.000000
0.000000
0.000000
0.000000
0.062744
0.024290
0.003142
0.001538
0.000765
0.000000
0.000000
0.000000
0.000000
0.000498
0.001314
0.002570
0.003725
0.004290
0.000639
0.000000
0.000000
0.000000
0.071118
0.020384
0.001145
0.000356
0.000000
0.000000
0.000000
0.000000
0.000000
0.001312
0.001603
0.001094
0.001878
0.001188
0.000069
0.000000
0.000000
0.000000
0.000498
0.001314
0.002570
0.003725
0.004290
0.000639
0.000000
0.000000
0.000000
0.018221
0.012872
0.001686
0.000679
0.000490
0.000153
0.000000
0.000000
0.000000
0.001312
0.001603
0.001094
0.001878
0.001188
0.000069
0.000000
0.000000
0.000000
0.018432
0.009223
0.001343
0.000260
0.000000
0.000000
0.000000
0.000000
0.000000
0.018221
0.012872
0.001686
0.000679
0.000490
0.000153
0.000000
0.000000
0.000000
0.025682
0.019770
0.001426
0.000849
0.001111
0.000157
0.000000
0.000000
0.000000
0.018432
0.009223
0.001343
0.000260
0.000000
0.000000
0.000000
0.000000
0.000000
0.029391
0.019100
0.002273
0.001769
0.000886
0.000034
0.000000
0.000000
0.000000
0.025682
0.019770
0.001426
0.000849
0.001111
0.000157
0.000000
0.000000
0.000000
0.001042
0.003689
0.003021
0.002774
0.001747
0.000096
0.000000
0.000000
0.000000
0.029391
0.019100
0.002273
0.001769
0.000886
0.000034
0.000000
0.000000
0.000000
0.002152
0.004020
0.002708
0.002763
0.000825
0.000003
0.000000
0.000000
0.000000
0.001042
0.003689
0.003021
0.002774
0.001747
0.000096
0.000000
0.000000
0.000000
0.013453
0.007797
0.002671
0.000822
0.000299
0.000000
0.000000
0.000000
0.000000
0.002152
0.004020
0.002708
0.002763
0.000825
0.000003
0.000000
0.000000
0.000000
0.011435
0.005478
0.001279
0.000405
0.000048
0.000000
0.000000
0.000000
0.000000
0.013453
0.007797
0.002671
0.000822
0.000299
0.000000
0.000000
0.000000
0.000000
0.014914
0.010599
0.004983
0.001872
0.000739
0.000025
0.000000
0.000000
0.000000
0.011435
0.005478
0.001279
0.000405
0.000048
0.000000
0.000000
0.000000
0.000000
0.014374
0.011125
0.004327
0.003154
0.003770
0.000460
0.000000
0.000000
0.000000
0.014914
0.010599
0.004983
0.001872
0.000739
0.000025
0.000000
0.000000
0.000000
0.025608
0.013264
0.001410
0.001017
0.000147
0.000000
0.000000
0.000000
0.000000
0.014374
0.011125
0.004327
0.003154
0.003770
0.000460
0.000000
0.000000
0.000000
0.016288
0.018149
0.008052
0.002782
0.003129
0.000512
0.000000
0.000000
0.000000
0.025608
0.013264
0.001410
0.001017
0.000147
0.000000
0.000000
0.000000
0.000000
0.026026
0.007450
0.002678
0.002733
0.001248
0.000122
0.000000
0.000000
0.000000
0.016288
0.018149
0.008052
0.002782
0.003129
0.000512
0.000000
0.000000
0.000000
0.016503
0.018638
0.002612
0.002442
0.003021
0.000127
0.000000
0.000000
0.000000
0.017046
0.007320
0.001928
0.001688
0.000410
0.000000
0.000000
0.000000
0.000000
0.005048
0.004096
0.001322
0.001198
0.000355
0.000006
0.000000
0.000000
0.000000
0.016139
0.007817
0.001509
0.000698
0.000571
0.000003
0.000000
0.000000
0.000000
0.005907
0.004304
0.001306
0.000244
0.000024
0.000000
0.000000
0.000000
0.000000
0.005048
0.004096
0.001322
0.001198
0.000355
0.000006
0.000000
0.000000
0.000000
0.015554
0.004330
0.001132
0.000700
0.000838
0.000046
0.000000
0.000000
0.000000
0.005907
0.004304
0.001306
0.000244
0.000024
0.000000
0.000000
0.000000
0.000000
0.015001
0.005090
0.000502
0.000408
0.000287
0.000000
0.000000
0.000000
0.000000
0.015554
0.004330
0.001132
0.000700
0.000838
0.000046
0.000000
0.000000
0.000000
0.071118
0.020384
0.001145
0.000356
0.000000
0.000000
0.000000
0.000000
0.000000
0.015001
0.005090
0.000502
0.000408
0.000287
0.000000
0.000000
0.000000
0.000000
0.085107
0.016277
0.000772
0.000291
0.000242
0.000000
0.000000
0.000000
0.000000
0.071118
0.020384
0.001145
0.000356
0.000000
0.000000
0.000000
0.000000
0.000000
0.001312
0.001603
0.001094
0.001878
0.001188
0.000069
0.000000
0.000000
0.000000
0.085107
0.016277
0.000772
0.000291
0.000242
0.000000
0.000000
0.000000
0.000000
0.000482
0.000557
0.001369
0.001604
0.001528
0.000051
0.000000
0.000000
0.000000
0.001312
0.001603
0.001094
0.001878
0.001188
0.000069
0.000000
0.000000
0.000000
0.018432
0.009223
0.001343
0.000260
0.000000
0.000000
0.000000
0.000000
0.000000
0.000482
0.000557
0.001369
0.001604
0.001528
0.000051
0.000000
0.000000
0.000000
0.007804
0.010181
0.009512
0.004509
0.001596
0.000137
0.000000
0.000000
0.000000
0.018432
0.009223
0.001343
0.000260
0.000000
0.000000
0.000000
0.000000
0.000000
0.029391
0.019100
0.002273
0.001769
0.000886
0.000034
0.000000
0.000000
0.000000
0.007804
0.010181
0.009512
0.004509
0.001596
0.000137
0.000000
0.000000
0.000000
0.035760
0.014641
0.012874
0.018627
0.010841
0.000785
0.000000
0.000000
0.000000
0.029391
0.019100
0.002273
0.001769
0.000886
0.000034
0.000000
0.000000
0.000000
0.002152
0.004020
0.002708
0.002763
0.000825
0.000003
0.000000
0.000000
0.000000
0.035760
0.014641
0.012874
0.018627
0.010841
0.000785
0.000000
0.000000
0.000000
0.001437
0.003447
0.003048
0.002121
0.000440
0.000000
0.000000
0.000000
0.000000
0.002152
0.004020
0.002708
0.002763
0.000825
0.000003
0.000000
0.000000
0.000000
0.011435
0.005478
0.001279
0.000405
0.000048
0.000000
0.000000
0.000000
0.000000
0.001437
0.003447
0.003048
0.002121
0.000440
0.000000
0.000000
0.000000
0.000000
0.012873
0.006400
0.001828
0.000946
0.000646
0.000089
0.000000
0.000000
0.000000
0.011435
0.005478
0.001279
0.000405
0.000048
0.000000
0.000000
0.000000
0.000000
0.014374
0.011125
0.004327
0.003154
0.003770
0.000460
0.000000
0.000000
0.000000
0.012873
0.006400
0.001828
0.000946
0.000646
0.000089
0.000000
0.000000
0.000000
0.020457
0.008961
0.003272
0.003534
0.002608
0.000113
0.000000
0.000000
0.000000
0.014374
0.011125
0.004327
0.003154
0.003770
0.000460
0.000000
0.000000
0.000000
0.016288
0.018149
0.008052
0.002782
0.003129
0.000512
0.000000
0.000000
0.000000
0.020457
0.008961
0.003272
0.003534
0.002608
0.000113
0.000000
0.000000
0.000000
0.017308
0.018026
0.012389
0.006591
0.006507
0.001511
0.000000
0.000000
0.000000
0.016288
0.018149
0.008052
0.002782
0.003129
0.000512
0.000000
0.000000
0.000000
0.016503
0.018638
0.002612
0.002442
0.003021
0.000127
0.000000
0.000000
0.000000
0.017308
0.018026
0.012389
0.006591
0.006507
0.001511
0.000000
0.000000
0.000000
0.025125
0.012601
0.008684
0.005491
0.006050
0.000263
0.000000
0.000000
0.000000
0.016139
0.007817
0.001509
0.000698
0.000571
0.000003
0.000000
0.000000
0.000000
0.005907
0.004304
0.001306
0.000244
0.000024
0.000000
0.000000
0.000000
0.000000
0.019149
0.011895
0.001068
0.000859
0.000574
0.000113
0.000000
0.000000
0.000000
0.004153
0.004000
0.000965
0.000771
0.000644
0.000061
0.000000
0.000000
0.000000
0.005907
0.004304
0.001306
0.000244
0.000024
0.000000
0.000000
0.000000
0.000000
0.015001
0.005090
0.000502
0.000408
0.000287
0.000000
0.000000
0.000000
0.000000
0.004153
0.004000
0.000965
0.000771
0.000644
0.000061
0.000000
0.000000
0.000000
0.010220
0.003905
0.001289
0.000346
0.000040
0.000000
0.000000
0.000000
0.000000
0.015001
0.005090
0.000502
0.000408
0.000287
0.000000
0.000000
0.000000
0.000000
0.085107
0.016277
0.000772
0.000291
0.000242
0.000000
0.000000
0.000000
0.000000
0.010220
0.003905
0.001289
0.000346
0.000040
0.000000
0.000000
0.000000
0.000000
0.091158
0.017884
0.000346
0.000004
0.000076
0.000000
0.000000
0.000000
0.000000
0.085107
0.016277
0.000772
0.000291
0.000242
0.000000
0.000000
0.000000
0.000000
0.000482
0.000557
0.001369
0.001604
0.001528
0.000051
0.000000
0.000000
0.000000
0.091158
0.017884
0.000346
0.000004
0.000076
0.000000
0.000000
0.000000
0.000000
0.001788
0.002233
0.002701
0.005259
0.003482
0.000237
0.000000
0.000000
0.000000
0.000482
0.000557
0.001369
0.001604
0.001528
0.000051
0.000000
0.000000
0.000000
0.007804
0.010181
0.009512
0.004509
0.001596
0.000137
0.000000
0.000000
0.000000
0.001788
0.002233
0.002701
0.005259
0.003482
0.000237
0.000000
0.000000
0.000000
0.035791
0.043388
0.040358
0.017056
0.005789
0.000201
0.000000
0.000000
0.000000
0.007804
0.010181
0.009512
0.004509
0.001596
0.000137
0.000000
0.000000
0.000000
0.035760
0.014641
0.012874
0.018627
0.010841
0.000785
0.000000
0.000000
0.000000
0.035791
0.043388
0.040358
0.017056
0.005789
0.000201
0.000000
0.000000
0.000000
0.028702
0.040751
0.026532
0.014020
0.008529
0.001468
0.000000
0.000000
0.000000
0.035760
0.014641
0.012874
0.018627
0.010841
0.000785
0.000000
0.000000
0.000000
0.001437
0.003447
0.003048
0.002121
0.000440
0.000000
0.000000
0.000000
0.000000
0.028702
0.040751
0.026532
0.014020
0.008529
0.001468
0.000000
0.000000
0.000000
0.005745
0.009339
0.019139
0.018292
0.000300
0.000013
0.000000
0.000000
0.000000
0.001437
0.003447
0.003048
0.002121
0.000440
0.000000
0.000000
0.000000
0.000000
0.012873
0.006400
0.001828
0.000946
0.000646
0.000089
0.000000
0.000000
0.000000
0.005745
0.009339
0.019139
0.018292
0.000300
0.000013
0.000000
0.000000
0.000000
0.012454
0.011330
0.004711
0.001122
0.000408
0.000000
0.000000
0.000000
0.000000
0.012873
0.006400
0.001828
0.000946
0.000646
0.000089
0.000000
0.000000
0.000000
0.020457
0.008961
0.003272
0.003534
0.002608
0.000113
0.000000
0.000000
0.000000
0.012454
0.011330
0.004711
0.001122
0.000408
0.000000
0.000000
0.000000
0.000000
0.012612
0.009107
0.005837
0.004824
0.003448
0.000292
0.000000
0.000000
0.000000
0.020457
0.008961
0.003272
0.003534
0.002608
0.000113
0.000000
0.000000
0.000000
0.017308
0.018026
0.012389
0.006591
0.006507
0.001511
0.000000
0.000000
0.000000
0.012612
0.009107
0.005837
0.004824
0.003448
0.000292
0.000000
0.000000
0.000000
0.008582
0.012830
0.017518
0.012773
0.002875
0.000248
0.000000
0.000000
0.000000
0.017308
0.018026
0.012389
0.006591
0.006507
0.001511
0.000000
0.000000
0.000000
0.025125
0.012601
0.008684
0.005491
0.006050
0.000263
0.000000
0.000000
0.000000
0.008582
0.012830
0.017518
0.012773
0.002875
0.000248
0.000000
0.000000
0.000000
0.017618
0.014666
0.006263
0.009418
0.003481
0.000272
0.000000
0.000000
0.000000
0.019149
0.011895
0.001068
0.000859
0.000574
0.000113
0.000000
0.000000
0.000000
0.004153
0.004000
0.000965
0.000771
0.000644
0.000061
0.000000
0.000000
0.000000
0.019428
0.008390
0.000624
0.000737
0.000301
0.000000
0.000000
0.000000
0.000000
0.004489
0.004741
0.000930
0.000399
0.000451
0.000029
0.000000
0.000000
0.000000
0.004153
0.004000
0.000965
0.000771
0.000644
0.000061
0.000000
0.000000
0.000000
0.010220
0.003905
0.001289
0.000346
0.000040
0.000000
0.000000
0.000000
0.000000
0.004489
0.004741
0.000930
0.000399
0.000451
0.000029
0.000000
0.000000
0.000000
0.008455
0.005466
0.001785
0.000940
0.000603
0.000003
0.000000
0.000000
0.000000
0.010220
0.003905
0.001289
0.000346
0.000040
0.000000
0.000000
0.000000
0.000000
0.091158
0.017884
0.000346
0.000004
0.000076
0.000000
0.000000
0.000000
0.000000
0.008455
0.005466
0.001785
0.000940
0.000603
0.000003
0.000000
0.000000
0.000000
0.093910
0.015181
0.002132
0.000764
0.000569
0.000000
0.000000
0.000000
0.000000
0.091158
0.017884
0.000346
0.000004
0.000076
0.000000
0.000000
0.000000
0.000000
0.001788
0.002233
0.002701
0.005259
0.003482
0.000237
0.000000
0.000000
0.000000
0.093910
0.015181
0.002132
0.000764
0.000569
0.000000
0.000000
0.000000
0.000000
0.009009
0.026086
0.031316
0.031211
0.013424
0.001166
0.000000
0.000000
0.000000
0.001788
0.002233
0.002701
0.005259
0.003482
0.000237
0.000000
0.000000
0.000000
0.035791
0.043388
0.040358
0.017056
0.005789
0.000201
0.000000
0.000000
0.000000
0.009009
0.026086
0.031316
0.031211
0.013424
0.001166
0.000000
0.000000
0.000000
0.016038
0.062016
0.066869
0.018625
0.006528
0.001301
0.000000
0.000000
0.000000
0.035791
0.043388
0.040358
0.017056
0.005789
0.000201
0.000000
0.000000
0.000000
0.028702
0.040751
0.026532
0.014020
0.008529
0.001468
0.000000
0.000000
0.000000
0.016038
0.062016
0.066869
0.018625
0.006528
0.001301
0.000000
0.000000
0.000000
0.014434
0.022324
0.032824
0.024871
0.013311
0.001685
0.000000
0.000000
0.000000
0.028702
0.040751
0.026532
0.014020
0.008529
0.001468
0.000000
0.000000
0.000000
0.005745
0.009339
0.019139
0.018292
0.000300
0.000013
0.000000
0.000000
0.000000
0.014434
0.022324
0.032824
0.024871
0.013311
0.001685
0.000000
0.000000
0.000000
0.037549
0.062655
0.013238
0.004997
0.000654
0.000021
0.000000
0.000000
0.000000
0.005745
0.009339
0.019139
0.018292
0.000300
0.000013
0.000000
0.000000
0.000000
0.012454
0.011330
0.004711
0.001122
0.000408
0.000000
0.000000
0.000000
0.000000
0.037549
0.062655
0.013238
0.004997
0.000654
0.000021
0.000000
0.000000
0.000000
0.006247
0.015251
0.006492
0.000347
0.000014
0.000000
0.000000
0.000000
0.000000
0.012454
0.011330
0.004711
0.001122
0.000408
0.000000
0.000000
0.000000
0.000000
0.012612
0.009107
0.005837
0.004824
0.003448
0.000292
0.000000
0.000000
0.000000
0.006247
0.015251
0.006492
0.000347
0.000014
0.000000
0.000000
0.000000
0.000000
0.002926
0.002997
0.001991
0.004244
0.006587
0.000807
0.000000
0.000000
0.000000
0.012612
0.009107
0.005837
0.004824
0.003448
0.000292
0.000000
0.000000
0.000000
0.008582
0.012830
0.017518
0.012773
0.002875
0.000248
0.000000
0.000000
0.000000
0.002926
0.002997
0.001991
0.004244
0.006587
0.000807
0.000000
0.000000
0.000000
0.002604
0.003981
0.005791
0.009572
0.008245
0.001044
0.000000
0.000000
0.000000
0.008582
0.012830
0.017518
0.012773
0.002875
0.000248
0.000000
0.000000
0.000000
0.017618
0.014666
0.006263
0.009418
0.003481
0.000272
0.000000
0.000000
0.000000
0.002604
0.003981
0.005791
0.009572
0.008245
0.001044
0.000000
0.000000
0.000000
0.001993
0.000887
0.001518
0.006849
0.011231
0.001756
0.000000
0.000000
0.000000
0.019428
0.008390
0.000624
0.000737
0.000301
0.000000
0.000000
0.000000
0.000000
0.004489
0.004741
0.000930
0.000399
0.000451
0.000029
0.000000
0.000000
0.000000
0.023900
0.006895
0.000534
0.000388
0.000401
0.000006
0.000000
0.000000
0.000000
0.005279
0.006558
0.001364
0.000899
0.000268
0.000000
0.000000
0.000000
0.000000
0.004489
0.004741
0.000930
0.000399
0.000451
0.000029
0.000000
0.000000
0.000000
0.008455
0.005466
0.001785
0.000940
0.000603
0.000003
0.000000
0.000000
0.000000
0.005279
0.006558
0.001364
0.000899
0.000268
0.000000
0.000000
0.000000
0.000000
0.007797
0.008426
0.004017
0.001526
0.000247
0.000000
0.000000
0.000000
0.000000
0.008455
0.005466
0.001785
0.000940
0.000603
0.000003
0.000000
0.000000
0.000000
0.093910
0.015181
0.002132
0.000764
0.000569
0.000000
0.000000
0.000000
0.000000
0.007797
0.008426
0.004017
0.001526
0.000247
0.000000
0.000000
0.000000
0.000000
0.096921
0.017061
0.001080
0.000512
0.000520
0.000013
0.000000
0.000000
0.000000
0.093910
0.015181
0.002132
0.000764
0.000569
0.000000
0.000000
0.000000
0.000000
0.009009
0.026086
0.031316
0.031211
0.013424
0.001166
0.000000
0.000000
0.000000
0.096921
0.017061
0.001080
0.000512
0.000520
0.000013
0.000000
0.000000
0.000000
0.035729
0.028280
0.004514
0.002414
0.000920
0.000121
0.000000
0.000000
0.000000
0.009009
0.026086
0.031316
0.031211
0.013424
0.001166
0.000000
0.000000
0.000000
0.016038
0.062016
0.066869
0.018625
0.006528
0.001301
0.000000
0.000000
0.000000
0.035729
0.028280
0.004514
0.002414
0.000920
0.000121
0.000000
0.000000
0.000000
0.014437
0.037973
0.022780
0.019289
0.013517
0.000363
0.000000
0.000000
0.000000
0.016038
0.062016
0.066869
0.018625
0.006528
0.001301
0.000000
0.000000
0.000000
0.014434
0.022324
0.032824
0.024871
0.013311
0.001685
0.000000
0.000000
0.000000
0.014437
0.037973
0.022780
0.019289
0.013517
0.000363
0.000000
0.000000
0.000000
0.005741
0.018741
0.026103
0.020592
0.015501
0.003077
0.000000
0.000000
0.000000
0.014434
0.022324
0.032824
0.024871
0.013311
0.001685
0.000000
0.000000
0.000000
0.037549
0.062655
0.013238
0.004997
0.000654
0.000021
0.000000
0.000000
0.000000
0.005741
0.018741
0.026103
0.020592
0.015501
0.003077
0.000000
0.000000
0.000000
0.039617
0.040957
0.008003
0.005207
0.009399
0.001060
0.000000
0.000000
0.000000
0.037549
0.062655
0.013238
0.004997
0.000654
0.000021
0.000000
0.000000
0.000000
0.006247
0.015251
0.006492
0.000347
0.000014
0.000000
0.000000
0.000000
0.000000
0.039617
0.040957
0.008003
0.005207
0.009399
0.001060
0.000000
0.000000
0.000000
0.005410
0.009474
0.002089
0.001769
0.000701
0.000110
0.000000
0.000000
0.000000
0.006247
0.015251
0.006492
0.000347
0.000014
0.000000
0.000000
0.000000
0.000000
0.002926
0.002997
0.001991
0.004244
0.006587
0.000807
0.000000
0.000000
0.000000
0.005410
0.009474
0.002089
0.001769
0.000701
0.000110
0.000000
0.000000
0.000000
0.006409
0.006671
0.002271
0.004369
0.009312
0.000569
0.000000
0.000000
0.000000
0.002926
0.002997
0.001991
0.004244
0.006587
0.000807
0.000000
0.000000
0.000000
0.002604
0.003981
0.005791
0.009572
0.008245
0.001044
0.000000
0.000000
0.000000
0.006409
0.006671
0.002271
0.004369
0.009312
0.000569
0.000000
0.000000
0.000000
0.000669
0.000529
0.002825
0.009004
0.007868
0.000656
0.000000
0.000000
0.000000
0.002604
0.003981
0.005791
0.009572
0.008245
0.001044
0.000000
0.000000
0.000000
0.001993
0.000887
0.001518
0.006849
0.011231
0.001756
0.000000
0.000000
0.000000
0.000669
0.000529
0.002825
0.009004
0.007868
0.000656
0.000000
0.000000
0.000000
0.001004
0.001125
0.002158
0.002985
0.003656
0.000452
0.000000
0.000000
0.000000
0.023900
0.006895
0.000534
0.000388
0.000401
0.000006
0.000000
0.000000
0.000000
0.005279
0.006558
0.001364
0.000899
0.000268
0.000000
0.000000
0.000000
0.000000
0.026298
0.006026
0.001208
0.000911
0.000476
0.000010
0.000000
0.000000
0.000000
0.002409
0.003384
0.002009
0.002007
0.002412
0.000027
0.000000
0.000000
0.000000
0.005279
0.006558
0.001364
0.000899
0.000268
0.000000
0.000000
0.000000
0.000000
0.007797
0.008426
0.004017
0.001526
0.000247
0.000000
0.000000
0.000000
0.000000
0.002409
0.003384
0.002009
0.002007
0.002412
0.000027
0.000000
0.000000
0.000000
0.003735
0.006495
0.003119
0.007996
0.003491
0.000063
0.000000
0.000000
0.000000
0.007797
0.008426
0.004017
0.001526
0.000247
0.000000
0.000000
0.000000
0.000000
0.096921
0.017061
0.001080
0.000512
0.000520
0.000013
0.000000
0.000000
0.000000
0.003735
0.006495
0.003119
0.007996
0.003491
0.000063
0.000000
0.000000
0.000000
0.097542
0.018096
0.002048
0.000097
0.000000
0.000000
0.000000
0.000000
0.000000
0.096921
0.017061
0.001080
0.000512
0.000520
0.000013
0.000000
0.000000
0.000000
0.035729
0.028280
0.004514
0.002414
0.000920
0.000121
0.000000
0.000000
0.000000
0.097542
0.018096
0.002048
0.000097
0.000000
0.000000
0.000000
0.000000
0.000000
0.014022
0.019819
0.008530
0.008867
0.001348
0.000000
0.000000
0.000000
0.000000
0.035729
0.028280
0.004514
0.002414
0.000920
0.000121
0.000000
0.000000
0.000000
0.014437
0.037973
0.022780
0.019289
0.013517
0.000363
0.000000
0.000000
0.000000
0.014022
0.019819
0.008530
0.008867
0.001348
0.000000
0.000000
0.000000
0.000000
0.012754
0.040254
0.019752
0.017042
0.031403
0.008362
0.000000
0.000000
0.000000
0.014437
0.037973
0.022780
0.019289
0.013517
0.000363
0.000000
0.000000
0.000000
0.005741
0.018741
0.026103
0.020592
0.015501
0.003077
0.000000
0.000000
0.000000
0.012754
0.040254
0.019752
0.017042
0.031403
0.008362
0.000000
0.000000
0.000000
0.005343
0.024326
0.024960
0.024297
0.016500
0.001370
0.000000
0.000000
0.000000
0.005741
0.018741
0.026103
0.020592
0.015501
0.003077
0.000000
0.000000
0.000000
0.039617
0.040957
0.008003
0.005207
0.009399
0.001060
0.000000
0.000000
0.000000
0.005343
0.024326
0.024960
0.024297
0.016500
0.001370
0.000000
0.000000
0.000000
0.008125
0.010908
0.010174
0.004576
0.000743
0.000000
0.000000
0.000000
0.000000
0.039617
0.040957
0.008003
0.005207
0.009399
0.001060
0.000000
0.000000
0.000000
0.005410
0.009474
0.002089
0.001769
0.000701
0.000110
0.000000
0.000000
0.000000
0.008125
0.010908
0.010174
0.004576
0.000743
0.000000
0.000000
0.000000
0.000000
0.001581
0.001944
0.005386
0.005317
0.003942
0.000293
0.000000
0.000000
0.000000
0.005410
0.009474
0.002089
0.001769
0.000701
0.000110
0.000000
0.000000
0.000000
0.006409
0.006671
0.002271
0.004369
0.009312
0.000569
0.000000
0.000000
0.000000
0.001581
0.001944
0.005386
0.005317
0.003942
0.000293
0.000000
0.000000
0.000000
0.017365
0.010445
0.003880
0.005548
0.003997
0.000273
0.000000
0.000000
0.000000
0.006409
0.006671
0.002271
0.004369
0.009312
0.000569
0.000000
0.000000
0.000000
0.000669
0.000529
0.002825
0.009004
0.007868
0.000656
0.000000
0.000000
0.000000
0.017365
0.010445
0.003880
0.005548
0.003997
0.000273
0.000000
0.000000
0.000000
0.000383
0.000387
0.001708
0.006403
0.006367
0.000552
0.000000
0.000000
0.000000
0.000669
0.000529
0.002825
0.009004
0.007868
0.000656
0.000000
0.000000
0.000000
0.001004
0.001125
0.002158
0.002985
0.003656
0.000452
0.000000
0.000000
0.000000
0.000383
0.000387
0.001708
0.006403
0.006367
0.000552
0.000000
0.000000
0.000000
0.000437
0.000354
0.000578
0.003605
0.003488
0.000436
0.000000
0.000000
0.000000
0.026298
0.006026
0.001208
0.000911
0.000476
0.000010
0.000000
0.000000
0.000000
0.002409
0.003384
0.002009
0.002007
0.002412
0.000027
0.000000
0.000000
0.000000
0.027665
0.013256
0.004783
0.002256
0.000243
0.000063
0.000000
0.000000
0.000000
0.003979
0.004390
0.003880
0.003586
0.004026
0.000217
0.000000
0.000000
0.000000
0.002409
0.003384
0.002009
0.002007
0.002412
0.000027
0.000000
0.000000
0.000000
0.003735
0.006495
0.003119
0.007996
0.003491
0.000063
0.000000
0.000000
0.000000
0.003979
0.004390
0.003880
0.003586
0.004026
0.000217
0.000000
0.000000
0.000000
0.001302
0.005172
0.002788
0.002292
0.001975
0.000274
0.000000
0.000000
0.000000
0.003735
0.006495
0.003119
0.007996
0.003491
0.000063
0.000000
0.000000
0.000000
0.097542
0.018096
0.002048
0.000097
0.000000
0.000000
0.000000
0.000000
0.000000
0.001302
0.005172
0.002788
0.002292
0.001975
0.000274
0.000000
0.000000
0.000000
0.097018
0.021817
0.004298
0.001305
0.004370
0.001041
0.000000
0.000000
0.000000
0.097542
0.018096
0.002048
0.000097
0.000000
0.000000
0.000000
0.000000
0.000000
0.014022
0.019819
0.008530
0.008867
0.001348
0.000000
0.000000
0.000000
0.000000
0.097018
0.021817
0.004298
0.001305
0.004370
0.001041
0.000000
0.000000
0.000000
0.001113
0.001251
0.005336
0.007395
0.018966
0.005246
0.000000
0.000000
0.000000
0.014022
0.019819
0.008530
0.008867
0.001348
0.000000
0.000000
0.000000
0.000000
0.012754
0.040254
0.019752
0.017042
0.031403
0.008362
0.000000
0.000000
0.000000
0.001113
0.001251
0.005336
0.007395
0.018966
0.005246
0.000000
0.000000
0.000000
0.013872
0.057045
0.030426
0.021177
0.020039
0.002969
0.000000
0.000000
0.000000
0.012754
0.040254
0.019752
0.017042
0.031403
0.008362
0.000000
0.000000
0.000000
0.005343
0.024326
0.024960
0.024297
0.016500
0.001370
0.000000
0.000000
0.000000
0.013872
0.057045
0.030426
0.021177
0.020039
0.002969
0.000000
0.000000
0.000000
0.010390
0.015315
0.014635
0.046352
0.058453
0.006981
0.000000
0.000000
0.000000
0.005343
0.024326
0.024960
0.024297
0.016500
0.001370
0.000000
0.000000
0.000000
0.008125
0.010908
0.010174
0.004576
0.000743
0.000000
0.000000
0.000000
0.000000
0.010390
0.015315
0.014635
0.046352
0.058453
0.006981
0.000000
0.000000
0.000000
0.008625
0.008699
0.006914
0.006044
0.006427
0.000662
0.000000
0.000000
0.000000
0.008125
0.010908
0.010174
0.004576
0.000743
0.000000
0.000000
0.000000
0.000000
0.001581
0.001944
0.005386
0.005317
0.003942
0.000293
0.000000
0.000000
0.000000
0.008625
0.008699
0.006914
0.006044
0.006427
0.000662
0.000000
0.000000
0.000000
0.000609
0.001021
0.004516
0.009013
0.015061
0.003842
0.000000
0.000000
0.000000
0.001581
0.001944
0.005386
0.005317
0.003942
0.000293
0.000000
0.000000
0.000000
0.017365
0.010445
0.003880
0.005548
0.003997
0.000273
0.000000
0.000000
0.000000
0.000609
0.001021
0.004516
0.009013
0.015061
0.003842
0.000000
0.000000
0.000000
0.006371
0.024602
0.010405
0.006280
0.005371
0.000989
0.000000
0.000000
0.000000
0.017365
0.010445
0.003880
0.005548
0.003997
0.000273
0.000000
0.000000
0.000000
0.000383
0.000387
0.001708
0.006403
0.006367
0.000552
0.000000
0.000000
0.000000
0.006371
0.024602
0.010405
0.006280
0.005371
0.000989
0.000000
0.000000
0.000000
0.000311
0.001068
0.002958
0.010231
0.012658
0.000479
0.000000
0.000000
0.000000
0.000383
0.000387
0.001708
0.006403
0.006367
0.000552
0.000000
0.000000
0.000000
0.000437
0.000354
0.000578
0.003605
0.003488
0.000436
0.000000
0.000000
0.000000
0.000311
0.001068
0.002958
0.010231
0.012658
0.000479
0.000000
0.000000
0.000000
0.000081
0.000133
0.000816
0.003271
0.018199
0.002643
0.000000
0.000000
0.000000
0.027665
0.013256
0.004783
0.002256
0.000243
0.000063
0.000000
0.000000
0.000000
0.003979
0.004390
0.003880
0.003586
0.004026
0.000217
0.000000
0.000000
0.000000
0.028852
0.010459
0.001158
0.000523
0.000270
0.000003
0.000000
0.000000
0.000000
0.003412
0.004905
0.001653
0.000601
0.000103
0.000000
0.000000
0.000000
0.000000
0.003979
0.004390
0.003880
0.003586
0.004026
0.000217
0.000000
0.000000
0.000000
0.001302
0.005172
0.002788
0.002292
0.001975
0.000274
0.000000
0.000000
0.000000
0.003412
0.004905
0.001653
0.000601
0.000103
0.000000
0.000000
0.000000
0.000000
0.002532
0.003991
0.001337
0.000523
0.000332
0.000003
0.000000
0.000000
0.000000
0.001302
0.005172
0.002788
0.002292
0.001975
0.000274
0.000000
0.000000
0.000000
0.097018
0.021817
0.004298
0.001305
0.004370
0.001041
0.000000
0.000000
0.000000
0.002532
0.003991
0.001337
0.000523
0.000332
0.000003
0.000000
0.000000
0.000000
0.050885
0.032254
0.013808
0.011265
0.015426
0.002579
0.000000
0.000000
0.000000
0.097018
0.021817
0.004298
0.001305
0.004370
0.001041
0.000000
0.000000
0.000000
0.001113
0.001251
0.005336
0.007395
0.018966
0.005246
0.000000
0.000000
0.000000
0.050885
0.032254
0.013808
0.011265
0.015426
0.002579
0.000000
0.000000
0.000000
0.011980
0.019713
0.012995
0.011574
0.024164
0.003214
0.000000
0.000000
0.000000
0.001113
0.001251
0.005336
0.007395
0.018966
0.005246
0.000000
0.000000
0.000000
0.013872
0.057045
0.030426
0.021177
0.020039
0.002969
0.000000
0.000000
0.000000
0.011980
0.019713
0.012995
0.011574
0.024164
0.003214
0.000000
0.000000
0.000000
0.019430
0.048203
0.050018
0.026923
0.008571
0.000375
0.000000
0.000000
0.000000
0.013872
0.057045
0.030426
0.021177
0.020039
0.002969
0.000000
0.000000
0.000000
0.010390
0.015315
0.014635
0.046352
0.058453
0.006981
0.000000
0.000000
0.000000
0.019430
0.048203
0.050018
0.026923
0.008571
0.000375
0.000000
0.000000
0.000000
0.026835
0.041247
0.024956
0.012518
0.020430
0.003903
0.000000
0.000000
0.000000
0.010390
0.015315
0.014635
0.046352
0.058453
0.006981
0.000000
0.000000
0.000000
0.008625
0.008699
0.006914
0.006044
0.006427
0.000662
0.000000
0.000000
0.000000
0.026835
0.041247
0.024956
0.012518
0.020430
0.003903
0.000000
0.000000
0.000000
0.022609
0.021955
0.009969
0.006262
0.011494
0.002271
0.000000
0.000000
0.000000
0.008625
0.008699
0.006914
0.006044
0.006427
0.000662
0.000000
0.000000
0.000000
0.000609
0.001021
0.004516
0.009013
0.015061
0.003842
0.000000
0.000000
0.000000
0.022609
0.021955
0.009969
0.006262
0.011494
0.002271
0.000000
0.000000
0.000000
0.003380
0.005912
0.003388
0.002324
0.002769
0.000428
0.000000
0.000000
0.000000
0.000609
0.001021
0.004516
0.009013
0.015061
0.003842
0.000000
0.000000
0.000000
0.006371
0.024602
0.010405
0.006280
0.005371
0.000989
0.000000
0.000000
0.000000
0.003380
0.005912
0.003388
0.002324
0.002769
0.000428
0.000000
0.000000
0.000000
0.021638
0.027473
0.008095
0.009443
0.025091
0.002171
0.000000
0.000000
0.000000
0.006371
0.024602
0.010405
0.006280
0.005371
0.000989
0.000000
0.000000
0.000000
0.000311
0.001068
0.002958
0.010231
0.012658
0.000479
0.000000
0.000000
0.000000
0.021638
0.027473
0.008095
0.009443
0.025091
0.002171
0.000000
0.000000
0.000000
0.001625
0.001349
0.001067
0.009548
0.065498
0.017912
0.000000
0.000000
0.000000
0.000311
0.001068
0.002958
0.010231
0.012658
0.000479
0.000000
0.000000
0.000000
0.000081
0.000133
0.000816
0.003271
0.018199
0.002643
0.000000
0.000000
0.000000
0.001625
0.001349
0.001067
0.009548
0.065498
0.017912
0.000000
0.000000
0.000000
0.002501
0.000458
0.000629
0.006165
0.056133
0.021790
0.000000
0.000000
0.000000
0.028852
0.010459
0.001158
0.000523
0.000270
0.000003
0.000000
0.000000
0.000000
0.003412
0.004905
0.001653
0.000601
0.000103
0.000000
0.000000
0.000000
0.000000
0.029403
0.007026
0.000726
0.000243
0.000094
0.000000
0.000000
0.000000
0.000000
0.003306
0.004671
0.002586
0.001038
0.001019
0.000052
0.000000
0.000000
0.000000
0.003412
0.004905
0.001653
0.000601
0.000103
0.000000
0.000000
0.000000
0.000000
0.002532
0.003991
0.001337
0.000523
0.000332
0.000003
0.000000
0.000000
0.000000
0.003306
0.004671
0.002586
0.001038
0.001019
0.000052
0.000000
0.000000
0.000000
0.003467
0.006685
0.002531
0.001025
0.000640
0.000000
0.000000
0.000000
0.000000
0.002532
0.003991
0.001337
0.000523
0.000332
0.000003
0.000000
0.000000
0.000000
0.050885
0.032254
0.013808
0.011265
0.015426
0.002579
0.000000
0.000000
0.000000
0.003467
0.006685
0.002531
0.001025
0.000640
0.000000
0.000000
0.000000
0.000000
0.058090
0.016896
0.001848
0.001875
0.000769
0.000047
0.000000
0.000000
0.000000
0.050885
0.032254
0.013808
0.011265
0.015426
0.002579
0.000000
0.000000
0.000000
0.011980
0.019713
0.012995
0.011574
0.024164
0.003214
0.000000
0.000000
0.000000
0.058090
0.016896
0.001848
0.001875
0.000769
0.000047
0.000000
0.000000
0.000000
0.013805
0.021770
0.012091
0.003897
0.003594
0.000374
0.000000
0.000000
0.000000
0.011980
0.019713
0.012995
0.011574
0.024164
0.003214
0.000000
0.000000
0.000000
0.019430
0.048203
0.050018
0.026923
0.008571
0.000375
0.000000
0.000000
0.000000
0.013805
0.021770
0.012091
0.003897
0.003594
0.000374
0.000000
0.000000
0.000000
0.006837
0.016729
0.020341
0.024434
0.028738
0.003772
0.000000
0.000000
0.000000
0.019430
0.048203
0.050018
0.026923
0.008571
0.000375
0.000000
0.000000
0.000000
0.026835
0.041247
0.024956
0.012518
0.020430
0.003903
0.000000
0.000000
0.000000
0.006837
0.016729
0.020341
0.024434
0.028738
0.003772
0.000000
0.000000
0.000000
0.011151
0.035654
0.030718
0.009304
0.005420
0.000150
0.000000
0.000000
0.000000
0.026835
0.041247
0.024956
0.012518
0.020430
0.003903
0.000000
0.000000
0.000000
0.022609
0.021955
0.009969
0.006262
0.011494
0.002271
0.000000
0.000000
0.000000
0.011151
0.035654
0.030718
0.009304
0.005420
0.000150
0.000000
0.000000
0.000000
0.008230
0.010229
0.019898
0.019637
0.008596
0.000564
0.000000
0.000000
0.000000
0.022609
0.021955
0.009969
0.006262
0.011494
0.002271
0.000000
0.000000
0.000000
0.003380
0.005912
0.003388
0.002324
0.002769
0.000428
0.000000
0.000000
0.000000
0.008230
0.010229
0.019898
0.019637
0.008596
0.000564
0.000000
0.000000
0.000000
0.005054
0.006965
0.004419
0.002849
0.004000
0.000523
0.000000
0.000000
0.000000
0.003380
0.005912
0.003388
0.002324
0.002769
0.000428
0.000000
0.000000
0.000000
0.021638
0.027473
0.008095
0.009443
0.025091
0.002171
0.000000
0.000000
0.000000
0.005054
0.006965
0.004419
0.002849
0.004000
0.000523
0.000000
0.000000
0.000000
0.012424
0.019897
0.013209
0.005603
0.011257
0.002444
0.000000
0.000000
0.000000
0.021638
0.027473
0.008095
0.009443
0.025091
0.002171
0.000000
0.000000
0.000000
0.001625
0.001349
0.001067
0.009548
0.065498
0.017912
0.000000
0.000000
0.000000
0.012424
0.019897
0.013209
0.005603
0.011257
0.002444
0.000000
0.000000
0.000000
0.000871
0.001326
0.000994
0.006260
0.036340
0.012667
0.000000
0.000000
0.000000
0.001625
0.001349
0.001067
0.009548
0.065498
0.017912
0.000000
0.000000
0.000000
0.002501
0.000458
0.000629
0.006165
0.056133
0.021790
0.000000
0.000000
0.000000
0.000871
0.001326
0.000994
0.006260
0.036340
0.012667
0.000000
0.000000
0.000000
0.000083
0.000216
0.000771
0.007358
0.040379
0.005272
0.000000
0.000000
0.000000
0.029403
0.007026
0.000726
0.000243
0.000094
0.000000
0.000000
0.000000
0.000000
0.003306
0.004671
0.002586
0.001038
0.001019
0.000052
0.000000
0.000000
0.000000
0.028129
0.009678
0.002190
0.000693
0.000324
0.000111
0.000000
0.000000
0.000000
0.013487
0.008425
0.002425
0.000564
0.000278
0.000045
0.000000
0.000000
0.000000
0.003306
0.004671
0.002586
0.001038
0.001019
0.000052
0.000000
0.000000
0.000000
0.003467
0.006685
0.002531
0.001025
0.000640
0.000000
0.000000
0.000000
0.000000
0.013487
0.008425
0.002425
0.000564
0.000278
0.000045
0.000000
0.000000
0.000000
0.001550
0.002300
0.004766
0.002464
0.002586
0.000277
0.000000
0.000000
0.000000
0.003467
0.006685
0.002531
0.001025
0.000640
0.000000
0.000000
0.000000
0.000000
0.058090
0.016896
0.001848
0.001875
0.000769
0.000047
0.000000
0.000000
0.000000
0.001550
0.002300
0.004766
0.002464
0.002586
0.000277
0.000000
0.000000
0.000000
0.036357
0.025735
0.009139
0.008008
0.003815
0.000383
0.000000
0.000000
0.000000
0.058090
0.016896
0.001848
0.001875
0.000769
0.000047
0.000000
0.000000
0.000000
0.013805
0.021770
0.012091
0.003897
0.003594
0.000374
0.000000
0.000000
0.000000
0.036357
0.025735
0.009139
0.008008
0.003815
0.000383
0.000000
0.000000
0.000000
0.024790
0.008912
0.004380
0.004139
0.007947
0.001247
0.000000
0.000000
0.000000
0.013805
0.021770
0.012091
0.003897
0.003594
0.000374
0.000000
0.000000
0.000000
0.006837
0.016729
0.020341
0.024434
0.028738
0.003772
0.000000
0.000000
0.000000
0.024790
0.008912
0.004380
0.004139
0.007947
0.001247
0.000000
0.000000
0.000000
0.059513
0.031920
0.005512
0.001612
0.002839
0.000000
0.000000
0.000000
0.000000
0.006837
0.016729
0.020341
0.024434
0.028738
0.003772
0.000000
0.000000
0.000000
0.011151
0.035654
0.030718
0.009304
0.005420
0.000150
0.000000
0.000000
0.000000
0.059513
0.031920
0.005512
0.001612
0.002839
0.000000
0.000000
0.000000
0.000000
0.016649
0.029914
0.016394
0.008054
0.005173
0.000595
0.000000
0.000000
0.000000
0.011151
0.035654
0.030718
0.009304
0.005420
0.000150
0.000000
0.000000
0.000000
0.008230
0.010229
0.019898
0.019637
0.008596
0.000564
0.000000
0.000000
0.000000
0.016649
0.029914
0.016394
0.008054
0.005173
0.000595
0.000000
0.000000
0.000000
0.004500
0.007159
0.006225
0.013631
0.021678
0.001350
0.000000
0.000000
0.000000
0.008230
0.010229
0.019898
0.019637
0.008596
0.000564
0.000000
0.000000
0.000000
0.005054
0.006965
0.004419
0.002849
0.004000
0.000523
0.000000
0.000000
0.000000
0.004500
0.007159
0.006225
0.013631
0.021678
0.001350
0.000000
0.000000
0.000000
0.000157
0.000712
0.002607
0.006854
0.017682
0.001146
0.000000
0.000000
0.000000
0.005054
0.006965
0.004419
0.002849
0.004000
0.000523
0.000000
0.000000
0.000000
0.012424
0.019897
0.013209
0.005603
0.011257
0.002444
0.000000
0.000000
0.000000
0.000157
0.000712
0.002607
0.006854
0.017682
0.001146
0.000000
0.000000
0.000000
0.000612
0.000926
0.002267
0.005653
0.003036
0.000461
0.000000
0.000000
0.000000
0.012424
0.019897
0.013209
0.005603
0.011257
0.002444
0.000000
0.000000
0.000000
0.000871
0.001326
0.000994
0.006260
0.036340
0.012667
0.000000
0.000000
0.000000
0.000612
0.000926
0.002267
0.005653
0.003036
0.000461
0.000000
0.000000
0.000000
0.000564
0.000634
0.000821
0.001750
0.001942
0.000181
0.000000
0.000000
0.000000
0.000871
0.001326
0.000994
0.006260
0.036340
0.012667
0.000000
0.000000
0.000000
0.000083
0.000216
0.000771
0.007358
0.040379
0.005272
0.000000
0.000000
0.000000
0.000564
0.000634
0.000821
0.001750
0.001942
0.000181
0.000000
0.000000
0.000000
0.000597
0.001005
0.001478
0.001027
0.001102
0.000078
0.000000
0.000000
0.000000
0.028129
0.009678
0.002190
0.000693
0.000324
0.000111
0.000000
0.000000
0.000000
0.013487
0.008425
0.002425
0.000564
0.000278
0.000045
0.000000
0.000000
0.000000
0.027810
0.012156
0.003760
0.001115
0.000397
0.000003
0.000000
0.000000
0.000000
0.016073
0.010907
0.001713
0.000619
0.000159
0.000010
0.000000
0.000000
0.000000
0.013487
0.008425
0.002425
0.000564
0.000278
0.000045
0.000000
0.000000
0.000000
0.001550
0.002300
0.004766
0.002464
0.002586
0.000277
0.000000
0.000000
0.000000
0.016073
0.010907
0.001713
0.000619
0.000159
0.000010
0.000000
0.000000
0.000000
0.002195
0.003369
0.003491
0.003176
0.001705
0.000087
0.000000
0.000000
0.000000
0.001550
0.002300
0.004766
0.002464
0.002586
0.000277
0.000000
0.000000
0.000000
0.036357
0.025735
0.009139
0.008008
0.003815
0.000383
0.000000
0.000000
0.000000
0.002195
0.003369
0.003491
0.003176
0.001705
0.000087
0.000000
0.000000
0.000000
0.001792
0.003941
0.002448
0.004587
0.011829
0.002906
0.000000
0.000000
0.000000
0.036357
0.025735
0.009139
0.008008
0.003815
0.000383
0.000000
0.000000
0.000000
0.024790
0.008912
0.004380
0.004139
0.007947
0.001247
0.000000
0.000000
0.000000
0.001792
0.003941
0.002448
0.004587
0.011829
0.002906
0.000000
0.000000
0.000000
0.012665
0.005311
0.002529
0.003006
0.017302
0.004387
0.000000
0.000000
0.000000
0.024790
0.008912
0.004380
0.004139
0.007947
0.001247
0.000000
0.000000
0.000000
0.059513
0.031920
0.005512
0.001612
0.002839
0.000000
0.000000
0.000000
0.000000
0.012665
0.005311
0.002529
0.003006
0.017302
0.004387
0.000000
0.000000
0.000000
0.061430
0.035901
0.006183
0.001644
0.001374
0.000010
0.000000
0.000000
0.000000
0.059513
0.031920
0.005512
0.001612
0.002839
0.000000
0.000000
0.000000
0.000000
0.016649
0.029914
0.016394
0.008054
0.005173
0.000595
0.000000
0.000000
0.000000
0.061430
0.035901
0.006183
0.001644
0.001374
0.000010
0.000000
0.000000
0.000000
0.012548
0.023738
0.008169
0.006424
0.002992
0.000247
0.000000
0.000000
0.000000
0.016649
0.029914
0.016394
0.008054
0.005173
0.000595
0.000000
0.000000
0.000000
0.004500
0.007159
0.006225
0.013631
0.021678
0.001350
0.000000
0.000000
0.000000
0.012548
0.023738
0.008169
0.006424
0.002992
0.000247
0.000000
0.000000
0.000000
0.001484
0.000476
0.001304
0.002536
0.004882
0.000518
0.000000
0.000000
0.000000
0.004500
0.007159
0.006225
0.013631
0.021678
0.001350
0.000000
0.000000
0.000000
0.000157
0.000712
0.002607
0.006854
0.017682
0.001146
0.000000
0.000000
0.000000
0.001484
0.000476
0.001304
0.002536
0.004882
0.000518
0.000000
0.000000
0.000000
0.000812
0.000452
0.000602
0.002729
0.003817
0.000165
0.000000
0.000000
0.000000
0.000157
0.000712
0.002607
0.006854
0.017682
0.001146
0.000000
0.000000
0.000000
0.000612
0.000926
0.002267
0.005653
0.003036
0.000461
0.000000
0.000000
0.000000
0.000812
0.000452
0.000602
0.002729
0.003817
0.000165
0.000000
0.000000
0.000000
0.000808
0.000547
0.001512
0.001921
0.003928
0.000445
0.000000
0.000000
0.000000
0.000612
0.000926
0.002267
0.005653
0.003036
0.000461
0.000000
0.000000
0.000000
0.000564
0.000634
0.000821
0.001750
0.001942
0.000181
0.000000
0.000000
0.000000
0.000808
0.000547
0.001512
0.001921
0.003928
0.000445
0.000000
0.000000
0.000000
0.001258
0.000660
0.001407
0.002299
0.002835
0.000502
0.000000
0.000000
0.000000
0.000564
0.000634
0.000821
0.001750
0.001942
0.000181
0.000000
0.000000
0.000000
0.000597
0.001005
0.001478
0.001027
0.001102
0.000078
0.000000
0.000000
0.000000
0.001258
0.000660
0.001407
0.002299
0.002835
0.000502
0.000000
0.000000
0.000000
0.000332
0.002005
0.002713
0.003088
0.005331
0.000716
0.000000
0.000000
0.000000
0.027810
0.012156
0.003760
0.001115
0.000397
0.000003
0.000000
0.000000
0.000000
0.016073
0.010907
0.001713
0.000619
0.000159
0.000010
0.000000
0.000000
0.000000
0.033943
0.009494
0.001496
0.000832
0.000040
0.000000
0.000000
0.000000
0.000000
0.021402
0.008635
0.002098
0.001443
0.000161
0.000000
0.000000
0.000000
0.000000
0.016073
0.010907
0.001713
0.000619
0.000159
0.000010
0.000000
0.000000
0.000000
0.002195
0.003369
0.003491
0.003176
0.001705
0.000087
0.000000
0.000000
0.000000
0.021402
0.008635
0.002098
0.001443
0.000161
0.000000
0.000000
0.000000
0.000000
0.003951
0.010127
0.003751
0.001398
0.000246
0.000040
0.000000
0.000000
0.000000
0.002195
0.003369
0.003491
0.003176
0.001705
0.000087
0.000000
0.000000
0.000000
0.001792
0.003941
0.002448
0.004587
0.011829
0.002906
0.000000
0.000000
0.000000
0.003951
0.010127
0.003751
0.001398
0.000246
0.000040
0.000000
0.000000
0.000000
0.002789
0.003045
0.004440
0.004936
0.019782
0.006658
0.000000
0.000000
0.000000
0.001792
0.003941
0.002448
0.004587
0.011829
0.002906
0.000000
0.000000
0.000000
0.012665
0.005311
0.002529
0.003006
0.017302
0.004387
0.000000
0.000000
0.000000
0.002789
0.003045
0.004440
0.004936
0.019782
0.006658
0.000000
0.000000
0.000000
0.010601
0.034216
0.007094
0.006573
0.024759
0.004090
0.000000
0.000000
0.000000
0.012665
0.005311
0.002529
0.003006
0.017302
0.004387
0.000000
0.000000
0.000000
0.061430
0.035901
0.006183
0.001644
0.001374
0.000010
0.000000
0.000000
0.000000
0.010601
0.034216
0.007094
0.006573
0.024759
0.004090
0.000000
0.000000
0.000000
0.041242
0.041385
0.008328
0.003143
0.000558
0.000183
0.000000
0.000000
0.000000
0.061430
0.035901
0.006183
0.001644
0.001374
0.000010
0.000000
0.000000
0.000000
0.012548
0.023738
0.008169
0.006424
0.002992
0.000247
0.000000
0.000000
0.000000
0.041242
0.041385
0.008328
0.003143
0.000558
0.000183
0.000000
0.000000
0.000000
0.014040
0.022110
0.006112
0.003572
0.002402
0.000253
0.000000
0.000000
0.000000
0.012548
0.023738
0.008169
0.006424
0.002992
0.000247
0.000000
0.000000
0.000000
0.001484
0.000476
0.001304
0.002536
0.004882
0.000518
0.000000
0.000000
0.000000
0.014040
0.022110
0.006112
0.003572
0.002402
0.000253
0.000000
0.000000
0.000000
0.004120
0.004921
0.001101
0.001510
0.001320
0.000063
0.000000
0.000000
0.000000
0.001484
0.000476
0.001304
0.002536
0.004882
0.000518
0.000000
0.000000
0.000000
0.000812
0.000452
0.000602
0.002729
0.003817
0.000165
0.000000
0.000000
0.000000
0.004120
0.004921
0.001101
0.001510
0.001320
0.000063
0.000000
0.000000
0.000000
0.000358
0.000460
0.001162
0.001719
0.002077
0.000115
0.000000
0.000000
0.000000
0.000812
0.000452
0.000602
0.002729
0.003817
0.000165
0.000000
0.000000
0.000000
0.000808
0.000547
0.001512
0.001921
0.003928
0.000445
0.000000
0.000000
0.000000
0.000358
0.000460
0.001162
0.001719
0.002077
0.000115
0.000000
0.000000
0.000000
0.000991
0.000232
0.000520
0.001590
0.003403
0.000447
0.000000
0.000000
0.000000
0.000808
0.000547
0.001512
0.001921
0.003928
0.000445
0.000000
0.000000
0.000000
0.001258
0.000660
0.001407
0.002299
0.002835
0.000502
0.000000
0.000000
0.000000
0.000991
0.000232
0.000520
0.001590
0.003403
0.000447
0.000000
0.000000
0.000000
0.000945
0.000345
0.001007
0.002726
0.003616
0.000683
0.000000
0.000000
0.000000
0.001258
0.000660
0.001407
0.002299
0.002835
0.000502
0.000000
0.000000
0.000000
0.000332
0.002005
0.002713
0.003088
0.005331
0.000716
0.000000
0.000000
0.000000
0.000945
0.000345
0.001007
0.002726
0.003616
0.000683
0.000000
0.000000
0.000000
0.002012
0.003399
0.004715
0.004182
0.002856
0.000189
0.000000
0.000000
0.000000
0.033943
0.009494
0.001496
0.000832
0.000040
0.000000
0.000000
0.000000
0.000000
0.021402
0.008635
0.002098
0.001443
0.000161
0.000000
0.000000
0.000000
0.000000
0.033653
0.005694
0.001291
0.000375
0.000252
0.000040
0.000000
0.000000
0.000000
0.022361
0.007176
0.001149
0.000682
0.000413
0.000121
0.000000
0.000000
0.000000
0.021402
0.008635
0.002098
0.001443
0.000161
0.000000
0.000000
0.000000
0.000000
0.003951
0.010127
0.003751
0.001398
0.000246
0.000040
0.000000
0.000000
0.000000
0.022361
0.007176
0.001149
0.000682
0.000413
0.000121
0.000000
0.000000
0.000000
0.008813
0.011175
0.002476
0.001191
0.000572
0.000007
0.000000
0.000000
0.000000
0.003951
0.010127
0.003751
0.001398
0.000246
0.000040
0.000000
0.000000
0.000000
0.002789
0.003045
0.004440
0.004936
0.019782
0.006658
0.000000
0.000000
0.000000
0.008813
0.011175
0.002476
0.001191
0.000572
0.000007
0.000000
0.000000
0.000000
0.006901
0.005146
0.001162
0.001787
0.002451
0.000349
0.000000
0.000000
0.000000
0.002789
0.003045
0.004440
0.004936
0.019782
0.006658
0.000000
0.000000
0.000000
0.010601
0.034216
0.007094
0.006573
0.024759
0.004090
0.000000
0.000000
0.000000
0.006901
0.005146
0.001162
0.001787
0.002451
0.000349
0.000000
0.000000
0.000000
0.008277
0.020518
0.011470
0.004133
0.001618
0.000093
0.000000
0.000000
0.000000
0.010601
0.034216
0.007094
0.006573
0.024759
0.004090
0.000000
0.000000
0.000000
0.041242
0.041385
0.008328
0.003143
0.000558
0.000183
0.000000
0.000000
0.000000
0.008277
0.020518
0.011470
0.004133
0.001618
0.000093
0.000000
0.000000
0.000000
0.039189
0.034482
0.011363
0.009239
0.007592
0.001975
0.000000
0.000000
0.000000
0.041242
0.041385
0.008328
0.003143
0.000558
0.000183
0.000000
0.000000
0.000000
0.014040
0.022110
0.006112
0.003572
0.002402
0.000253
0.000000
0.000000
0.000000
0.039189
0.034482
0.011363
0.009239
0.007592
0.001975
0.000000
0.000000
0.000000
0.005822
0.009452
0.011387
0.011196
0.007245
0.000401
0.000000
0.000000
0.000000
0.014040
0.022110
0.006112
0.003572
0.002402
0.000253
0.000000
0.000000
0.000000
0.004120
0.004921
0.001101
0.001510
0.001320
0.000063
0.000000
0.000000
0.000000
0.005822
0.009452
0.011387
0.011196
0.007245
0.000401
0.000000
0.000000
0.000000
0.006563
0.006758
0.003789
0.003925
0.001168
0.000013
0.000000
0.000000
0.000000
0.004120
0.004921
0.001101
0.001510
0.001320
0.000063
0.000000
0.000000
0.000000
0.000358
0.000460
0.001162
0.001719
0.002077
0.000115
0.000000
0.000000
0.000000
0.006563
0.006758
0.003789
0.003925
0.001168
0.000013
0.000000
0.000000
0.000000
0.000616
0.000548
0.002215
0.002624
0.003387
0.000619
0.000000
0.000000
0.000000
0.000358
0.000460
0.001162
0.001719
0.002077
0.000115
0.000000
0.000000
0.000000
0.000991
0.000232
0.000520
0.001590
0.003403
0.000447
0.000000
0.000000
0.000000
0.000616
0.000548
0.002215
0.002624
0.003387
0.000619
0.000000
0.000000
0.000000
0.002523
0.000490
0.001178
0.005936
0.008815
0.000208
0.000000
0.000000
0.000000
0.000991
0.000232
0.000520
0.001590
0.003403
0.000447
0.000000
0.000000
0.000000
0.000945
0.000345
0.001007
0.002726
0.003616
0.000683
0.000000
0.000000
0.000000
0.002523
0.000490
0.001178
0.005936
0.008815
0.000208
0.000000
0.000000
0.000000
0.002392
0.003954
0.002566
0.004162
0.011880
0.002207
0.000000
0.000000
0.000000
0.000945
0.000345
0.001007
0.002726
0.003616
0.000683
0.000000
0.000000
0.000000
0.002012
0.003399
0.004715
0.004182
0.002856
0.000189
0.000000
0.000000
0.000000
0.002392
0.003954
0.002566
0.004162
0.011880
0.002207
0.000000
0.000000
0.000000
0.003046
0.004158
0.003288
0.002713
0.004275
0.000540
0.000000
0.000000
0.000000
0.033653
0.005694
0.001291
0.000375
0.000252
0.000040
0.000000
0.000000
0.000000
0.022361
0.007176
0.001149
0.000682
0.000413
0.000121
0.000000
0.000000
0.000000
0.033739
0.006926
0.001174
0.000925
0.000014
0.000000
0.000000
0.000000
0.000000
0.020030
0.008429
0.001241
0.001025
0.000269
0.000000
0.000000
0.000000
0.000000
0.022361
0.007176
0.001149
0.000682
0.000413
0.000121
0.000000
0.000000
0.000000
0.008813
0.011175
0.002476
0.001191
0.000572
0.000007
0.000000
0.000000
0.000000
0.020030
0.008429
0.001241
0.001025
0.000269
0.000000
0.000000
0.000000
0.000000
0.006972
0.009954
0.003317
0.000703
0.000669
0.000037
0.000000
0.000000
0.000000
0.008813
0.011175
0.002476
0.001191
0.000572
0.000007
0.000000
0.000000
0.000000
0.006901
0.005146
0.001162
0.001787
0.002451
0.000349
0.000000
0.000000
0.000000
0.006972
0.009954
0.003317
0.000703
0.000669
0.000037
0.000000
0.000000
0.000000
0.010325
0.013833
0.010327
0.013775
0.037244
0.005017
0.000000
0.000000
0.000000
0.006901
0.005146
0.001162
0.001787
0.002451
0.000349
0.000000
0.000000
0.000000
0.008277
0.020518
0.011470
0.004133
0.001618
0.000093
0.000000
0.000000
0.000000
0.010325
0.013833
0.010327
0.013775
0.037244
0.005017
0.000000
0.000000
0.000000
0.001500
0.006038
0.014495
0.020708
0.024326
0.003619
0.000000
0.000000
0.000000
0.008277
0.020518
0.011470
0.004133
0.001618
0.000093
0.000000
0.000000
0.000000
0.039189
0.034482
0.011363
0.009239
0.007592
0.001975
0.000000
0.000000
0.000000
0.001500
0.006038
0.014495
0.020708
0.024326
0.003619
0.000000
0.000000
0.000000
0.000040
0.000720
0.002968
0.010562
0.040067
0.008479
0.000000
0.000000
0.000000
0.039189
0.034482
0.011363
0.009239
0.007592
0.001975
0.000000
0.000000
0.000000
0.005822
0.009452
0.011387
0.011196
0.007245
0.000401
0.000000
0.000000
0.000000
0.000040
0.000720
0.002968
0.010562
0.040067
0.008479
0.000000
0.000000
0.000000
0.001842
0.002984
0.004290
0.009259
0.008973
0.000136
0.000000
0.000000
0.000000
0.005822
0.009452
0.011387
0.011196
0.007245
0.000401
0.000000
0.000000
0.000000
0.006563
0.006758
0.003789
0.003925
0.001168
0.000013
0.000000
0.000000
0.000000
0.001842
0.002984
0.004290
0.009259
0.008973
0.000136
0.000000
0.000000
0.000000
0.001630
0.001270
0.002593
0.006070
0.009645
0.001815
0.000000
0.000000
0.000000
0.006563
0.006758
0.003789
0.003925
0.001168
0.000013
0.000000
0.000000
0.000000
0.000616
0.000548
0.002215
0.002624
0.003387
0.000619
0.000000
0.000000
0.000000
0.001630
0.001270
0.002593
0.006070
0.009645
0.001815
0.000000
0.000000
0.000000
0.001574
0.000060
0.000486
0.002262
0.018674
0.004750
0.000000
0.000000
0.000000
0.000616
0.000548
0.002215
0.002624
0.003387
0.000619
0.000000
0.000000
0.000000
0.002523
0.000490
0.001178
0.005936
0.008815
0.000208
0.000000
0.000000
0.000000
0.001574
0.000060
0.000486
0.002262
0.018674
0.004750
0.000000
0.000000
0.000000
0.003539
0.000407
0.000186
0.003593
0.014951
0.002447
0.000000
0.000000
0.000000
0.002523
0.000490
0.001178
0.005936
0.008815
0.000208
0.000000
0.000000
0.000000
0.002392
0.003954
0.002566
0.004162
0.011880
0.002207
0.000000
0.000000
0.000000
0.003539
0.000407
0.000186
0.003593
0.014951
0.002447
0.000000
0.000000
0.000000
0.001580
0.002262
0.003692
0.003725
0.013995
0.002935
0.000000
0.000000
0.000000
0.002392
0.003954
0.002566
0.004162
0.011880
0.002207
0.000000
0.000000
0.000000
0.003046
0.004158
0.003288
0.002713
0.004275
0.000540
0.000000
0.000000
0.000000
0.001580
0.002262
0.003692
0.003725
0.013995
0.002935
0.000000
0.000000
0.000000
0.002437
0.004829
0.003912
0.005960
0.006524
0.000169
0.000000
0.000000
0.000000
0.033739
0.006926
0.001174
0.000925
0.000014
0.000000
0.000000
0.000000
0.000000
0.020030
0.008429
0.001241
0.001025
0.000269
0.000000
0.000000
0.000000
0.000000
0.029518
0.012036
0.000980
0.000635
0.000962
0.000060
0.000000
0.000000
0.000000
0.019400
0.006842
0.000791
0.000487
0.000329
0.000018
0.000000
0.000000
0.000000
0.020030
0.008429
0.001241
0.001025
0.000269
0.000000
0.000000
0.000000
0.000000
0.006972
0.009954
0.003317
0.000703
0.000669
0.000037
0.000000
0.000000
0.000000
0.019400
0.006842
0.000791
0.000487
0.000329
0.000018
0.000000
0.000000
0.000000
0.007320
0.013452
0.005061
0.002790
0.002021
0.000068
0.000000
0.000000
0.000000
0.006972
0.009954
0.003317
0.000703
0.000669
0.000037
0.000000
0.000000
0.000000
0.010325
0.013833
0.010327
0.013775
0.037244
0.005017
0.000000
0.000000
0.000000
0.007320
0.013452
0.005061
0.002790
0.002021
0.000068
0.000000
0.000000
0.000000
0.005539
0.008772
0.006673
0.001653
0.000908
0.000044
0.000000
0.000000
0.000000
0.010325
0.013833
0.010327
0.013775
0.037244
0.005017
0.000000
0.000000
0.000000
0.001500
0.006038
0.014495
0.020708
0.024326
0.003619
0.000000
0.000000
0.000000
0.005539
0.008772
0.006673
0.001653
0.000908
0.000044
0.000000
0.000000
0.000000
0.000612
0.000591
0.001071
0.001517
0.000903
0.000007
0.000000
0.000000
0.000000
0.001500
0.006038
0.014495
0.020708
0.024326
0.003619
0.000000
0.000000
0.000000
0.000040
0.000720
0.002968
0.010562
0.040067
0.008479
0.000000
0.000000
0.000000
0.000612
0.000591
0.001071
0.001517
0.000903
0.000007
0.000000
0.000000
0.000000
0.000553
0.001276
0.001218
0.001319
0.000835
0.000025
0.000000
0.000000
0.000000
0.000040
0.000720
0.002968
0.010562
0.040067
0.008479
0.000000
0.000000
0.000000
0.001842
0.002984
0.004290
0.009259
0.008973
0.000136
0.000000
0.000000
0.000000
0.000553
0.001276
0.001218
0.001319
0.000835
0.000025
0.000000
0.000000
0.000000
0.003824
0.003487
0.002343
0.002091
0.001550
0.000105
0.000000
0.000000
0.000000
0.001842
0.002984
0.004290
0.009259
0.008973
0.000136
0.000000
0.000000
0.000000
0.001630
0.001270
0.002593
0.006070
0.009645
0.001815
0.000000
0.000000
0.000000
0.003824
0.003487
0.002343
0.002091
0.001550
0.000105
0.000000
0.000000
0.000000
0.002212
0.004733
0.001823
0.002209
0.005987
0.001176
0.000000
0.000000
0.000000
0.001630
0.001270
0.002593
0.006070
0.009645
0.001815
0.000000
0.000000
0.000000
0.001574
0.000060
0.000486
0.002262
0.018674
0.004750
0.000000
0.000000
0.000000
0.002212
0.004733
0.001823
0.002209
0.005987
0.001176
0.000000
0.000000
0.000000
0.000853
0.001406
0.001987
0.004588
0.009760
0.003077
0.000000
0.000000
0.000000
0.001574
0.000060
0.000486
0.002262
0.018674
0.004750
0.000000
0.000000
0.000000
0.003539
0.000407
0.000186
0.003593
0.014951
0.002447
0.000000
0.000000
0.000000
0.000853
0.001406
0.001987
0.004588
0.009760
0.003077
0.000000
0.000000
0.000000
0.001033
0.000961
0.001906
0.003984
0.016671
0.003090
0.000000
0.000000
0.000000
0.003539
0.000407
0.000186
0.003593
0.014951
0.002447
0.000000
0.000000
0.000000
0.001580
0.002262
0.003692
0.003725
0.013995
0.002935
0.000000
0.000000
0.000000
0.001033
0.000961
0.001906
0.003984
0.016671
0.003090
0.000000
0.000000
0.000000
0.003287
0.000224
0.001331
0.005966
0.016081
0.003985
0.000000
0.000000
0.000000
0.001580
0.002262
0.003692
0.003725
0.013995
0.002935
0.000000
0.000000
0.000000
0.002437
0.004829
0.003912
0.005960
0.006524
0.000169
0.000000
0.000000
0.000000
0.003287
0.000224
0.001331
0.005966
0.016081
0.003985
0.000000
0.000000
0.000000
0.001634
0.007189
0.005835
0.007093
0.005076
0.000776
0.000000
0.000000
0.000000
0.029518
0.012036
0.000980
0.000635
0.000962
0.000060
0.000000
0.000000
0.000000
0.019400
0.006842
0.000791
0.000487
0.000329
0.000018
0.000000
0.000000
0.000000
0.018223
0.013278
0.012473
0.009067
0.014355
0.003371
0.000000
0.000000
0.000000
0.003046
0.008761
0.005289
0.008017
0.028270
0.004267
0.000000
0.000000
0.000000
0.019400
0.006842
0.000791
0.000487
0.000329
0.000018
0.000000
0.000000
0.000000
0.007320
0.013452
0.005061
0.002790
0.002021
0.000068
0.000000
0.000000
0.000000
0.003046
0.008761
0.005289
0.008017
0.028270
0.004267
0.000000
0.000000
0.000000
0.004826
0.003949
0.009464
0.012683
0.030541
0.006236
0.000000
0.000000
0.000000
0.007320
0.013452
0.005061
0.002790
0.002021
0.000068
0.000000
0.000000
0.000000
0.005539
0.008772
0.006673
0.001653
0.000908
0.000044
0.000000
0.000000
0.000000
0.004826
0.003949
0.009464
0.012683
0.030541
0.006236
0.000000
0.000000
0.000000
0.000926
0.003887
0.007910
0.008101
0.006301
0.000499
0.000000
0.000000
0.000000
0.005539
0.008772
0.006673
0.001653
0.000908
0.000044
0.000000
0.000000
0.000000
0.000612
0.000591
0.001071
0.001517
0.000903
0.000007
0.000000
0.000000
0.000000
0.000926
0.003887
0.007910
0.008101
0.006301
0.000499
0.000000
0.000000
0.000000
0.001623
0.000582
0.001416
0.004221
0.004116
0.000675
0.000000
0.000000
0.000000
0.000612
0.000591
0.001071
0.001517
0.000903
0.000007
0.000000
0.000000
0.000000
0.000553
0.001276
0.001218
0.001319
0.000835
0.000025
0.000000
0.000000
0.000000
0.001623
0.000582
0.001416
0.004221
0.004116
0.000675
0.000000
0.000000
0.000000
0.001052
0.000138
0.000291
0.002235
0.004804
0.000661
0.000000
0.000000
0.000000
0.000553
0.001276
0.001218
0.001319
0.000835
0.000025
0.000000
0.000000
0.000000
0.003824
0.003487
0.002343
0.002091
0.001550
0.000105
0.000000
0.000000
0.000000
0.001052
0.000138
0.000291
0.002235
0.004804
0.000661
0.000000
0.000000
0.000000
0.000972
0.002351
0.002047
0.003633
0.003774
0.000340
0.000000
0.000000
0.000000
0.003824
0.003487
0.002343
0.002091
0.001550
0.000105
0.000000
0.000000
0.000000
0.002212
0.004733
0.001823
0.002209
0.005987
0.001176
0.000000
0.000000
0.000000
0.000972
0.002351
0.002047
0.003633
0.003774
0.000340
0.000000
0.000000
0.000000
0.000800
0.001263
0.002733
0.003323
0.007087
0.001461
0.000000
0.000000
0.000000
0.002212
0.004733
0.001823
0.002209
0.005987
0.001176
0.000000
0.000000
0.000000
0.000853
0.001406
0.001987
0.004588
0.009760
0.003077
0.000000
0.000000
0.000000
0.000800
0.001263
0.002733
0.003323
0.007087
0.001461
0.000000
0.000000
0.000000
0.002394
0.000088
0.000274
0.003673
0.010450
0.001725
0.000000
0.000000
0.000000
0.000853
0.001406
0.001987
0.004588
0.009760
0.003077
0.000000
0.000000
0.000000
0.001033
0.000961
0.001906
0.003984
0.016671
0.003090
0.000000
0.000000
0.000000
0.002394
0.000088
0.000274
0.003673
0.010450
0.001725
0.000000
0.000000
0.000000
0.000148
0.000686
0.003305
0.011102
0.008480
0.000130
0.000000
0.000000
0.000000
0.001033
0.000961
0.001906
0.003984
0.016671
0.003090
0.000000
0.000000
0.000000
0.003287
0.000224
0.001331
0.005966
0.016081
0.003985
0.000000
0.000000
0.000000
0.000148
0.000686
0.003305
0.011102
0.008480
0.000130
0.000000
0.000000
0.000000
0.000690
0.000500
0.003197
0.006491
0.011533
0.001339
0.000000
0.000000
0.000000
0.003287
0.000224
0.001331
0.005966
0.016081
0.003985
0.000000
0.000000
0.000000
0.001634
0.007189
0.005835
0.007093
0.005076
0.000776
0.000000
0.000000
0.000000
0.000690
0.000500
0.003197
0.006491
0.011533
0.001339
0.000000
0.000000
0.000000
0.001660
0.005937
0.006898
0.005378
0.005222
0.000532
0.000000
0.000000
0.000000
0.018223
0.013278
0.012473
0.009067
0.014355
0.003371
0.000000
0.000000
0.000000
0.003046
0.008761
0.005289
0.008017
0.028270
0.004267
0.000000
0.000000
0.000000
0.005795
0.020310
0.012915
0.014590
0.016608
0.002910
0.000000
0.000000
0.000000
0.002260
0.000167
0.000894
0.003219
0.028352
0.008935
0.000000
0.000000
0.000000
0.003046
0.008761
0.005289
0.008017
0.028270
0.004267
0.000000
0.000000
0.000000
0.004826
0.003949
0.009464
0.012683
0.030541
0.006236
0.000000
0.000000
0.000000
0.002260
0.000167
0.000894
0.003219
0.028352
0.008935
0.000000
0.000000
0.000000
0.000560
0.002419
0.003433
0.007442
0.009191
0.001290
0.000000
0.000000
0.000000
0.004826
0.003949
0.009464
0.012683
0.030541
0.006236
0.000000
0.000000
0.000000
0.000926
0.003887
0.007910
0.008101
0.006301
0.000499
0.000000
0.000000
0.000000
0.000560
0.002419
0.003433
0.007442
0.009191
0.001290
0.000000
0.000000
0.000000
0.009359
0.011532
0.009275
0.007272
0.009887
0.003807
0.000000
0.000000
0.000000
0.000926
0.003887
0.007910
0.008101
0.006301
0.000499
0.000000
0.000000
0.000000
0.001623
0.000582
0.001416
0.004221
0.004116
0.000675
0.000000
0.000000
0.000000
0.009359
0.011532
0.009275
0.007272
0.009887
0.003807
0.000000
0.000000
0.000000
0.000141
0.000000
0.000065
0.003941
0.049818
0.017529
0.000000
0.000000
0.000000
0.001623
0.000582
0.001416
0.004221
0.004116
0.000675
0.000000
0.000000
0.000000
0.001052
0.000138
0.000291
0.002235
0.004804
0.000661
0.000000
0.000000
0.000000
0.000141
0.000000
0.000065
0.003941
0.049818
0.017529
0.000000
0.000000
0.000000
0.001233
0.000889
0.001830
0.005683
0.051526
0.021813
0.000000
0.000000
0.000000
0.001052
0.000138
0.000291
0.002235
0.004804
0.000661
0.000000
0.000000
0.000000
0.000972
0.002351
0.002047
0.003633
0.003774
0.000340
0.000000
0.000000
0.000000
0.001233
0.000889
0.001830
0.005683
0.051526
0.021813
0.000000
0.000000
0.000000
0.018031
0.008058
0.009572
0.006262
0.042883
0.021334
0.000000
0.000000
0.000000
0.000972
0.002351
0.002047
0.003633
0.003774
0.000340
0.000000
0.000000
0.000000
0.000800
0.001263
0.002733
0.003323
0.007087
0.001461
0.000000
0.000000
0.000000
0.018031
0.008058
0.009572
0.006262
0.042883
0.021334
0.000000
0.000000
0.000000
0.008340
0.012090
0.002835
0.006975
0.007155
0.000783
0.000000
0.000000
0.000000
0.000800
0.001263
0.002733
0.003323
0.007087
0.001461
0.000000
0.000000
0.000000
0.002394
0.000088
0.000274
0.003673
0.010450
0.001725
0.000000
0.000000
0.000000
0.008340
0.012090
0.002835
0.006975
0.007155
0.000783
0.000000
0.000000
0.000000
0.001684
0.004326
0.009204
0.007646
0.008127
0.001905
0.000000
0.000000
0.000000
0.002394
0.000088
0.000274
0.003673
0.010450
0.001725
0.000000
0.000000
0.000000
0.000148
0.000686
0.003305
0.011102
0.008480
0.000130
0.000000
0.000000
0.000000
0.001684
0.004326
0.009204
0.007646
0.008127
0.001905
0.000000
0.000000
0.000000
0.001632
0.000124
0.003419
0.007359
0.008906
0.000778
0.000000
0.000000
0.000000
0.000148
0.000686
0.003305
0.011102
0.008480
0.000130
0.000000
0.000000
0.000000
0.000690
0.000500
0.003197
0.006491
0.011533
0.001339
0.000000
0.000000
0.000000
0.001632
0.000124
0.003419
0.007359
0.008906
0.000778
0.000000
0.000000
0.000000
0.000929
0.003528
0.003415
0.004590
0.010361
0.002137
0.000000
0.000000
0.000000
0.000690
0.000500
0.003197
0.006491
0.011533
0.001339
0.000000
0.000000
0.000000
0.001660
0.005937
0.006898
0.005378
0.005222
0.000532
0.000000
0.000000
0.000000
0.000929
0.003528
0.003415
0.004590
0.010361
0.002137
0.000000
0.000000
0.000000
0.000000
0.000066
0.001080
0.007379
0.007825
0.000902
0.000000
0.000000
0.000000
0.005795
0.020310
0.012915
0.014590
0.016608
0.002910
0.000000
0.000000
0.000000
0.002260
0.000167
0.000894
0.003219
0.028352
0.008935
0.000000
0.000000
0.000000
0.021659
0.015518
0.001842
0.004320
0.001466
0.000274
0.000000
0.000000
0.000000
0.001167
0.000616
0.000434
0.002087
0.005953
0.001367
0.000000
0.000000
0.000000
0.002260
0.000167
0.000894
0.003219
0.028352
0.008935
0.000000
0.000000
0.000000
0.000560
0.002419
0.003433
0.007442
0.009191
0.001290
0.000000
0.000000
0.000000
0.001167
0.000616
0.000434
0.002087
0.005953
0.001367
0.000000
0.000000
0.000000
0.001274
0.002695
0.002709
0.001966
0.006581
0.001242
0.000000
0.000000
0.000000
0.000560
0.002419
0.003433
0.007442
0.009191
0.001290
0.000000
0.000000
0.000000
0.009359
0.011532
0.009275
0.007272
0.009887
0.003807
0.000000
0.000000
0.000000
0.001274
0.002695
0.002709
0.001966
0.006581
0.001242
0.000000
0.000000
0.000000
0.003314
0.014274
0.007372
0.008651
0.013469
0.002558
0.000000
0.000000
0.000000
0.009359
0.011532
0.009275
0.007272
0.009887
0.003807
0.000000
0.000000
0.000000
0.000141
0.000000
0.000065
0.003941
0.049818
0.017529
0.000000
0.000000
0.000000
0.003314
0.014274
0.007372
0.008651
0.013469
0.002558
0.000000
0.000000
0.000000
0.002179
0.000348
0.001035
0.008192
0.058090
0.013250
0.000000
0.000000
0.000000
0.000141
0.000000
0.000065
0.003941
0.049818
0.017529
0.000000
0.000000
0.000000
0.001233
0.000889
0.001830
0.005683
0.051526
0.021813
0.000000
0.000000
0.000000
0.002179
0.000348
0.001035
0.008192
0.058090
0.013250
0.000000
0.000000
0.000000
0.000962
0.000508
0.000539
0.003385
0.054018
0.014804
0.000000
0.000000
0.000000
0.001233
0.000889
0.001830
0.005683
0.051526
0.021813
0.000000
0.000000
0.000000
0.018031
0.008058
0.009572
0.006262
0.042883
0.021334
0.000000
0.000000
0.000000
0.000962
0.000508
0.000539
0.003385
0.054018
0.014804
0.000000
0.000000
0.000000
0.009963
0.015137
0.006110
0.007599
0.033481
0.008828
0.000000
0.000000
0.000000
0.018031
0.008058
0.009572
0.006262
0.042883
0.021334
0.000000
0.000000
0.000000
0.008340
0.012090
0.002835
0.006975
0.007155
0.000783
0.000000
0.000000
0.000000
0.009963
0.015137
0.006110
0.007599
0.033481
0.008828
0.000000
0.000000
0.000000
0.008129
0.011353
0.002597
0.004352
0.016780
0.002030
0.000000
0.000000
0.000000
0.008340
0.012090
0.002835
0.006975
0.007155
0.000783
0.000000
0.000000
0.000000
0.001684
0.004326
0.009204
0.007646
0.008127
0.001905
0.000000
0.000000
0.000000
0.008129
0.011353
0.002597
0.004352
0.016780
0.002030
0.000000
0.000000
0.000000
0.001625
0.005215
0.006984
0.005351
0.014941
0.000974
0.000000
0.000000
0.000000
0.001684
0.004326
0.009204
0.007646
0.008127
0.001905
0.000000
0.000000
0.000000
0.001632
0.000124
0.003419
0.007359
0.008906
0.000778
0.000000
0.000000
0.000000
0.001625
0.005215
0.006984
0.005351
0.014941
0.000974
0.000000
0.000000
0.000000
0.000645
0.000823
0.001246
0.001357
0.001198
0.000077
0.000000
0.000000
0.000000
0.001632
0.000124
0.003419
0.007359
0.008906
0.000778
0.000000
0.000000
0.000000
0.000929
0.003528
0.003415
0.004590
0.010361
0.002137
0.000000
0.000000
0.000000
0.000645
0.000823
0.001246
0.001357
0.001198
0.000077
0.000000
0.000000
0.000000
0.000310
0.000805
0.002998
0.003647
0.002248
0.000182
0.000000
0.000000
0.000000
0.000929
0.003528
0.003415
0.004590
0.010361
0.002137
0.000000
0.000000
0.000000
0.000000
0.000066
0.001080
0.007379
0.007825
0.000902
0.000000
0.000000
0.000000
0.000310
0.000805
0.002998
0.003647
0.002248
0.000182
0.000000
0.000000
0.000000
0.000473
0.001167
0.001809
0.003337
0.001996
0.000056
0.000000
0.000000
0.000000
