0.014055
0.000000
0.000000
0.000000
0.000000
0.000000
0.000000
0.000000
0.000000
0.016063
0.000000
0.000000
0.000000
0.000000
0.000000
0.000000
0.000000
0.000000
0.011356
0.000000
0.000000
0.000000
0.000000
0.000000
0.000000
0.000000
0.000000
0.012979
0.000000
0.000000
0.000000
0.000000
0.000000
0.000000
0.000000
0.000000
0.016063
0.000000
0.000000
0.000000
0.000000
0.000000
0.000000
0.000000
0.000000
0.016063
0.000000
0.000000
0.000000
0.000000
0.000000
0.000000
0.000000
0.000000
0.012979
0.000000
0.000000
0.000000
0.000000
0.000000
0.000000
0.000000
0.000000
0.012979
0.000000
0.000000
0.000000
0.000000
0.000000
0.000000
0.000000
0.000000
0.016063
0.000000
0.000000
0.000000
0.000000
0.000000
0.000000
0.000000
0.000000
0.004975
0.002755
0.006331
0.006267
0.004068
0.000502
0.000000
0.000000
0.000000
0.012979
0.000000
0.000000
0.000000
0.000000
0.000000
0.000000
0.000000
0.000000
0.004801
0.005397
0.006264
0.004021
0.003318
0.000567
0.000000
0.000000
0.000000
0.004975
0.002755
0.006331
0.006267
0.004068
0.000502
0.000000
0.000000
0.000000
0.002167
0.005822
0.012436
0.009479
0.004136
0.000784
0.000000
0.000000
0.000000
0.004801
0.005397
0.006264
0.004021
0.003318
0.000567
0.000000
0.000000
0.000000
0.002059
0.005033
0.009436
0.007445
0.002782
0.000116
0.000000
0.000000
0.000000
0.002167
0.005822
0.012436
0.009479
0.004136
0.000784
0.000000
0.000000
0.000000
0.001885
0.002842
0.002621
0.008483
0.007757
0.000409
0.000000
0.000000
0.000000
0.002059
0.005033
0.009436
0.007445
0.002782
0.000116
0.000000
0.000000
0.000000
0.001789
0.002684
0.005448
0.003935
0.003516
0.000683
0.000000
0.000000
0.000000
0.001885
0.002842
0.002621
0.008483
0.007757
0.000409
0.000000
0.000000
0.000000
0.009278
0.009964
0.007880
0.006592
0.004274
0.000161
0.000000
0.000000
0.000000
0.001789
0.002684
0.005448
0.003935
0.003516
0.000683
0.000000
0.000000
0.000000
0.000992
0.002083
0.002784
0.003600
0.004590
0.000312
0.000000
0.000000
0.000000
0.009278
0.009964
0.007880
0.006592
0.004274
0.000161
0.000000
0.000000
0.000000
0.008961
0.009636
0.007952
0.008593
0.012536
0.001345
0.000000
0.000000
0.000000
0.000992
0.002083
0.002784
0.003600
0.004590
0.000312
0.000000
0.000000
0.000000
0.002735
0.004265
0.003927
0.007383
0.009369
0.001556
0.000000
0.000000
0.000000
0.008961
0.009636
0.007952
0.008593
0.012536
0.001345
0.000000
0.000000
0.000000
0.010184
0.013819
0.012227
0.004330
0.002159
0.000716
0.000000
0.000000
0.000000
0.002735
0.004265
0.003927
0.007383
0.009369
0.001556
0.000000
0.000000
0.000000
0.010419
0.013293
0.007077
0.006887
0.003990
0.000402
0.000000
0.000000
0.000000
0.010184
0.013819
0.012227
0.004330
0.002159
0.000716
0.000000
0.000000
0.000000
0.004004
0.005377
0.009221
0.008535
0.004719
0.000253
0.000000
0.000000
0.000000
0.010419
0.013293
0.007077
0.006887
0.003990
0.000402
0.000000
0.000000
0.000000
0.006578
0.012069
0.010188
0.012894
0.012577
0.001528
0.000000
0.000000
0.000000
0.004004
0.005377
0.009221
0.008535
0.004719
0.000253
0.000000
0.000000
0.000000
0.011723
0.012372
0.011248
0.007110
0.004830
0.000535
0.000000
0.000000
0.000000
0.006578
0.012069
0.010188
0.012894
0.012577
0.001528
0.000000
0.000000
0.000000
0.002328
0.007087
0.004335
0.005770
0.039960
0.011501
0.000000
0.000000
0.000000
0.011723
0.012372
0.011248
0.007110
0.004830
0.000535
0.000000
0.000000
0.000000
0.008506
0.008296
0.003817
0.007552
0.003194
0.000311
0.000000
0.000000
0.000000
0.002328
0.007087
0.004335
0.005770
0.039960
0.011501
0.000000
0.000000
0.000000
0.024776
0.004376
0.004432
0.005016
0.021464
0.005489
0.000000
0.000000
0.000000
0.011356
0.000000
0.000000
0.000000
0.000000
0.000000
0.000000
0.000000
0.000000
0.012979
0.000000
0.000000
0.000000
0.000000
0.000000
0.000000
0.000000
0.000000
0.025749
0.000000
0.000000
0.000000
0.000000
0.000000
0.000000
0.000000
0.000000
0.029427
0.000000
0.000000
0.000000
0.000000
0.000000
0.000000
0.000000
0.000000
0.012979
0.000000
0.000000
0.000000
0.000000
0.000000
0.000000
0.000000
0.000000
0.012979
0.000000
0.000000
0.000000
0.000000
0.000000
0.000000
0.000000
0.000000
0.029427
0.000000
0.000000
0.000000
0.000000
0.000000
0.000000
0.000000
0.000000
0.029427
0.000000
0.000000
0.000000
0.000000
0.000000
0.000000
0.000000
0.000000
0.012979
0.000000
0.000000
0.000000
0.000000
0.000000
0.000000
0.000000
0.000000
0.004801
0.005397
0.006264
0.004021
0.003318
0.000567
0.000000
0.000000
0.000000
0.029427
0.000000
0.000000
0.000000
0.000000
0.000000
0.000000
0.000000
0.000000
0.017327
0.010783
0.005226
0.002389
0.003568
0.000686
0.000000
0.000000
0.000000
0.004801
0.005397
0.006264
0.004021
0.003318
0.000567
0.000000
0.000000
0.000000
0.002059
0.005033
0.009436
0.007445
0.002782
0.000116
0.000000
0.000000
0.000000
0.017327
0.010783
0.005226
0.002389
0.003568
0.000686
0.000000
0.000000
0.000000
0.009601
0.014321
0.018249
0.008580
0.009000
0.001304
0.000000
0.000000
0.000000
0.002059
0.005033
0.009436
0.007445
0.002782
0.000116
0.000000
0.000000
0.000000
0.001789
0.002684
0.005448
0.003935
0.003516
0.000683
0.000000
0.000000
0.000000
0.009601
0.014321
0.018249
0.008580
0.009000
0.001304
0.000000
0.000000
0.000000
0.002331
0.003679
0.004869
0.013578
0.012467
0.001755
0.000000
0.000000
0.000000
0.001789
0.002684
0.005448
0.003935
0.003516
0.000683
0.000000
0.000000
0.000000
0.000992
0.002083
0.002784
0.003600
0.004590
0.000312
0.000000
0.000000
0.000000
0.002331
0.003679
0.004869
0.013578
0.012467
0.001755
0.000000
0.000000
0.000000
0.001325
0.004667
0.005624
0.007869
0.015209
0.003262
0.000000
0.000000
0.000000
0.000992
0.002083
0.002784
0.003600
0.004590
0.000312
0.000000
0.000000
0.000000
0.002735
0.004265
0.003927
0.007383
0.009369
0.001556
0.000000
0.000000
0.000000
0.001325
0.004667
0.005624
0.007869
0.015209
0.003262
0.000000
0.000000
0.000000
0.001367
0.006837
0.005878
0.005510
0.009555
0.001275
0.000000
0.000000
0.000000
0.002735
0.004265
0.003927
0.007383
0.009369
0.001556
0.000000
0.000000
0.000000
0.010419
0.013293
0.007077
0.006887
0.003990
0.000402
0.000000
0.000000
0.000000
0.001367
0.006837
0.005878
0.005510
0.009555
0.001275
0.000000
0.000000
0.000000
0.010667
0.007395
0.008805
0.005895
0.003619
0.000613
0.000000
0.000000
0.000000
0.010419
0.013293
0.007077
0.006887
0.003990
0.000402
0.000000
0.000000
0.000000
0.006578
0.012069
0.010188
0.012894
0.012577
0.001528
0.000000
0.000000
0.000000
0.010667
0.007395
0.008805
0.005895
0.003619
0.000613
0.000000
0.000000
0.000000
0.006544
0.005389
0.004544
0.013250
0.027568
0.003422
0.000000
0.000000
0.000000
0.006578
0.012069
0.010188
0.012894
0.012577
0.001528
0.000000
0.000000
0.000000
0.002328
0.007087
0.004335
0.005770
0.039960
0.011501
0.000000
0.000000
0.000000
0.006544
0.005389
0.004544
0.013250
0.027568
0.003422
0.000000
0.000000
0.000000
0.022516
0.014192
0.004597
0.002593
0.001729
0.000152
0.000000
0.000000
0.000000
0.002328
0.007087
0.004335
0.005770
0.039960
0.011501
0.000000
0.000000
0.000000
0.024776
0.004376
0.004432
0.005016
0.021464
0.005489
0.000000
0.000000
0.000000
0.022516
0.014192
0.004597
0.002593
0.001729
0.000152
0.000000
0.000000
0.000000
0.003106
0.001352
0.000673
0.000522
0.001179
0.000106
0.000000
0.000000
0.000000
0.025749
0.000000
0.000000
0.000000
0.000000
0.000000
0.000000
0.000000
0.000000
0.029427
0.000000
0.000000
0.000000
0.000000
0.000000
0.000000
0.000000
0.000000
0.026761
0.000000
0.000000
0.000000
0.000000
0.000000
0.000000
0.000000
0.000000
0.030584
0.000000
0.000000
0.000000
0.000000
0.000000
0.000000
0.000000
0.000000
0.029427
0.000000
0.000000
0.000000
0.000000
0.000000
0.000000
0.000000
0.000000
0.029427
0.000000
0.000000
0.000000
0.000000
0.000000
0.000000
0.000000
0.000000
0.030584
0.000000
0.000000
0.000000
0.000000
0.000000
0.000000
0.000000
0.000000
0.030584
0.000000
0.000000
0.000000
0.000000
0.000000
0.000000
0.000000
0.000000
0.029427
0.000000
0.000000
0.000000
0.000000
0.000000
0.000000
0.000000
0.000000
0.017327
0.010783
0.005226
0.002389
0.003568
0.000686
0.000000
0.000000
0.000000
0.030584
0.000000
0.000000
0.000000
0.000000
0.000000
0.000000
0.000000
0.000000
0.011023
0.008230
0.009272
0.008743
0.006026
0.000333
0.000000
0.000000
0.000000
0.017327
0.010783
0.005226
0.002389
0.003568
0.000686
0.000000
0.000000
0.000000
0.009601
0.014321
0.018249
0.008580
0.009000
0.001304
0.000000
0.000000
0.000000
0.011023
0.008230
0.009272
0.008743
0.006026
0.000333
0.000000
0.000000
0.000000
0.017798
0.017532
0.009422
0.006719
0.001754
0.000200
0.000000
0.000000
0.000000
0.009601
0.014321
0.018249
0.008580
0.009000
0.001304
0.000000
0.000000
0.000000
0.002331
0.003679
0.004869
0.013578
0.012467
0.001755
0.000000
0.000000
0.000000
0.017798
0.017532
0.009422
0.006719
0.001754
0.000200
0.000000
0.000000
0.000000
0.006220
0.010379
0.009977
0.006481
0.013387
0.003848
0.000000
0.000000
0.000000
0.002331
0.003679
0.004869
0.013578
0.012467
0.001755
0.000000
0.000000
0.000000
0.001325
0.004667
0.005624
0.007869
0.015209
0.003262
0.000000
0.000000
0.000000
0.006220
0.010379
0.009977
0.006481
0.013387
0.003848
0.000000
0.000000
0.000000
0.001410
0.004941
0.003369
0.007049
0.010223
0.000941
0.000000
0.000000
0.000000
0.001325
0.004667
0.005624
0.007869
0.015209
0.003262
0.000000
0.000000
0.000000
0.001367
0.006837
0.005878
0.005510
0.009555
0.001275
0.000000
0.000000
0.000000
0.001410
0.004941
0.003369
0.007049
0.010223
0.000941
0.000000
0.000000
0.000000
0.000402
0.001524
0.003202
0.008346
0.018325
0.002592
0.000000
0.000000
0.000000
0.001367
0.006837
0.005878
0.005510
0.009555
0.001275
0.000000
0.000000
0.000000
0.010667
0.007395
0.008805
0.005895
0.003619
0.000613
0.000000
0.000000
0.000000
0.000402
0.001524
0.003202
0.008346
0.018325
0.002592
0.000000
0.000000
0.000000
0.008054
0.009432
0.007104
0.005193
0.003616
0.000334
0.000000
0.000000
0.000000
0.010667
0.007395
0.008805
0.005895
0.003619
0.000613
0.000000
0.000000
0.000000
0.006544
0.005389
0.004544
0.013250
0.027568
0.003422
0.000000
0.000000
0.000000
0.008054
0.009432
0.007104
0.005193
0.003616
0.000334
0.000000
0.000000
0.000000
0.016963
0.016109
0.005275
0.007161
0.007800
0.001450
0.000000
0.000000
0.000000
0.006544
0.005389
0.004544
0.013250
0.027568
0.003422
0.000000
0.000000
0.000000
0.022516
0.014192
0.004597
0.002593
0.001729
0.000152
0.000000
0.000000
0.000000
0.016963
0.016109
0.005275
0.007161
0.007800
0.001450
0.000000
0.000000
0.000000
0.014956
0.017646
0.005391
0.003868
0.001465
0.000172
0.000000
0.000000
0.000000
0.022516
0.014192
0.004597
0.002593
0.001729
0.000152
0.000000
0.000000
0.000000
0.003106
0.001352
0.000673
0.000522
0.001179
0.000106
0.000000
0.000000
0.000000
0.014956
0.017646
0.005391
0.003868
0.001465
0.000172
0.000000
0.000000
0.000000
0.011068
0.004461
0.002553
0.001708
0.000155
0.000054
0.000000
0.000000
0.000000
0.026761
0.000000
0.000000
0.000000
0.000000
0.000000
0.000000
0.000000
0.000000
0.030584
0.000000
0.000000
0.000000
0.000000
0.000000
0.000000
0.000000
0.000000
0.003711
0.000000
0.000000
0.000000
0.000000
0.000000
0.000000
0.000000
0.000000
0.004241
0.000000
0.000000
0.000000
0.000000
0.000000
0.000000
0.000000
0.000000
0.030584
0.000000
0.000000
0.000000
0.000000
0.000000
0.000000
0.000000
0.000000
0.030584
0.000000
0.000000
0.000000
0.000000
0.000000
0.000000
0.000000
0.000000
0.004241
0.000000
0.000000
0.000000
0.000000
0.000000
0.000000
0.000000
0.000000
0.004241
0.000000
0.000000
0.000000
0.000000
0.000000
0.000000
0.000000
0.000000
0.030584
0.000000
0.000000
0.000000
0.000000
0.000000
0.000000
0.000000
0.000000
0.011023
0.008230
0.009272
0.008743
0.006026
0.000333
0.000000
0.000000
0.000000
0.004241
0.000000
0.000000
0.000000
0.000000
0.000000
0.000000
0.000000
0.000000
0.001569
0.000222
0.000985
0.001131
0.001316
0.000093
0.000000
0.000000
0.000000
0.011023
0.008230
0.009272
0.008743
0.006026
0.000333
0.000000
0.000000
0.000000
0.017798
0.017532
0.009422
0.006719
0.001754
0.000200
0.000000
0.000000
0.000000
0.001569
0.000222
0.000985
0.001131
0.001316
0.000093
0.000000
0.000000
0.000000
0.006887
0.007223
0.005204
0.003873
0.003112
0.000461
0.000000
0.000000
0.000000
0.017798
0.017532
0.009422
0.006719
0.001754
0.000200
0.000000
0.000000
0.000000
0.006220
0.010379
0.009977
0.006481
0.013387
0.003848
0.000000
0.000000
0.000000
0.006887
0.007223
0.005204
0.003873
0.003112
0.000461
0.000000
0.000000
0.000000
0.001941
0.006428
0.008293
0.012854
0.017538
0.002758
0.000000
0.000000
0.000000
0.006220
0.010379
0.009977
0.006481
0.013387
0.003848
0.000000
0.000000
0.000000
0.001410
0.004941
0.003369
0.007049
0.010223
0.000941
0.000000
0.000000
0.000000
0.001941
0.006428
0.008293
0.012854
0.017538
0.002758
0.000000
0.000000
0.000000
0.005790
0.021984
0.021302
0.018364
0.009932
0.001047
0.000000
0.000000
0.000000
0.001410
0.004941
0.003369
0.007049
0.010223
0.000941
0.000000
0.000000
0.000000
0.000402
0.001524
0.003202
0.008346
0.018325
0.002592
0.000000
0.000000
0.000000
0.005790
0.021984
0.021302
0.018364
0.009932
0.001047
0.000000
0.000000
0.000000
0.003009
0.005392
0.006313
0.003661
0.002330
0.000756
0.000000
0.000000
0.000000
0.000402
0.001524
0.003202
0.008346
0.018325
0.002592
0.000000
0.000000
0.000000
0.008054
0.009432
0.007104
0.005193
0.003616
0.000334
0.000000
0.000000
0.000000
0.003009
0.005392
0.006313
0.003661
0.002330
0.000756
0.000000
0.000000
0.000000
0.022069
0.014837
0.002804
0.000773
0.000957
0.000227
0.000000
0.000000
0.000000
0.008054
0.009432
0.007104
0.005193
0.003616
0.000334
0.000000
0.000000
0.000000
0.016963
0.016109
0.005275
0.007161
0.007800
0.001450
0.000000
0.000000
0.000000
0.022069
0.014837
0.002804
0.000773
0.000957
0.000227
0.000000
0.000000
0.000000
0.040223
0.020385
0.004224
0.000988
0.001065
0.000194
0.000000
0.000000
0.000000
0.016963
0.016109
0.005275
0.007161
0.007800
0.001450
0.000000
0.000000
0.000000
0.014956
0.017646
0.005391
0.003868
0.001465
0.000172
0.000000
0.000000
0.000000
0.040223
0.020385
0.004224
0.000988
0.001065
0.000194
0.000000
0.000000
0.000000
0.038418
0.007492
0.000239
0.000000
0.000000
0.000000
0.000000
0.000000
0.000000
0.014956
0.017646
0.005391
0.003868
0.001465
0.000172
0.000000
0.000000
0.000000
0.011068
0.004461
0.002553
0.001708
0.000155
0.000054
0.000000
0.000000
0.000000
0.038418
0.007492
0.000239
0.000000
0.000000
0.000000
0.000000
0.000000
0.000000
0.019698
0.013300
0.004119
0.001140
0.000004
0.000000
0.000000
0.000000
0.000000
0.003711
0.000000
0.000000
0.000000
0.000000
0.000000
0.000000
0.000000
0.000000
0.004241
0.000000
0.000000
0.000000
0.000000
0.000000
0.000000
0.000000
0.000000
0.056782
0.000000
0.000000
0.000000
0.000000
0.000000
0.000000
0.000000
0.000000
0.064894
0.000000
0.000000
0.000000
0.000000
0.000000
0.000000
0.000000
0.000000
0.004241
0.000000
0.000000
0.000000
0.000000
0.000000
0.000000
0.000000
0.000000
0.004241
0.000000
0.000000
0.000000
0.000000
0.000000
0.000000
0.000000
0.000000
0.064894
0.000000
0.000000
0.000000
0.000000
0.000000
0.000000
0.000000
0.000000
0.064894
0.000000
0.000000
0.000000
0.000000
0.000000
0.000000
0.000000
0.000000
0.004241
0.000000
0.000000
0.000000
0.000000
0.000000
0.000000
0.000000
0.000000
0.001569
0.000222
0.000985
0.001131
0.001316
0.000093
0.000000
0.000000
0.000000
0.064894
0.000000
0.000000
0.000000
0.000000
0.000000
0.000000
0.000000
0.000000
0.031889
0.005797
0.006646
0.008636
0.021686
0.009547
0.000000
0.000000
0.000000
0.001569
0.000222
0.000985
0.001131
0.001316
0.000093
0.000000
0.000000
0.000000
0.006887
0.007223
0.005204
0.003873
0.003112
0.000461
0.000000
0.000000
0.000000
0.031889
0.005797
0.006646
0.008636
0.021686
0.009547
0.000000
0.000000
0.000000
0.011644
0.016294
0.010273
0.004393
0.004397
0.000592
0.000000
0.000000
0.000000
0.006887
0.007223
0.005204
0.003873
0.003112
0.000461
0.000000
0.000000
0.000000
0.001941
0.006428
0.008293
0.012854
0.017538
0.002758
0.000000
0.000000
0.000000
0.011644
0.016294
0.010273
0.004393
0.004397
0.000592
0.000000
0.000000
0.000000
0.009058
0.020069
0.011304
0.010163
0.002927
0.000677
0.000000
0.000000
0.000000
0.001941
0.006428
0.008293
0.012854
0.017538
0.002758
0.000000
0.000000
0.000000
0.005790
0.021984
0.021302
0.018364
0.009932
0.001047
0.000000
0.000000
0.000000
0.009058
0.020069
0.011304
0.010163
0.002927
0.000677
0.000000
0.000000
0.000000
0.005389
0.021805
0.018018
0.010104
0.004817
0.000714
0.000000
0.000000
0.000000
0.005790
0.021984
0.021302
0.018364
0.009932
0.001047
0.000000
0.000000
0.000000
0.003009
0.005392
0.006313
0.003661
0.002330
0.000756
0.000000
0.000000
0.000000
0.005389
0.021805
0.018018
0.010104
0.004817
0.000714
0.000000
0.000000
0.000000
0.003946
0.009283
0.009011
0.005493
0.007418
0.000734
0.000000
0.000000
0.000000
0.003009
0.005392
0.006313
0.003661
0.002330
0.000756
0.000000
0.000000
0.000000
0.022069
0.014837
0.002804
0.000773
0.000957
0.000227
0.000000
0.000000
0.000000
0.003946
0.009283
0.009011
0.005493
0.007418
0.000734
0.000000
0.000000
0.000000
0.012980
0.012684
0.005766
0.002863
0.004397
0.000759
0.000000
0.000000
0.000000
0.022069
0.014837
0.002804
0.000773
0.000957
0.000227
0.000000
0.000000
0.000000
0.040223
0.020385
0.004224
0.000988
0.001065
0.000194
0.000000
0.000000
0.000000
0.012980
0.012684
0.005766
0.002863
0.004397
0.000759
0.000000
0.000000
0.000000
0.034263
0.029853
0.006201
0.003316
0.001509
0.000000
0.000000
0.000000
0.000000
0.040223
0.020385
0.004224
0.000988
0.001065
0.000194
0.000000
0.000000
0.000000
0.038418
0.007492
0.000239
0.000000
0.000000
0.000000
0.000000
0.000000
0.000000
0.034263
0.029853
0.006201
0.003316
0.001509
0.000000
0.000000
0.000000
0.000000
0.030020
0.024322
0.005074
0.000013
0.000067
0.000000
0.000000
0.000000
0.000000
0.038418
0.007492
0.000239
0.000000
0.000000
0.000000
0.000000
0.000000
0.000000
0.019698
0.013300
0.004119
0.001140
0.000004
0.000000
0.000000
0.000000
0.000000
0.030020
0.024322
0.005074
0.000013
0.000067
0.000000
0.000000
0.000000
0.000000
0.024627
0.009367
0.005680
0.000926
0.001360
0.000060
0.000000
0.000000
0.000000
0.056782
0.000000
0.000000
0.000000
0.000000
0.000000
0.000000
0.000000
0.000000
0.064894
0.000000
0.000000
0.000000
0.000000
0.000000
0.000000
0.000000
0.000000
0.052509
0.000000
0.000000
0.000000
0.000000
0.000000
0.000000
0.000000
0.000000
0.060011
0.000000
0.000000
0.000000
0.000000
0.000000
0.000000
0.000000
0.000000
0.064894
0.000000
0.000000
0.000000
0.000000
0.000000
0.000000
0.000000
0.000000
0.064894
0.000000
0.000000
0.000000
0.000000
0.000000
0.000000
0.000000
0.000000
0.060011
0.000000
0.000000
0.000000
0.000000
0.000000
0.000000
0.000000
0.000000
0.060011
0.000000
0.000000
0.000000
0.000000
0.000000
0.000000
0.000000
0.000000
0.064894
0.000000
0.000000
0.000000
0.000000
0.000000
0.000000
0.000000
0.000000
0.031889
0.005797
0.006646
0.008636
0.021686
0.009547
0.000000
0.000000
0.000000
0.060011
0.000000
0.000000
0.000000
0.000000
0.000000
0.000000
0.000000
0.000000
0.026490
0.012794
0.011302
0.007154
0.022203
0.009847
0.000000
0.000000
0.000000
0.031889
0.005797
0.006646
0.008636
0.021686
0.009547
0.000000
0.000000
0.000000
0.011644
0.016294
0.010273
0.004393
0.004397
0.000592
0.000000
0.000000
0.000000
0.026490
0.012794
0.011302
0.007154
0.022203
0.009847
0.000000
0.000000
0.000000
0.018799
0.025073
0.031323
0.016891
0.021054
0.003926
0.000000
0.000000
0.000000
0.011644
0.016294
0.010273
0.004393
0.004397
0.000592
0.000000
0.000000
0.000000
0.009058
0.020069
0.011304
0.010163
0.002927
0.000677
0.000000
0.000000
0.000000
0.018799
0.025073
0.031323
0.016891
0.021054
0.003926
0.000000
0.000000
0.000000
0.012286
0.030345
0.023122
0.006898
0.002294
0.000406
0.000000
0.000000
0.000000
0.009058
0.020069
0.011304
0.010163
0.002927
0.000677
0.000000
0.000000
0.000000
0.005389
0.021805
0.018018
0.010104
0.004817
0.000714
0.000000
0.000000
0.000000
0.012286
0.030345
0.023122
0.006898
0.002294
0.000406
0.000000
0.000000
0.000000
0.007800
0.017304
0.021061
0.019515
0.004994
0.000387
0.000000
0.000000
0.000000
0.005389
0.021805
0.018018
0.010104
0.004817
0.000714
0.000000
0.000000
0.000000
0.003946
0.009283
0.009011
0.005493
0.007418
0.000734
0.000000
0.000000
0.000000
0.007800
0.017304
0.021061
0.019515
0.004994
0.000387
0.000000
0.000000
0.000000
0.016316
0.024415
0.007910
0.008643
0.009821
0.001113
0.000000
0.000000
0.000000
0.003946
0.009283
0.009011
0.005493
0.007418
0.000734
0.000000
0.000000
0.000000
0.012980
0.012684
0.005766
0.002863
0.004397
0.000759
0.000000
0.000000
0.000000
0.016316
0.024415
0.007910
0.008643
0.009821
0.001113
0.000000
0.000000
0.000000
0.008451
0.013423
0.014580
0.006083
0.018734
0.002739
0.000000
0.000000
0.000000
0.012980
0.012684
0.005766
0.002863
0.004397
0.000759
0.000000
0.000000
0.000000
0.034263
0.029853
0.006201
0.003316
0.001509
0.000000
0.000000
0.000000
0.000000
0.008451
0.013423
0.014580
0.006083
0.018734
0.002739
0.000000
0.000000
0.000000
0.023081
0.027913
0.012308
0.008588
0.005723
0.000451
0.000000
0.000000
0.000000
0.034263
0.029853
0.006201
0.003316
0.001509
0.000000
0.000000
0.000000
0.000000
0.030020
0.024322
0.005074
0.000013
0.000067
0.000000
0.000000
0.000000
0.000000
0.023081
0.027913
0.012308
0.008588
0.005723
0.000451
0.000000
0.000000
0.000000
0.015578
0.014216
0.005967
0.009975
0.003144
0.000000
0.000000
0.000000
0.000000
0.030020
0.024322
0.005074
0.000013
0.000067
0.000000
0.000000
0.000000
0.000000
0.024627
0.009367
0.005680
0.000926
0.001360
0.000060
0.000000
0.000000
0.000000
0.015578
0.014216
0.005967
0.009975
0.003144
0.000000
0.000000
0.000000
0.000000
0.006307
0.005179
0.002425
0.000893
0.000055
0.000000
0.000000
0.000000
0.000000
0.052509
0.000000
0.000000
0.000000
0.000000
0.000000
0.000000
0.000000
0.000000
0.060011
0.000000
0.000000
0.000000
0.000000
0.000000
0.000000
0.000000
0.000000
0.012256
0.000000
0.000000
0.000000
0.000000
0.000000
0.000000
0.000000
0.000000
0.014007
0.000000
0.000000
0.000000
0.000000
0.000000
0.000000
0.000000
0.000000
0.060011
0.000000
0.000000
0.000000
0.000000
0.000000
0.000000
0.000000
0.000000
0.060011
0.000000
0.000000
0.000000
0.000000
0.000000
0.000000
0.000000
0.000000
0.014007
0.000000
0.000000
0.000000
0.000000
0.000000
0.000000
0.000000
0.000000
0.014007
0.000000
0.000000
0.000000
0.000000
0.000000
0.000000
0.000000
0.000000
0.060011
0.000000
0.000000
0.000000
0.000000
0.000000
0.000000
0.000000
0.000000
0.026490
0.012794
0.011302
0.007154
0.022203
0.009847
0.000000
0.000000
0.000000
0.014007
0.000000
0.000000
0.000000
0.000000
0.000000
0.000000
0.000000
0.000000
0.013307
0.012373
0.003098
0.003481
0.002619
0.000541
0.000000
0.000000
0.000000
0.026490
0.012794
0.011302
0.007154
0.022203
0.009847
0.000000
0.000000
0.000000
0.018799
0.025073
0.031323
0.016891
0.021054
0.003926
0.000000
0.000000
0.000000
0.013307
0.012373
0.003098
0.003481
0.002619
0.000541
0.000000
0.000000
0.000000
0.011017
0.033112
0.044105
0.026506
0.013742
0.000470
0.000000
0.000000
0.000000
0.018799
0.025073
0.031323
0.016891
0.021054
0.003926
0.000000
0.000000
0.000000
0.012286
0.030345
0.023122
0.006898
0.002294
0.000406
0.000000
0.000000
0.000000
0.011017
0.033112
0.044105
0.026506
0.013742
0.000470
0.000000
0.000000
0.000000
0.017645
0.022158
0.009955
0.001011
0.000475
0.000028
0.000000
0.000000
0.000000
0.012286
0.030345
0.023122
0.006898
0.002294
0.000406
0.000000
0.000000
0.000000
0.007800
0.017304
0.021061
0.019515
0.004994
0.000387
0.000000
0.000000
0.000000
0.017645
0.022158
0.009955
0.001011
0.000475
0.000028
0.000000
0.000000
0.000000
0.013865
0.013668
0.012449
0.005443
0.004113
0.000305
0.000000
0.000000
0.000000
0.007800
0.017304
0.021061
0.019515
0.004994
0.000387
0.000000
0.000000
0.000000
0.016316
0.024415
0.007910
0.008643
0.009821
0.001113
0.000000
0.000000
0.000000
0.013865
0.013668
0.012449
0.005443
0.004113
0.000305
0.000000
0.000000
0.000000
0.010826
0.018576
0.026045
0.015478
0.003134
0.000183
0.000000
0.000000
0.000000
0.016316
0.024415
0.007910
0.008643
0.009821
0.001113
0.000000
0.000000
0.000000
0.008451
0.013423
0.014580
0.006083
0.018734
0.002739
0.000000
0.000000
0.000000
0.010826
0.018576
0.026045
0.015478
0.003134
0.000183
0.000000
0.000000
0.000000
0.009488
0.019568
0.004946
0.000724
0.000098
0.000000
0.000000
0.000000
0.000000
0.008451
0.013423
0.014580
0.006083
0.018734
0.002739
0.000000
0.000000
0.000000
0.023081
0.027913
0.012308
0.008588
0.005723
0.000451
0.000000
0.000000
0.000000
0.009488
0.019568
0.004946
0.000724
0.000098
0.000000
0.000000
0.000000
0.000000
0.000427
0.006216
0.006942
0.008820
0.008021
0.000993
0.000000
0.000000
0.000000
0.023081
0.027913
0.012308
0.008588
0.005723
0.000451
0.000000
0.000000
0.000000
0.015578
0.014216
0.005967
0.009975
0.003144
0.000000
0.000000
0.000000
0.000000
0.000427
0.006216
0.006942
0.008820
0.008021
0.000993
0.000000
0.000000
0.000000
0.008307
0.007676
0.005279
0.003792
0.001119
0.000042
0.000000
0.000000
0.000000
0.015578
0.014216
0.005967
0.009975
0.003144
0.000000
0.000000
0.000000
0.000000
0.006307
0.005179
0.002425
0.000893
0.000055
0.000000
0.000000
0.000000
0.000000
0.008307
0.007676
0.005279
0.003792
0.001119
0.000042
0.000000
0.000000
0.000000
0.011169
0.011877
0.007266
0.001530
0.002210
0.000001
0.000000
0.000000
0.000000
0.012256
0.000000
0.000000
0.000000
0.000000
0.000000
0.000000
0.000000
0.000000
0.014007
0.000000
0.000000
0.000000
0.000000
0.000000
0.000000
0.000000
0.000000
0.090064
0.000000
0.000000
0.000000
0.000000
0.000000
0.000000
0.000000
0.000000
0.102930
0.000000
0.000000
0.000000
0.000000
0.000000
0.000000
0.000000
0.000000
0.014007
0.000000
0.000000
0.000000
0.000000
0.000000
0.000000
0.000000
0.000000
0.014007
0.000000
0.000000
0.000000
0.000000
0.000000
0.000000
0.000000
0.000000
0.102930
0.000000
0.000000
0.000000
0.000000
0.000000
0.000000
0.000000
0.000000
0.102930
0.000000
0.000000
0.000000
0.000000
0.000000
0.000000
0.000000
0.000000
0.014007
0.000000
0.000000
0.000000
0.000000
0.000000
0.000000
0.000000
0.000000
0.013307
0.012373
0.003098
0.003481
0.002619
0.000541
0.000000
0.000000
0.000000
0.102930
0.000000
0.000000
0.000000
0.000000
0.000000
0.000000
0.000000
0.000000
0.027027
0.008616
0.016360
0.011908
0.031419
0.013865
0.000000
0.000000
0.000000
0.013307
0.012373
0.003098
0.003481
0.002619
0.000541
0.000000
0.000000
0.000000
0.011017
0.033112
0.044105
0.026506
0.013742
0.000470
0.000000
0.000000
0.000000
0.027027
0.008616
0.016360
0.011908
0.031419
0.013865
0.000000
0.000000
0.000000
0.010206
0.021257
0.015410
0.007012
0.004363
0.000284
0.000000
0.000000
0.000000
0.011017
0.033112
0.044105
0.026506
0.013742
0.000470
0.000000
0.000000
0.000000
0.017645
0.022158
0.009955
0.001011
0.000475
0.000028
0.000000
0.000000
0.000000
0.010206
0.021257
0.015410
0.007012
0.004363
0.000284
0.000000
0.000000
0.000000
0.019283
0.022639
0.007124
0.001749
0.001267
0.000190
0.000000
0.000000
0.000000
0.017645
0.022158
0.009955
0.001011
0.000475
0.000028
0.000000
0.000000
0.000000
0.013865
0.013668
0.012449
0.005443
0.004113
0.000305
0.000000
0.000000
0.000000
0.019283
0.022639
0.007124
0.001749
0.001267
0.000190
0.000000
0.000000
0.000000
0.014708
0.023031
0.011552
0.012737
0.006877
0.000888
0.000000
0.000000
0.000000
0.013865
0.013668
0.012449
0.005443
0.004113
0.000305
0.000000
0.000000
0.000000
0.010826
0.018576
0.026045
0.015478
0.003134
0.000183
0.000000
0.000000
0.000000
0.014708
0.023031
0.011552
0.012737
0.006877
0.000888
0.000000
0.000000
0.000000
0.018672
0.035820
0.023164
0.021420
0.008207
0.000307
0.000000
0.000000
0.000000
0.010826
0.018576
0.026045
0.015478
0.003134
0.000183
0.000000
0.000000
0.000000
0.009488
0.019568
0.004946
0.000724
0.000098
0.000000
0.000000
0.000000
0.000000
0.018672
0.035820
0.023164
0.021420
0.008207
0.000307
0.000000
0.000000
0.000000
0.031698
0.041677
0.021728
0.007214
0.007189
0.001071
0.000000
0.000000
0.000000
0.009488
0.019568
0.004946
0.000724
0.000098
0.000000
0.000000
0.000000
0.000000
0.000427
0.006216
0.006942
0.008820
0.008021
0.000993
0.000000
0.000000
0.000000
0.031698
0.041677
0.021728
0.007214
0.007189
0.001071
0.000000
0.000000
0.000000
0.055336
0.035178
0.028331
0.019083
0.019273
0.001403
0.000000
0.000000
0.000000
0.000427
0.006216
0.006942
0.008820
0.008021
0.000993
0.000000
0.000000
0.000000
0.008307
0.007676
0.005279
0.003792
0.001119
0.000042
0.000000
0.000000
0.000000
0.055336
0.035178
0.028331
0.019083
0.019273
0.001403
0.000000
0.000000
0.000000
0.007480
0.010342
0.003747
0.003429
0.002171
0.000460
0.000000
0.000000
0.000000
0.008307
0.007676
0.005279
0.003792
0.001119
0.000042
0.000000
0.000000
0.000000
0.011169
0.011877
0.007266
0.001530
0.002210
0.000001
0.000000
0.000000
0.000000
0.007480
0.010342
0.003747
0.003429
0.002171
0.000460
0.000000
0.000000
0.000000
0.008489
0.007197
0.003708
0.001634
0.000048
0.000000
0.000000
0.000000
0.000000
0.090064
0.000000
0.000000
0.000000
0.000000
0.000000
0.000000
0.000000
0.000000
0.102930
0.000000
0.000000
0.000000
0.000000
0.000000
0.000000
0.000000
0.000000
0.016978
0.000000
0.000000
0.000000
0.000000
0.000000
0.000000
0.000000
0.000000
0.019404
0.000000
0.000000
0.000000
0.000000
0.000000
0.000000
0.000000
0.000000
0.102930
0.000000
0.000000
0.000000
0.000000
0.000000
0.000000
0.000000
0.000000
0.102930
0.000000
0.000000
0.000000
0.000000
0.000000
0.000000
0.000000
0.000000
0.019404
0.000000
0.000000
0.000000
0.000000
0.000000
0.000000
0.000000
0.000000
0.019404
0.000000
0.000000
0.000000
0.000000
0.000000
0.000000
0.000000
0.000000
0.102930
0.000000
0.000000
0.000000
0.000000
0.000000
0.000000
0.000000
0.000000
0.027027
0.008616
0.016360
0.011908
0.031419
0.013865
0.000000
0.000000
0.000000
0.019404
0.000000
0.000000
0.000000
0.000000
0.000000
0.000000
0.000000
0.000000
0.018894
0.005974
0.000985
0.002030
0.005391
0.001083
0.000000
0.000000
0.000000
0.027027
0.008616
0.016360
0.011908
0.031419
0.013865
0.000000
0.000000
0.000000
0.010206
0.021257
0.015410
0.007012
0.004363
0.000284
0.000000
0.000000
0.000000
0.018894
0.005974
0.000985
0.002030
0.005391
0.001083
0.000000
0.000000
0.000000
0.024493
0.033951
0.010072
0.005219
0.001358
0.000322
0.000000
0.000000
0.000000
0.010206
0.021257
0.015410
0.007012
0.004363
0.000284
0.000000
0.000000
0.000000
0.019283
0.022639
0.007124
0.001749
0.001267
0.000190
0.000000
0.000000
0.000000
0.024493
0.033951
0.010072
0.005219
0.001358
0.000322
0.000000
0.000000
0.000000
0.009536
0.030635
0.009770
0.013843
0.002997
0.000008
0.000000
0.000000
0.000000
0.019283
0.022639
0.007124
0.001749
0.001267
0.000190
0.000000
0.000000
0.000000
0.014708
0.023031
0.011552
0.012737
0.006877
0.000888
0.000000
0.000000
0.000000
0.009536
0.030635
0.009770
0.013843
0.002997
0.000008
0.000000
0.000000
0.000000
0.009953
0.024925
0.010448
0.007523
0.004757
0.000173
0.000000
0.000000
0.000000
0.014708
0.023031
0.011552
0.012737
0.006877
0.000888
0.000000
0.000000
0.000000
0.018672
0.035820
0.023164
0.021420
0.008207
0.000307
0.000000
0.000000
0.000000
0.009953
0.024925
0.010448
0.007523
0.004757
0.000173
0.000000
0.000000
0.000000
0.043578
0.041086
0.008380
0.001061
0.000160
0.000008
0.000000
0.000000
0.000000
0.018672
0.035820
0.023164
0.021420
0.008207
0.000307
0.000000
0.000000
0.000000
0.031698
0.041677
0.021728
0.007214
0.007189
0.001071
0.000000
0.000000
0.000000
0.043578
0.041086
0.008380
0.001061
0.000160
0.000008
0.000000
0.000000
0.000000
0.037333
0.035129
0.016338
0.009838
0.006603
0.001448
0.000000
0.000000
0.000000
0.031698
0.041677
0.021728
0.007214
0.007189
0.001071
0.000000
0.000000
0.000000
0.055336
0.035178
0.028331
0.019083
0.019273
0.001403
0.000000
0.000000
0.000000
0.037333
0.035129
0.016338
0.009838
0.006603
0.001448
0.000000
0.000000
0.000000
0.002938
0.005987
0.004425
0.014136
0.013595
0.002224
0.000000
0.000000
0.000000
0.055336
0.035178
0.028331
0.019083
0.019273
0.001403
0.000000
0.000000
0.000000
0.007480
0.010342
0.003747
0.003429
0.002171
0.000460
0.000000
0.000000
0.000000
0.002938
0.005987
0.004425
0.014136
0.013595
0.002224
0.000000
0.000000
0.000000
0.004033
0.002839
0.001486
0.003470
0.018530
0.005993
0.000000
0.000000
0.000000
0.007480
0.010342
0.003747
0.003429
0.002171
0.000460
0.000000
0.000000
0.000000
0.008489
0.007197
0.003708
0.001634
0.000048
0.000000
0.000000
0.000000
0.000000
0.004033
0.002839
0.001486
0.003470
0.018530
0.005993
0.000000
0.000000
0.000000
0.014251
0.000511
0.000244
0.001252
0.012015
0.005249
0.000000
0.000000
0.000000
0.016978
0.000000
0.000000
0.000000
0.000000
0.000000
0.000000
0.000000
0.000000
0.019404
0.000000
0.000000
0.000000
0.000000
0.000000
0.000000
0.000000
0.000000
0.013605
0.000000
0.000000
0.000000
0.000000
0.000000
0.000000
0.000000
0.000000
0.015549
0.000000
0.000000
0.000000
0.000000
0.000000
0.000000
0.000000
0.000000
0.019404
0.000000
0.000000
0.000000
0.000000
0.000000
0.000000
0.000000
0.000000
0.019404
0.000000
0.000000
0.000000
0.000000
0.000000
0.000000
0.000000
0.000000
0.015549
0.000000
0.000000
0.000000
0.000000
0.000000
0.000000
0.000000
0.000000
0.015549
0.000000
0.000000
0.000000
0.000000
0.000000
0.000000
0.000000
0.000000
0.019404
0.000000
0.000000
0.000000
0.000000
0.000000
0.000000
0.000000
0.000000
0.018894
0.005974
0.000985
0.002030
0.005391
0.001083
0.000000
0.000000
0.000000
0.015549
0.000000
0.000000
0.000000
0.000000
0.000000
0.000000
0.000000
0.000000
0.007245
0.003990
0.006196
0.012939
0.020217
0.003174
0.000000
0.000000
0.000000
0.018894
0.005974
0.000985
0.002030
0.005391
0.001083
0.000000
0.000000
0.000000
0.024493
0.033951
0.010072
0.005219
0.001358
0.000322
0.000000
0.000000
0.000000
0.007245
0.003990
0.006196
0.012939
0.020217
0.003174
0.000000
0.000000
0.000000
0.010549
0.008550
0.018756
0.009517
0.038404
0.014471
0.000000
0.000000
0.000000
0.024493
0.033951
0.010072
0.005219
0.001358
0.000322
0.000000
0.000000
0.000000
0.009536
0.030635
0.009770
0.013843
0.002997
0.000008
0.000000
0.000000
0.000000
0.010549
0.008550
0.018756
0.009517
0.038404
0.014471
0.000000
0.000000
0.000000
0.011009
0.020890
0.026606
0.036401
0.016136
0.001928
0.000000
0.000000
0.000000
0.009536
0.030635
0.009770
0.013843
0.002997
0.000008
0.000000
0.000000
0.000000
0.009953
0.024925
0.010448
0.007523
0.004757
0.000173
0.000000
0.000000
0.000000
0.011009
0.020890
0.026606
0.036401
0.016136
0.001928
0.000000
0.000000
0.000000
0.009162
0.017722
0.006305
0.005382
0.012250
0.002974
0.000000
0.000000
0.000000
0.009953
0.024925
0.010448
0.007523
0.004757
0.000173
0.000000
0.000000
0.000000
0.043578
0.041086
0.008380
0.001061
0.000160
0.000008
0.000000
0.000000
0.000000
0.009162
0.017722
0.006305
0.005382
0.012250
0.002974
0.000000
0.000000
0.000000
0.017288
0.010464
0.003164
0.003498
0.041294
0.017793
0.000000
0.000000
0.000000
0.043578
0.041086
0.008380
0.001061
0.000160
0.000008
0.000000
0.000000
0.000000
0.037333
0.035129
0.016338
0.009838
0.006603
0.001448
0.000000
0.000000
0.000000
0.017288
0.010464
0.003164
0.003498
0.041294
0.017793
0.000000
0.000000
0.000000
0.003126
0.003515
0.001730
0.002085
0.043359
0.026820
0.000000
0.000000
0.000000
0.037333
0.035129
0.016338
0.009838
0.006603
0.001448
0.000000
0.000000
0.000000
0.002938
0.005987
0.004425
0.014136
0.013595
0.002224
0.000000
0.000000
0.000000
0.003126
0.003515
0.001730
0.002085
0.043359
0.026820
0.000000
0.000000
0.000000
0.000412
0.001591
0.004115
0.009026
0.048080
0.023338
0.000000
0.000000
0.000000
0.002938
0.005987
0.004425
0.014136
0.013595
0.002224
0.000000
0.000000
0.000000
0.004033
0.002839
0.001486
0.003470
0.018530
0.005993
0.000000
0.000000
0.000000
0.000412
0.001591
0.004115
0.009026
0.048080
0.023338
0.000000
0.000000
0.000000
0.009925
0.000609
0.003793
0.005465
0.041023
0.021634
0.000000
0.000000
0.000000
0.004033
0.002839
0.001486
0.003470
0.018530
0.005993
0.000000
0.000000
0.000000
0.014251
0.000511
0.000244
0.001252
0.012015
0.005249
0.000000
0.000000
0.000000
0.009925
0.000609
0.003793
0.005465
0.041023
0.021634
0.000000
0.000000
0.000000
0.031738
0.000387
0.000027
0.001200
0.024814
0.014244
0.000000
0.000000
0.000000
0.013605
0.000000
0.000000
0.000000
0.000000
0.000000
0.000000
0.000000
0.000000
0.015549
0.000000
0.000000
0.000000
0.000000
0.000000
0.000000
0.000000
0.000000
0.002923
0.000000
0.000000
0.000000
0.000000
0.000000
0.000000
0.000000
0.000000
0.003341
0.000000
0.000000
0.000000
0.000000
0.000000
0.000000
0.000000
0.000000
0.015549
0.000000
0.000000
0.000000
0.000000
0.000000
0.000000
0.000000
0.000000
0.015549
0.000000
0.000000
0.000000
0.000000
0.000000
0.000000
0.000000
0.000000
0.003341
0.000000
0.000000
0.000000
0.000000
0.000000
0.000000
0.000000
0.000000
0.003341
0.000000
0.000000
0.000000
0.000000
0.000000
0.000000
0.000000
0.000000
0.015549
0.000000
0.000000
0.000000
0.000000
0.000000
0.000000
0.000000
0.000000
0.007245
0.003990
0.006196
0.012939
0.020217
0.003174
0.000000
0.000000
0.000000
0.003341
0.000000
0.000000
0.000000
0.000000
0.000000
0.000000
0.000000
0.000000
0.001407
0.000573
0.000565
0.001104
0.000803
0.000029
0.000000
0.000000
0.000000
0.007245
0.003990
0.006196
0.012939
0.020217
0.003174
0.000000
0.000000
0.000000
0.010549
0.008550
0.018756
0.009517
0.038404
0.014471
0.000000
0.000000
0.000000
0.001407
0.000573
0.000565
0.001104
0.000803
0.000029
0.000000
0.000000
0.000000
0.001079
0.001613
0.001547
0.001899
0.003685
0.000425
0.000000
0.000000
0.000000
0.010549
0.008550
0.018756
0.009517
0.038404
0.014471
0.000000
0.000000
0.000000
0.011009
0.020890
0.026606
0.036401
0.016136
0.001928
0.000000
0.000000
0.000000
0.001079
0.001613
0.001547
0.001899
0.003685
0.000425
0.000000
0.000000
0.000000
0.032614
0.027257
0.006976
0.003803
0.000669
0.000000
0.000000
0.000000
0.000000
0.011009
0.020890
0.026606
0.036401
0.016136
0.001928
0.000000
0.000000
0.000000
0.009162
0.017722
0.006305
0.005382
0.012250
0.002974
0.000000
0.000000
0.000000
0.032614
0.027257
0.006976
0.003803
0.000669
0.000000
0.000000
0.000000
0.000000
0.023010
0.024089
0.006573
0.003004
0.002040
0.000091
0.000000
0.000000
0.000000
0.009162
0.017722
0.006305
0.005382
0.012250
0.002974
0.000000
0.000000
0.000000
0.017288
0.010464
0.003164
0.003498
0.041294
0.017793
0.000000
0.000000
0.000000
0.023010
0.024089
0.006573
0.003004
0.002040
0.000091
0.000000
0.000000
0.000000
0.000552
0.000636
0.001970
0.002550
0.001948
0.000150
0.000000
0.000000
0.000000
0.017288
0.010464
0.003164
0.003498
0.041294
0.017793
0.000000
0.000000
0.000000
0.003126
0.003515
0.001730
0.002085
0.043359
0.026820
0.000000
0.000000
0.000000
0.000552
0.000636
0.001970
0.002550
0.001948
0.000150
0.000000
0.000000
0.000000
0.000977
0.000641
0.000913
0.002421
0.001602
0.000048
0.000000
0.000000
0.000000
0.003126
0.003515
0.001730
0.002085
0.043359
0.026820
0.000000
0.000000
0.000000
0.000412
0.001591
0.004115
0.009026
0.048080
0.023338
0.000000
0.000000
0.000000
0.000977
0.000641
0.000913
0.002421
0.001602
0.000048
0.000000
0.000000
0.000000
0.000509
0.001089
0.001952
0.002278
0.002006
0.000020
0.000000
0.000000
0.000000
0.000412
0.001591
0.004115
0.009026
0.048080
0.023338
0.000000
0.000000
0.000000
0.009925
0.000609
0.003793
0.005465
0.041023
0.021634
0.000000
0.000000
0.000000
0.000509
0.001089
0.001952
0.002278
0.002006
0.000020
0.000000
0.000000
0.000000
0.000155
0.000540
0.001508
0.004500
0.006377
0.000381
0.000000
0.000000
0.000000
0.009925
0.000609
0.003793
0.005465
0.041023
0.021634
0.000000
0.000000
0.000000
0.031738
0.000387
0.000027
0.001200
0.024814
0.014244
0.000000
0.000000
0.000000
0.000155
0.000540
0.001508
0.004500
0.006377
0.000381
0.000000
0.000000
0.000000
0.009108
0.000299
0.000203
0.001800
0.008827
0.001897
0.000000
0.000000
0.000000
0.002923
0.000000
0.000000
0.000000
0.000000
0.000000
0.000000
0.000000
0.000000
0.003341
0.000000
0.000000
0.000000
0.000000
0.000000
0.000000
0.000000
0.000000
0.026198
0.000000
0.000000
0.000000
0.000000
0.000000
0.000000
0.000000
0.000000
0.029941
0.000000
0.000000
0.000000
0.000000
0.000000
0.000000
0.000000
0.000000
0.003341
0.000000
0.000000
0.000000
0.000000
0.000000
0.000000
0.000000
0.000000
0.003341
0.000000
0.000000
0.000000
0.000000
0.000000
0.000000
0.000000
0.000000
0.029941
0.000000
0.000000
0.000000
0.000000
0.000000
0.000000
0.000000
0.000000
0.029941
0.000000
0.000000
0.000000
0.000000
0.000000
0.000000
0.000000
0.000000
0.003341
0.000000
0.000000
0.000000
0.000000
0.000000
0.000000
0.000000
0.000000
0.001407
0.000573
0.000565
0.001104
0.000803
0.000029
0.000000
0.000000
0.000000
0.029941
0.000000
0.000000
0.000000
0.000000
0.000000
0.000000
0.000000
0.000000
0.007867
0.000478
0.000771
0.003126
0.018448
0.004840
0.000000
0.000000
0.000000
0.001407
0.000573
0.000565
0.001104
0.000803
0.000029
0.000000
0.000000
0.000000
0.001079
0.001613
0.001547
0.001899
0.003685
0.000425
0.000000
0.000000
0.000000
0.007867
0.000478
0.000771
0.003126
0.018448
0.004840
0.000000
0.000000
0.000000
0.000602
0.000404
0.001588
0.004102
0.010361
0.001157
0.000000
0.000000
0.000000
0.001079
0.001613
0.001547
0.001899
0.003685
0.000425
0.000000
0.000000
0.000000
0.032614
0.027257
0.006976
0.003803
0.000669
0.000000
0.000000
0.000000
0.000000
0.000602
0.000404
0.001588
0.004102
0.010361
0.001157
0.000000
0.000000
0.000000
0.032596
0.016417
0.003348
0.001696
0.000927
0.000064
0.000000
0.000000
0.000000
0.032614
0.027257
0.006976
0.003803
0.000669
0.000000
0.000000
0.000000
0.000000
0.023010
0.024089
0.006573
0.003004
0.002040
0.000091
0.000000
0.000000
0.000000
0.032596
0.016417
0.003348
0.001696
0.000927
0.000064
0.000000
0.000000
0.000000
0.009280
0.027642
0.017074
0.005986
0.003073
0.000105
0.000000
0.000000
0.000000
0.023010
0.024089
0.006573
0.003004
0.002040
0.000091
0.000000
0.000000
0.000000
0.000552
0.000636
0.001970
0.002550
0.001948
0.000150
0.000000
0.000000
0.000000
0.009280
0.027642
0.017074
0.005986
0.003073
0.000105
0.000000
0.000000
0.000000
0.000799
0.000465
0.001055
0.002153
0.015345
0.004487
0.000000
0.000000
0.000000
0.000552
0.000636
0.001970
0.002550
0.001948
0.000150
0.000000
0.000000
0.000000
0.000977
0.000641
0.000913
0.002421
0.001602
0.000048
0.000000
0.000000
0.000000
0.000799
0.000465
0.001055
0.002153
0.015345
0.004487
0.000000
0.000000
0.000000
0.000844
0.000425
0.000862
0.001913
0.019205
0.005424
0.000000
0.000000
0.000000
0.000977
0.000641
0.000913
0.002421
0.001602
0.000048
0.000000
0.000000
0.000000
0.000509
0.001089
0.001952
0.002278
0.002006
0.000020
0.000000
0.000000
0.000000
0.000844
0.000425
0.000862
0.001913
0.019205
0.005424
0.000000
0.000000
0.000000
0.002353
0.000857
0.001153
0.001479
0.009130
0.001942
0.000000
0.000000
0.000000
0.000509
0.001089
0.001952
0.002278
0.002006
0.000020
0.000000
0.000000
0.000000
0.000155
0.000540
0.001508
0.004500
0.006377
0.000381
0.000000
0.000000
0.000000
0.002353
0.000857
0.001153
0.001479
0.009130
0.001942
0.000000
0.000000
0.000000
0.000623
0.000570
0.001516
0.004425
0.007287
0.000967
0.000000
0.000000
0.000000
0.000155
0.000540
0.001508
0.004500
0.006377
0.000381
0.000000
0.000000
0.000000
0.009108
0.000299
0.000203
0.001800
0.008827
0.001897
0.000000
0.000000
0.000000
0.000623
0.000570
0.001516
0.004425
0.007287
0.000967
0.000000
0.000000
0.000000
0.006313
0.000167
0.000138
0.001371
0.007867
0.002408
0.000000
0.000000
0.000000
0.026198
0.000000
0.000000
0.000000
0.000000
0.000000
0.000000
0.000000
0.000000
0.029941
0.000000
0.000000
0.000000
0.000000
0.000000
0.000000
0.000000
0.000000
0.006746
0.000000
0.000000
0.000000
0.000000
0.000000
0.000000
0.000000
0.000000
0.007710
0.000000
0.000000
0.000000
0.000000
0.000000
0.000000
0.000000
0.000000
0.029941
0.000000
0.000000
0.000000
0.000000
0.000000
0.000000
0.000000
0.000000
0.029941
0.000000
0.000000
0.000000
0.000000
0.000000
0.000000
0.000000
0.000000
0.007710
0.000000
0.000000
0.000000
0.000000
0.000000
0.000000
0.000000
0.000000
0.007710
0.000000
0.000000
0.000000
0.000000
0.000000
0.000000
0.000000
0.000000
0.029941
0.000000
0.000000
0.000000
0.000000
0.000000
0.000000
0.000000
0.000000
0.007867
0.000478
0.000771
0.003126
0.018448
0.004840
0.000000
0.000000
0.000000
0.007710
0.000000
0.000000
0.000000
0.000000
0.000000
0.000000
0.000000
0.000000
0.002292
0.000974
0.002226
0.002591
0.003694
0.000223
0.000000
0.000000
0.000000
0.007867
0.000478
0.000771
0.003126
0.018448
0.004840
0.000000
0.000000
0.000000
0.000602
0.000404
0.001588
0.004102
0.010361
0.001157
0.000000
0.000000
0.000000
0.002292
0.000974
0.002226
0.002591
0.003694
0.000223
0.000000
0.000000
0.000000
0.000443
0.000813
0.001098
0.003667
0.003208
0.000232
0.000000
0.000000
0.000000
0.000602
0.000404
0.001588
0.004102
0.010361
0.001157
0.000000
0.000000
0.000000
0.032596
0.016417
0.003348
0.001696
0.000927
0.000064
0.000000
0.000000
0.000000
0.000443
0.000813
0.001098
0.003667
0.003208
0.000232
0.000000
0.000000
0.000000
0.020143
0.017056
0.014227
0.004650
0.002160
0.000152
0.000000
0.000000
0.000000
0.032596
0.016417
0.003348
0.001696
0.000927
0.000064
0.000000
0.000000
0.000000
0.009280
0.027642
0.017074
0.005986
0.003073
0.000105
0.000000
0.000000
0.000000
0.020143
0.017056
0.014227
0.004650
0.002160
0.000152
0.000000
0.000000
0.000000
0.018375
0.022221
0.007401
0.003948
0.001353
0.000208
0.000000
0.000000
0.000000
0.009280
0.027642
0.017074
0.005986
0.003073
0.000105
0.000000
0.000000
0.000000
0.000799
0.000465
0.001055
0.002153
0.015345
0.004487
0.000000
0.000000
0.000000
0.018375
0.022221
0.007401
0.003948
0.001353
0.000208
0.000000
0.000000
0.000000
0.000885
0.001876
0.003797
0.003576
0.004771
0.000356
0.000000
0.000000
0.000000
0.000799
0.000465
0.001055
0.002153
0.015345
0.004487
0.000000
0.000000
0.000000
0.000844
0.000425
0.000862
0.001913
0.019205
0.005424
0.000000
0.000000
0.000000
0.000885
0.001876
0.003797
0.003576
0.004771
0.000356
0.000000
0.000000
0.000000
0.000457
0.000601
0.001864
0.004020
0.003322
0.000306
0.000000
0.000000
0.000000
0.000844
0.000425
0.000862
0.001913
0.019205
0.005424
0.000000
0.000000
0.000000
0.002353
0.000857
0.001153
0.001479
0.009130
0.001942
0.000000
0.000000
0.000000
0.000457
0.000601
0.001864
0.004020
0.003322
0.000306
0.000000
0.000000
0.000000
0.000379
0.000616
0.001660
0.005323
0.003736
0.000332
0.000000
0.000000
0.000000
0.002353
0.000857
0.001153
0.001479
0.009130
0.001942
0.000000
0.000000
0.000000
0.000623
0.000570
0.001516
0.004425
0.007287
0.000967
0.000000
0.000000
0.000000
0.000379
0.000616
0.001660
0.005323
0.003736
0.000332
0.000000
0.000000
0.000000
0.000578
0.000488
0.000991
0.002545
0.007405
0.001003
0.000000
0.000000
0.000000
0.000623
0.000570
0.001516
0.004425
0.007287
0.000967
0.000000
0.000000
0.000000
0.006313
0.000167
0.000138
0.001371
0.007867
0.002408
0.000000
0.000000
0.000000
0.000578
0.000488
0.000991
0.002545
0.007405
0.001003
0.000000
0.000000
0.000000
0.003233
0.000097
0.000248
0.001101
0.002141
0.000264
0.000000
0.000000
0.000000
0.006746
0.000000
0.000000
0.000000
0.000000
0.000000
0.000000
0.000000
0.000000
0.007710
0.000000
0.000000
0.000000
0.000000
0.000000
0.000000
0.000000
0.000000
0.009332
0.000000
0.000000
0.000000
0.000000
0.000000
0.000000
0.000000
0.000000
0.010666
0.000000
0.000000
0.000000
0.000000
0.000000
0.000000
0.000000
0.000000
0.007710
0.000000
0.000000
0.000000
0.000000
0.000000
0.000000
0.000000
0.000000
0.007710
0.000000
0.000000
0.000000
0.000000
0.000000
0.000000
0.000000
0.000000
0.010666
0.000000
0.000000
0.000000
0.000000
0.000000
0.000000
0.000000
0.000000
0.010666
0.000000
0.000000
0.000000
0.000000
0.000000
0.000000
0.000000
0.000000
0.007710
0.000000
0.000000
0.000000
0.000000
0.000000
0.000000
0.000000
0.000000
0.002292
0.000974
0.002226
0.002591
0.003694
0.000223
0.000000
0.000000
0.000000
0.010666
0.000000
0.000000
0.000000
0.000000
0.000000
0.000000
0.000000
0.000000
0.003242
0.000829
0.001159
0.003845
0.004188
0.000231
0.000000
0.000000
0.000000
0.002292
0.000974
0.002226
0.002591
0.003694
0.000223
0.000000
0.000000
0.000000
0.000443
0.000813
0.001098
0.003667
0.003208
0.000232
0.000000
0.000000
0.000000
0.003242
0.000829
0.001159
0.003845
0.004188
0.000231
0.000000
0.000000
0.000000
0.004223
0.003273
0.001902
0.003963
0.007123
0.000670
0.000000
0.000000
0.000000
0.000443
0.000813
0.001098
0.003667
0.003208
0.000232
0.000000
0.000000
0.000000
0.020143
0.017056
0.014227
0.004650
0.002160
0.000152
0.000000
0.000000
0.000000
0.004223
0.003273
0.001902
0.003963
0.007123
0.000670
0.000000
0.000000
0.000000
0.008697
0.010808
0.040402
0.022617
0.006780
0.000069
0.000000
0.000000
0.000000
0.020143
0.017056
0.014227
0.004650
0.002160
0.000152
0.000000
0.000000
0.000000
0.018375
0.022221
0.007401
0.003948
0.001353
0.000208
0.000000
0.000000
0.000000
0.008697
0.010808
0.040402
0.022617
0.006780
0.000069
0.000000
0.000000
0.000000
0.011504
0.022432
0.022252
0.010818
0.004281
0.000080
0.000000
0.000000
0.000000
0.018375
0.022221
0.007401
0.003948
0.001353
0.000208
0.000000
0.000000
0.000000
0.000885
0.001876
0.003797
0.003576
0.004771
0.000356
0.000000
0.000000
0.000000
0.011504
0.022432
0.022252
0.010818
0.004281
0.000080
0.000000
0.000000
0.000000
0.001739
0.001460
0.003170
0.004967
0.004837
0.000643
0.000000
0.000000
0.000000
0.000885
0.001876
0.003797
0.003576
0.004771
0.000356
0.000000
0.000000
0.000000
0.000457
0.000601
0.001864
0.004020
0.003322
0.000306
0.000000
0.000000
0.000000
0.001739
0.001460
0.003170
0.004967
0.004837
0.000643
0.000000
0.000000
0.000000
0.000404
0.001055
0.001996
0.004247
0.003534
0.000377
0.000000
0.000000
0.000000
0.000457
0.000601
0.001864
0.004020
0.003322
0.000306
0.000000
0.000000
0.000000
0.000379
0.000616
0.001660
0.005323
0.003736
0.000332
0.000000
0.000000
0.000000
0.000404
0.001055
0.001996
0.004247
0.003534
0.000377
0.000000
0.000000
0.000000
0.000425
0.001017
0.001100
0.003838
0.008053
0.001421
0.000000
0.000000
0.000000
0.000379
0.000616
0.001660
0.005323
0.003736
0.000332
0.000000
0.000000
0.000000
0.000578
0.000488
0.000991
0.002545
0.007405
0.001003
0.000000
0.000000
0.000000
0.000425
0.001017
0.001100
0.003838
0.008053
0.001421
0.000000
0.000000
0.000000
0.001160
0.001614
0.001373
0.003276
0.005716
0.000771
0.000000
0.000000
0.000000
0.000578
0.000488
0.000991
0.002545
0.007405
0.001003
0.000000
0.000000
0.000000
0.003233
0.000097
0.000248
0.001101
0.002141
0.000264
0.000000
0.000000
0.000000
0.001160
0.001614
0.001373
0.003276
0.005716
0.000771
0.000000
0.000000
0.000000
0.010584
0.000081
0.000449
0.002708
0.008439
0.001945
0.000000
0.000000
0.000000
0.009332
0.000000
0.000000
0.000000
0.000000
0.000000
0.000000
0.000000
0.000000
0.010666
0.000000
0.000000
0.000000
0.000000
0.000000
0.000000
0.000000
0.000000
0.023837
0.000000
0.000000
0.000000
0.000000
0.000000
0.000000
0.000000
0.000000
0.027242
0.000000
0.000000
0.000000
0.000000
0.000000
0.000000
0.000000
0.000000
0.010666
0.000000
0.000000
0.000000
0.000000
0.000000
0.000000
0.000000
0.000000
0.010666
0.000000
0.000000
0.000000
0.000000
0.000000
0.000000
0.000000
0.000000
0.027242
0.000000
0.000000
0.000000
0.000000
0.000000
0.000000
0.000000
0.000000
0.027242
0.000000
0.000000
0.000000
0.000000
0.000000
0.000000
0.000000
0.000000
0.010666
0.000000
0.000000
0.000000
0.000000
0.000000
0.000000
0.000000
0.000000
0.003242
0.000829
0.001159
0.003845
0.004188
0.000231
0.000000
0.000000
0.000000
0.027242
0.000000
0.000000
0.000000
0.000000
0.000000
0.000000
0.000000
0.000000
0.006936
0.000491
0.000298
0.000987
0.016063
0.005472
0.000000
0.000000
0.000000
0.003242
0.000829
0.001159
0.003845
0.004188
0.000231
0.000000
0.000000
0.000000
0.004223
0.003273
0.001902
0.003963
0.007123
0.000670
0.000000
0.000000
0.000000
0.006936
0.000491
0.000298
0.000987
0.016063
0.005472
0.000000
0.000000
0.000000
0.001227
0.004026
0.010499
0.013316
0.019947
0.003462
0.000000
0.000000
0.000000
0.004223
0.003273
0.001902
0.003963
0.007123
0.000670
0.000000
0.000000
0.000000
0.008697
0.010808
0.040402
0.022617
0.006780
0.000069
0.000000
0.000000
0.000000
0.001227
0.004026
0.010499
0.013316
0.019947
0.003462
0.000000
0.000000
0.000000
0.014047
0.028029
0.010973
0.001131
0.000866
0.000113
0.000000
0.000000
0.000000
0.008697
0.010808
0.040402
0.022617
0.006780
0.000069
0.000000
0.000000
0.000000
0.011504
0.022432
0.022252
0.010818
0.004281
0.000080
0.000000
0.000000
0.000000
0.014047
0.028029
0.010973
0.001131
0.000866
0.000113
0.000000
0.000000
0.000000
0.033787
0.046592
0.014257
0.016470
0.005842
0.000454
0.000000
0.000000
0.000000
0.011504
0.022432
0.022252
0.010818
0.004281
0.000080
0.000000
0.000000
0.000000
0.001739
0.001460
0.003170
0.004967
0.004837
0.000643
0.000000
0.000000
0.000000
0.033787
0.046592
0.014257
0.016470
0.005842
0.000454
0.000000
0.000000
0.000000
0.002319
0.005811
0.004598
0.006072
0.010251
0.001468
0.000000
0.000000
0.000000
0.001739
0.001460
0.003170
0.004967
0.004837
0.000643
0.000000
0.000000
0.000000
0.000404
0.001055
0.001996
0.004247
0.003534
0.000377
0.000000
0.000000
0.000000
0.002319
0.005811
0.004598
0.006072
0.010251
0.001468
0.000000
0.000000
0.000000
0.001084
0.000488
0.002128
0.005437
0.010944
0.001845
0.000000
0.000000
0.000000
0.000404
0.001055
0.001996
0.004247
0.003534
0.000377
0.000000
0.000000
0.000000
0.000425
0.001017
0.001100
0.003838
0.008053
0.001421
0.000000
0.000000
0.000000
0.001084
0.000488
0.002128
0.005437
0.010944
0.001845
0.000000
0.000000
0.000000
0.000689
0.000853
0.001467
0.004424
0.016228
0.005156
0.000000
0.000000
0.000000
0.000425
0.001017
0.001100
0.003838
0.008053
0.001421
0.000000
0.000000
0.000000
0.001160
0.001614
0.001373
0.003276
0.005716
0.000771
0.000000
0.000000
0.000000
0.000689
0.000853
0.001467
0.004424
0.016228
0.005156
0.000000
0.000000
0.000000
0.002191
0.000586
0.000677
0.007043
0.018551
0.003143
0.000000
0.000000
0.000000
0.001160
0.001614
0.001373
0.003276
0.005716
0.000771
0.000000
0.000000
0.000000
0.010584
0.000081
0.000449
0.002708
0.008439
0.001945
0.000000
0.000000
0.000000
0.002191
0.000586
0.000677
0.007043
0.018551
0.003143
0.000000
0.000000
0.000000
0.008600
0.000253
0.000325
0.001073
0.007050
0.002649
0.000000
0.000000
0.000000
0.023837
0.000000
0.000000
0.000000
0.000000
0.000000
0.000000
0.000000
0.000000
0.027242
0.000000
0.000000
0.000000
0.000000
0.000000
0.000000
0.000000
0.000000
0.038679
0.000000
0.000000
0.000000
0.000000
0.000000
0.000000
0.000000
0.000000
0.044205
0.000000
0.000000
0.000000
0.000000
0.000000
0.000000
0.000000
0.000000
0.027242
0.000000
0.000000
0.000000
0.000000
0.000000
0.000000
0.000000
0.000000
0.027242
0.000000
0.000000
0.000000
0.000000
0.000000
0.000000
0.000000
0.000000
0.044205
0.000000
0.000000
0.000000
0.000000
0.000000
0.000000
0.000000
0.000000
0.044205
0.000000
0.000000
0.000000
0.000000
0.000000
0.000000
0.000000
0.000000
0.027242
0.000000
0.000000
0.000000
0.000000
0.000000
0.000000
0.000000
0.000000
0.006936
0.000491
0.000298
0.000987
0.016063
0.005472
0.000000
0.000000
0.000000
0.044205
0.000000
0.000000
0.000000
0.000000
0.000000
0.000000
0.000000
0.000000
0.013107
0.000094
0.000074
0.002172
0.025569
0.008024
0.000000
0.000000
0.000000
0.006936
0.000491
0.000298
0.000987
0.016063
0.005472
0.000000
0.000000
0.000000
0.001227
0.004026
0.010499
0.013316
0.019947
0.003462
0.000000
0.000000
0.000000
0.013107
0.000094
0.000074
0.002172
0.025569
0.008024
0.000000
0.000000
0.000000
0.001436
0.001191
0.003520
0.004163
0.032749
0.014879
0.000000
0.000000
0.000000
0.001227
0.004026
0.010499
0.013316
0.019947
0.003462
0.000000
0.000000
0.000000
0.014047
0.028029
0.010973
0.001131
0.000866
0.000113
0.000000
0.000000
0.000000
0.001436
0.001191
0.003520
0.004163
0.032749
0.014879
0.000000
0.000000
0.000000
0.005795
0.012290
0.004663
0.008583
0.013627
0.001882
0.000000
0.000000
0.000000
0.014047
0.028029
0.010973
0.001131
0.000866
0.000113
0.000000
0.000000
0.000000
0.033787
0.046592
0.014257
0.016470
0.005842
0.000454
0.000000
0.000000
0.000000
0.005795
0.012290
0.004663
0.008583
0.013627
0.001882
0.000000
0.000000
0.000000
0.001421
0.003868
0.004163
0.009258
0.012767
0.001162
0.000000
0.000000
0.000000
0.033787
0.046592
0.014257
0.016470
0.005842
0.000454
0.000000
0.000000
0.000000
0.002319
0.005811
0.004598
0.006072
0.010251
0.001468
0.000000
0.000000
0.000000
0.001421
0.003868
0.004163
0.009258
0.012767
0.001162
0.000000
0.000000
0.000000
0.000434
0.000156
0.000200
0.002705
0.018999
0.003223
0.000000
0.000000
0.000000
0.002319
0.005811
0.004598
0.006072
0.010251
0.001468
0.000000
0.000000
0.000000
0.001084
0.000488
0.002128
0.005437
0.010944
0.001845
0.000000
0.000000
0.000000
0.000434
0.000156
0.000200
0.002705
0.018999
0.003223
0.000000
0.000000
0.000000
0.000571
0.000103
0.001864
0.007316
0.015188
0.002152
0.000000
0.000000
0.000000
0.001084
0.000488
0.002128
0.005437
0.010944
0.001845
0.000000
0.000000
0.000000
0.000689
0.000853
0.001467
0.004424
0.016228
0.005156
0.000000
0.000000
0.000000
0.000571
0.000103
0.001864
0.007316
0.015188
0.002152
0.000000
0.000000
0.000000
0.000459
0.000483
0.003862
0.013728
0.027324
0.002990
0.000000
0.000000
0.000000
0.000689
0.000853
0.001467
0.004424
0.016228
0.005156
0.000000
0.000000
0.000000
0.002191
0.000586
0.000677
0.007043
0.018551
0.003143
0.000000
0.000000
0.000000
0.000459
0.000483
0.003862
0.013728
0.027324
0.002990
0.000000
0.000000
0.000000
0.001157
0.001274
0.001689
0.019154
0.051312
0.007912
0.000000
0.000000
0.000000
0.002191
0.000586
0.000677
0.007043
0.018551
0.003143
0.000000
0.000000
0.000000
0.008600
0.000253
0.000325
0.001073
0.007050
0.002649
0.000000
0.000000
0.000000
0.001157
0.001274
0.001689
0.019154
0.051312
0.007912
0.000000
0.000000
0.000000
0.015190
0.000182
0.001236
0.006224
0.014259
0.003772
0.000000
0.000000
0.000000
0.038679
0.000000
0.000000
0.000000
0.000000
0.000000
0.000000
0.000000
0.000000
0.044205
0.000000
0.000000
0.000000
0.000000
0.000000
0.000000
0.000000
0.000000
0.022600
0.000000
0.000000
0.000000
0.000000
0.000000
0.000000
0.000000
0.000000
0.025829
0.000000
0.000000
0.000000
0.000000
0.000000
0.000000
0.000000
0.000000
0.044205
0.000000
0.000000
0.000000
0.000000
0.000000
0.000000
0.000000
0.000000
0.044205
0.000000
0.000000
0.000000
0.000000
0.000000
0.000000
0.000000
0.000000
0.025829
0.000000
0.000000
0.000000
0.000000
0.000000
0.000000
0.000000
0.000000
0.025829
0.000000
0.000000
0.000000
0.000000
0.000000
0.000000
0.000000
0.000000
0.044205
0.000000
0.000000
0.000000
0.000000
0.000000
0.000000
0.000000
0.000000
0.013107
0.000094
0.000074
0.002172
0.025569
0.008024
0.000000
0.000000
0.000000
0.025829
0.000000
0.000000
0.000000
0.000000
0.000000
0.000000
0.000000
0.000000
0.006542
0.000746
0.000623
0.001256
0.016739
0.005096
0.000000
0.000000
0.000000
0.013107
0.000094
0.000074
0.002172
0.025569
0.008024
0.000000
0.000000
0.000000
0.001436
0.001191
0.003520
0.004163
0.032749
0.014879
0.000000
0.000000
0.000000
0.006542
0.000746
0.000623
0.001256
0.016739
0.005096
0.000000
0.000000
0.000000
0.000518
0.000410
0.000175
0.002987
0.036960
0.006785
0.000000
0.000000
0.000000
0.001436
0.001191
0.003520
0.004163
0.032749
0.014879
0.000000
0.000000
0.000000
0.005795
0.012290
0.004663
0.008583
0.013627
0.001882
0.000000
0.000000
0.000000
0.000518
0.000410
0.000175
0.002987
0.036960
0.006785
0.000000
0.000000
0.000000
0.000575
0.000363
0.000699
0.001123
0.035990
0.011783
0.000000
0.000000
0.000000
0.005795
0.012290
0.004663
0.008583
0.013627
0.001882
0.000000
0.000000
0.000000
0.001421
0.003868
0.004163
0.009258
0.012767
0.001162
0.000000
0.000000
0.000000
0.000575
0.000363
0.000699
0.001123
0.035990
0.011783
0.000000
0.000000
0.000000
0.000136
0.000126
0.000414
0.009051
0.039001
0.010528
0.000000
0.000000
0.000000
0.001421
0.003868
0.004163
0.009258
0.012767
0.001162
0.000000
0.000000
0.000000
0.000434
0.000156
0.000200
0.002705
0.018999
0.003223
0.000000
0.000000
0.000000
0.000136
0.000126
0.000414
0.009051
0.039001
0.010528
0.000000
0.000000
0.000000
0.001333
0.000012
0.000035
0.002778
0.043143
0.011922
0.000000
0.000000
0.000000
0.000434
0.000156
0.000200
0.002705
0.018999
0.003223
0.000000
0.000000
0.000000
0.000571
0.000103
0.001864
0.007316
0.015188
0.002152
0.000000
0.000000
0.000000
0.001333
0.000012
0.000035
0.002778
0.043143
0.011922
0.000000
0.000000
0.000000
0.000228
0.000479
0.000273
0.002758
0.040702
0.012310
0.000000
0.000000
0.000000
0.000571
0.000103
0.001864
0.007316
0.015188
0.002152
0.000000
0.000000
0.000000
0.000459
0.000483
0.003862
0.013728
0.027324
0.002990
0.000000
0.000000
0.000000
0.000228
0.000479
0.000273
0.002758
0.040702
0.012310
0.000000
0.000000
0.000000
0.004533
0.000297
0.000285
0.002267
0.038737
0.011257
0.000000
0.000000
0.000000
0.000459
0.000483
0.003862
0.013728
0.027324
0.002990
0.000000
0.000000
0.000000
0.001157
0.001274
0.001689
0.019154
0.051312
0.007912
0.000000
0.000000
0.000000
0.004533
0.000297
0.000285
0.002267
0.038737
0.011257
0.000000
0.000000
0.000000
0.000125
0.001168
0.003712
0.020311
0.041834
0.009277
0.000000
0.000000
0.000000
0.001157
0.001274
0.001689
0.019154
0.051312
0.007912
0.000000
0.000000
0.000000
0.015190
0.000182
0.001236
0.006224
0.014259
0.003772
0.000000
0.000000
0.000000
0.000125
0.001168
0.003712
0.020311
0.041834
0.009277
0.000000
0.000000
0.000000
0.023433
0.012519
0.012466
0.003370
0.007460
0.002273
0.000000
0.000000
0.000000
0.022600
0.000000
0.000000
0.000000
0.000000
0.000000
0.000000
0.000000
0.000000
0.025829
0.000000
0.000000
0.000000
0.000000
0.000000
0.000000
0.000000
0.000000
0.065665
0.000000
0.000000
0.000000
0.000000
0.000000
0.000000
0.000000
0.000000
0.075045
0.000000
0.000000
0.000000
0.000000
0.000000
0.000000
0.000000
0.000000
0.025829
0.000000
0.000000
0.000000
0.000000
0.000000
0.000000
0.000000
0.000000
0.025829
0.000000
0.000000
0.000000
0.000000
0.000000
0.000000
0.000000
0.000000
0.075045
0.000000
0.000000
0.000000
0.000000
0.000000
0.000000
0.000000
0.000000
0.075045
0.000000
0.000000
0.000000
0.000000
0.000000
0.000000
0.000000
0.000000
0.025829
0.000000
0.000000
0.000000
0.000000
0.000000
0.000000
0.000000
0.000000
0.006542
0.000746
0.000623
0.001256
0.016739
0.005096
0.000000
0.000000
0.000000
0.075045
0.000000
0.000000
0.000000
0.000000
0.000000
0.000000
0.000000
0.000000
0.020669
0.000197
0.000234
0.001579
0.038678
0.014940
0.000000
0.000000
0.000000
0.006542
0.000746
0.000623
0.001256
0.016739
0.005096
0.000000
0.000000
0.000000
0.000518
0.000410
0.000175
0.002987
0.036960
0.006785
0.000000
0.000000
0.000000
0.020669
0.000197
0.000234
0.001579
0.038678
0.014940
0.000000
0.000000
0.000000
0.000450
0.000252
0.000591
0.004540
0.057498
0.015667
0.000000
0.000000
0.000000
0.000518
0.000410
0.000175
0.002987
0.036960
0.006785
0.000000
0.000000
0.000000
0.000575
0.000363
0.000699
0.001123
0.035990
0.011783
0.000000
0.000000
0.000000
0.000450
0.000252
0.000591
0.004540
0.057498
0.015667
0.000000
0.000000
0.000000
0.003744
0.000079
0.001369
0.004710
0.059044
0.019238
0.000000
0.000000
0.000000
0.000575
0.000363
0.000699
0.001123
0.035990
0.011783
0.000000
0.000000
0.000000
0.000136
0.000126
0.000414
0.009051
0.039001
0.010528
0.000000
0.000000
0.000000
0.003744
0.000079
0.001369
0.004710
0.059044
0.019238
0.000000
0.000000
0.000000
0.001812
0.000176
0.000373
0.001761
0.060965
0.021266
0.000000
0.000000
0.000000
0.000136
0.000126
0.000414
0.009051
0.039001
0.010528
0.000000
0.000000
0.000000
0.001333
0.000012
0.000035
0.002778
0.043143
0.011922
0.000000
0.000000
0.000000
0.001812
0.000176
0.000373
0.001761
0.060965
0.021266
0.000000
0.000000
0.000000
0.001993
0.004700
0.005517
0.012634
0.052855
0.012799
0.000000
0.000000
0.000000
0.001333
0.000012
0.000035
0.002778
0.043143
0.011922
0.000000
0.000000
0.000000
0.000228
0.000479
0.000273
0.002758
0.040702
0.012310
0.000000
0.000000
0.000000
0.001993
0.004700
0.005517
0.012634
0.052855
0.012799
0.000000
0.000000
0.000000
0.001607
0.000208
0.000860
0.004163
0.074164
0.024434
0.000000
0.000000
0.000000
0.000228
0.000479
0.000273
0.002758
0.040702
0.012310
0.000000
0.000000
0.000000
0.004533
0.000297
0.000285
0.002267
0.038737
0.011257
0.000000
0.000000
0.000000
0.001607
0.000208
0.000860
0.004163
0.074164
0.024434
0.000000
0.000000
0.000000
0.001710
0.000138
0.000381
0.004353
0.078185
0.016847
0.000000
0.000000
0.000000
0.004533
0.000297
0.000285
0.002267
0.038737
0.011257
0.000000
0.000000
0.000000
0.000125
0.001168
0.003712
0.020311
0.041834
0.009277
0.000000
0.000000
0.000000
0.001710
0.000138
0.000381
0.004353
0.078185
0.016847
0.000000
0.000000
0.000000
0.006202
0.023682
0.023591
0.033616
0.028885
0.002792
0.000000
0.000000
0.000000
0.000125
0.001168
0.003712
0.020311
0.041834
0.009277
0.000000
0.000000
0.000000
0.023433
0.012519
0.012466
0.003370
0.007460
0.002273
0.000000
0.000000
0.000000
0.006202
0.023682
0.023591
0.033616
0.028885
0.002792
0.000000
0.000000
0.000000
0.026062
0.005089
0.003570
0.011699
0.017289
0.001843
0.000000
0.000000
0.000000
0.065665
0.000000
0.000000
0.000000
0.000000
0.000000
0.000000
0.000000
0.000000
0.075045
0.000000
0.000000
0.000000
0.000000
0.000000
0.000000
0.000000
0.000000
0.038005
0.000000
0.000000
0.000000
0.000000
0.000000
0.000000
0.000000
0.000000
0.043434
0.000000
0.000000
0.000000
0.000000
0.000000
0.000000
0.000000
0.000000
0.075045
0.000000
0.000000
0.000000
0.000000
0.000000
0.000000
0.000000
0.000000
0.075045
0.000000
0.000000
0.000000
0.000000
0.000000
0.000000
0.000000
0.000000
0.043434
0.000000
0.000000
0.000000
0.000000
0.000000
0.000000
0.000000
0.000000
0.043434
0.000000
0.000000
0.000000
0.000000
0.000000
0.000000
0.000000
0.000000
0.075045
0.000000
0.000000
0.000000
0.000000
0.000000
0.000000
0.000000
0.000000
0.020669
0.000197
0.000234
0.001579
0.038678
0.014940
0.000000
0.000000
0.000000
0.043434
0.000000
0.000000
0.000000
0.000000
0.000000
0.000000
0.000000
0.000000
0.014783
0.001220
0.000509
0.000807
0.024887
0.007026
0.000000
0.000000
0.000000
0.020669
0.000197
0.000234
0.001579
0.038678
0.014940
0.000000
0.000000
0.000000
0.000450
0.000252
0.000591
0.004540
0.057498
0.015667
0.000000
0.000000
0.000000
0.014783
0.001220
0.000509
0.000807
0.024887
0.007026
0.000000
0.000000
0.000000
0.007731
0.003295
0.001481
0.005714
0.025071
0.006936
0.000000
0.000000
0.000000
0.000450
0.000252
0.000591
0.004540
0.057498
0.015667
0.000000
0.000000
0.000000
0.003744
0.000079
0.001369
0.004710
0.059044
0.019238
0.000000
0.000000
0.000000
0.007731
0.003295
0.001481
0.005714
0.025071
0.006936
0.000000
0.000000
0.000000
0.005614
0.001940
0.001314
0.004482
0.013288
0.002243
0.000000
0.000000
0.000000
0.003744
0.000079
0.001369
0.004710
0.059044
0.019238
0.000000
0.000000
0.000000
0.001812
0.000176
0.000373
0.001761
0.060965
0.021266
0.000000
0.000000
0.000000
0.005614
0.001940
0.001314
0.004482
0.013288
0.002243
0.000000
0.000000
0.000000
0.016696
0.004086
0.006041
0.009043
0.008375
0.001924
0.000000
0.000000
0.000000
0.001812
0.000176
0.000373
0.001761
0.060965
0.021266
0.000000
0.000000
0.000000
0.001993
0.004700
0.005517
0.012634
0.052855
0.012799
0.000000
0.000000
0.000000
0.016696
0.004086
0.006041
0.009043
0.008375
0.001924
0.000000
0.000000
0.000000
0.003759
0.000384
0.000594
0.003007
0.011450
0.001801
0.000000
0.000000
0.000000
0.001993
0.004700
0.005517
0.012634
0.052855
0.012799
0.000000
0.000000
0.000000
0.001607
0.000208
0.000860
0.004163
0.074164
0.024434
0.000000
0.000000
0.000000
0.003759
0.000384
0.000594
0.003007
0.011450
0.001801
0.000000
0.000000
0.000000
0.005008
0.000990
0.000553
0.003049
0.009847
0.000808
0.000000
0.000000
0.000000
0.001607
0.000208
0.000860
0.004163
0.074164
0.024434
0.000000
0.000000
0.000000
0.001710
0.000138
0.000381
0.004353
0.078185
0.016847
0.000000
0.000000
0.000000
0.005008
0.000990
0.000553
0.003049
0.009847
0.000808
0.000000
0.000000
0.000000
0.003140
0.000383
0.001366
0.002345
0.002995
0.000404
0.000000
0.000000
0.000000
0.001710
0.000138
0.000381
0.004353
0.078185
0.016847
0.000000
0.000000
0.000000
0.006202
0.023682
0.023591
0.033616
0.028885
0.002792
0.000000
0.000000
0.000000
0.003140
0.000383
0.001366
0.002345
0.002995
0.000404
0.000000
0.000000
0.000000
0.031539
0.010691
0.003662
0.002358
0.002360
0.000244
0.000000
0.000000
0.000000
0.006202
0.023682
0.023591
0.033616
0.028885
0.002792
0.000000
0.000000
0.000000
0.026062
0.005089
0.003570
0.011699
0.017289
0.001843
0.000000
0.000000
0.000000
0.031539
0.010691
0.003662
0.002358
0.002360
0.000244
0.000000
0.000000
0.000000
0.007356
0.000434
0.000702
0.001772
0.004107
0.000552
0.000000
0.000000
0.000000
