0.004568
0.013049
0.015216
0.006124
0.002707
0.000223
0.000000
0.000000
0.000000
0.011278
0.018628
0.010458
0.011667
0.004700
0.000838
0.000000
0.000000
0.000000
0.004182
0.024503
0.021029
0.009615
0.004350
0.000261
0.000000
0.000000
0.000000
0.011383
0.030695
0.020623
0.004218
0.004627
0.000397
0.000000
0.000000
0.000000
0.011278
0.018628
0.010458
0.011667
0.004700
0.000838
0.000000
0.000000
0.000000
0.007251
0.006952
0.012398
0.008324
0.008769
0.002292
0.000000
0.000000
0.000000
0.011383
0.030695
0.020623
0.004218
0.004627
0.000397
0.000000
0.000000
0.000000
0.007429
0.012467
0.012200
0.014492
0.007569
0.001289
0.000000
0.000000
0.000000
0.007251
0.006952
0.012398
0.008324
0.008769
0.002292
0.000000
0.000000
0.000000
0.001252
0.002659
0.005795
0.005087
0.001782
0.000021
0.000000
0.000000
0.000000
0.007429
0.012467
0.012200
0.014492
0.007569
0.001289
0.000000
0.000000
0.000000
0.002934
0.006447
0.006147
0.010348
0.006024
0.000058
0.000000
0.000000
0.000000
0.001252
0.002659
0.005795
0.005087
0.001782
0.000021
0.000000
0.000000
0.000000
0.001134
0.004687
0.007308
0.005016
0.003110
0.000280
0.000000
0.000000
0.000000
0.002934
0.006447
0.006147
0.010348
0.006024
0.000058
0.000000
0.000000
0.000000
0.001735
0.002496
0.004227
0.006255
0.003643
0.000291
0.000000
0.000000
0.000000
0.001134
0.004687
0.007308
0.005016
0.003110
0.000280
0.000000
0.000000
0.000000
0.001276
0.005423
0.008059
0.007912
0.004236
0.000508
0.000000
0.000000
0.000000
0.001735
0.002496
0.004227
0.006255
0.003643
0.000291
0.000000
0.000000
0.000000
0.002048
0.003340
0.005563
0.004279
0.005767
0.000366
0.000000
0.000000
0.000000
0.001276
0.005423
0.008059
0.007912
0.004236
0.000508
0.000000
0.000000
0.000000
0.001067
0.002087
0.005075
0.013087
0.018703
0.001152
0.000000
0.000000
0.000000
0.002048
0.003340
0.005563
0.004279
0.005767
0.000366
0.000000
0.000000
0.000000
0.001826
0.005252
0.005053
0.002902
0.001735
0.000174
0.000000
0.000000
0.000000
0.001067
0.002087
0.005075
0.013087
0.018703
0.001152
0.000000
0.000000
0.000000
0.000429
0.004519
0.012246
0.014879
0.008350
0.000449
0.000000
0.000000
0.000000
0.001826
0.005252
0.005053
0.002902
0.001735
0.000174
0.000000
0.000000
0.000000
0.001322
0.004848
0.007210
0.006903
0.003938
0.000080
0.000000
0.000000
0.000000
0.000429
0.004519
0.012246
0.014879
0.008350
0.000449
0.000000
0.000000
0.000000
0.002458
0.009811
0.017386
0.014172
0.007347
0.001678
0.000000
0.000000
0.000000
0.001322
0.004848
0.007210
0.006903
0.003938
0.000080
0.000000
0.000000
0.000000
0.009985
0.009511
0.008373
0.008186
0.002876
0.000412
0.000000
0.000000
0.000000
0.002458
0.009811
0.017386
0.014172
0.007347
0.001678
0.000000
0.000000
0.000000
0.003817
0.011897
0.016754
0.010834
0.005127
0.000397
0.000000
0.000000
0.000000
0.009985
0.009511
0.008373
0.008186
0.002876
0.000412
0.000000
0.000000
0.000000
0.004976
0.012547
0.011618
0.006029
0.004115
0.000180
0.000000
0.000000
0.000000
0.003817
0.011897
0.016754
0.010834
0.005127
0.000397
0.000000
0.000000
0.000000
0.006282
0.012094
0.015595
0.006720
0.004518
0.000110
0.000000
0.000000
0.000000
0.004976
0.012547
0.011618
0.006029
0.004115
0.000180
0.000000
0.000000
0.000000
0.012722
0.020839
0.019588
0.009725
0.007212
0.000350
0.000000
0.000000
0.000000
0.006282
0.012094
0.015595
0.006720
0.004518
0.000110
0.000000
0.000000
0.000000
0.005977
0.010869
0.012736
0.004827
0.003174
0.000400
0.000000
0.000000
0.000000
0.012722
0.020839
0.019588
0.009725
0.007212
0.000350
0.000000
0.000000
0.000000
0.022029
0.036003
0.021015
0.003819
0.000956
0.000000
0.000000
0.000000
0.000000
0.004182
0.024503
0.021029
0.009615
0.004350
0.000261
0.000000
0.000000
0.000000
0.011383
0.030695
0.020623
0.004218
0.004627
0.000397
0.000000
0.000000
0.000000
0.006557
0.015844
0.015786
0.017309
0.020133
0.001747
0.000000
0.000000
0.000000
0.003392
0.012641
0.012003
0.014543
0.011175
0.001863
0.000000
0.000000
0.000000
0.011383
0.030695
0.020623
0.004218
0.004627
0.000397
0.000000
0.000000
0.000000
0.007429
0.012467
0.012200
0.014492
0.007569
0.001289
0.000000
0.000000
0.000000
0.003392
0.012641
0.012003
0.014543
0.011175
0.001863
0.000000
0.000000
0.000000
0.005257
0.013488
0.011735
0.010916
0.011268
0.001275
0.000000
0.000000
0.000000
0.007429
0.012467
0.012200
0.014492
0.007569
0.001289
0.000000
0.000000
0.000000
0.002934
0.006447
0.006147
0.010348
0.006024
0.000058
0.000000
0.000000
0.000000
0.005257
0.013488
0.011735
0.010916
0.011268
0.001275
0.000000
0.000000
0.000000
0.004901
0.007911
0.006673
0.003754
0.001187
0.000223
0.000000
0.000000
0.000000
0.002934
0.006447
0.006147
0.010348
0.006024
0.000058
0.000000
0.000000
0.000000
0.001735
0.002496
0.004227
0.006255
0.003643
0.000291
0.000000
0.000000
0.000000
0.004901
0.007911
0.006673
0.003754
0.001187
0.000223
0.000000
0.000000
0.000000
0.001502
0.002658
0.007878
0.007356
0.003896
0.000617
0.000000
0.000000
0.000000
0.001735
0.002496
0.004227
0.006255
0.003643
0.000291
0.000000
0.000000
0.000000
0.002048
0.003340
0.005563
0.004279
0.005767
0.000366
0.000000
0.000000
0.000000
0.001502
0.002658
0.007878
0.007356
0.003896
0.000617
0.000000
0.000000
0.000000
0.001188
0.004935
0.008772
0.005624
0.002267
0.000232
0.000000
0.000000
0.000000
0.002048
0.003340
0.005563
0.004279
0.005767
0.000366
0.000000
0.000000
0.000000
0.001826
0.005252
0.005053
0.002902
0.001735
0.000174
0.000000
0.000000
0.000000
0.001188
0.004935
0.008772
0.005624
0.002267
0.000232
0.000000
0.000000
0.000000
0.001333
0.003778
0.003240
0.005995
0.004904
0.000088
0.000000
0.000000
0.000000
0.001826
0.005252
0.005053
0.002902
0.001735
0.000174
0.000000
0.000000
0.000000
0.001322
0.004848
0.007210
0.006903
0.003938
0.000080
0.000000
0.000000
0.000000
0.001333
0.003778
0.003240
0.005995
0.004904
0.000088
0.000000
0.000000
0.000000
0.002107
0.004749
0.006627
0.003863
0.002951
0.000078
0.000000
0.000000
0.000000
0.001322
0.004848
0.007210
0.006903
0.003938
0.000080
0.000000
0.000000
0.000000
0.009985
0.009511
0.008373
0.008186
0.002876
0.000412
0.000000
0.000000
0.000000
0.002107
0.004749
0.006627
0.003863
0.002951
0.000078
0.000000
0.000000
0.000000
0.003143
0.007719
0.005840
0.007616
0.002857
0.000115
0.000000
0.000000
0.000000
0.009985
0.009511
0.008373
0.008186
0.002876
0.000412
0.000000
0.000000
0.000000
0.004976
0.012547
0.011618
0.006029
0.004115
0.000180
0.000000
0.000000
0.000000
0.003143
0.007719
0.005840
0.007616
0.002857
0.000115
0.000000
0.000000
0.000000
0.002020
0.004550
0.009015
0.006891
0.004513
0.000771
0.000000
0.000000
0.000000
0.004976
0.012547
0.011618
0.006029
0.004115
0.000180
0.000000
0.000000
0.000000
0.012722
0.020839
0.019588
0.009725
0.007212
0.000350
0.000000
0.000000
0.000000
0.002020
0.004550
0.009015
0.006891
0.004513
0.000771
0.000000
0.000000
0.000000
0.017039
0.035695
0.007450
0.001507
0.002032
0.000217
0.000000
0.000000
0.000000
0.012722
0.020839
0.019588
0.009725
0.007212
0.000350
0.000000
0.000000
0.000000
0.022029
0.036003
0.021015
0.003819
0.000956
0.000000
0.000000
0.000000
0.000000
0.017039
0.035695
0.007450
0.001507
0.002032
0.000217
0.000000
0.000000
0.000000
0.021027
0.033242
0.018728
0.006250
0.001847
0.000309
0.000000
0.000000
0.000000
0.006557
0.015844
0.015786
0.017309
0.020133
0.001747
0.000000
0.000000
0.000000
0.003392
0.012641
0.012003
0.014543
0.011175
0.001863
0.000000
0.000000
0.000000
0.007154
0.012753
0.012152
0.008415
0.008402
0.000814
0.000000
0.000000
0.000000
0.005775
0.015424
0.016983
0.018978
0.014795
0.001245
0.000000
0.000000
0.000000
0.003392
0.012641
0.012003
0.014543
0.011175
0.001863
0.000000
0.000000
0.000000
0.005257
0.013488
0.011735
0.010916
0.011268
0.001275
0.000000
0.000000
0.000000
0.005775
0.015424
0.016983
0.018978
0.014795
0.001245
0.000000
0.000000
0.000000
0.015945
0.027870
0.020612
0.012035
0.012060
0.001622
0.000000
0.000000
0.000000
0.005257
0.013488
0.011735
0.010916
0.011268
0.001275
0.000000
0.000000
0.000000
0.004901
0.007911
0.006673
0.003754
0.001187
0.000223
0.000000
0.000000
0.000000
0.015945
0.027870
0.020612
0.012035
0.012060
0.001622
0.000000
0.000000
0.000000
0.004654
0.010028
0.016637
0.009698
0.007400
0.001471
0.000000
0.000000
0.000000
0.004901
0.007911
0.006673
0.003754
0.001187
0.000223
0.000000
0.000000
0.000000
0.001502
0.002658
0.007878
0.007356
0.003896
0.000617
0.000000
0.000000
0.000000
0.004654
0.010028
0.016637
0.009698
0.007400
0.001471
0.000000
0.000000
0.000000
0.003406
0.005966
0.007169
0.009867
0.005795
0.000670
0.000000
0.000000
0.000000
0.001502
0.002658
0.007878
0.007356
0.003896
0.000617
0.000000
0.000000
0.000000
0.001188
0.004935
0.008772
0.005624
0.002267
0.000232
0.000000
0.000000
0.000000
0.003406
0.005966
0.007169
0.009867
0.005795
0.000670
0.000000
0.000000
0.000000
0.006511
0.015178
0.010622
0.008338
0.002561
0.000257
0.000000
0.000000
0.000000
0.001188
0.004935
0.008772
0.005624
0.002267
0.000232
0.000000
0.000000
0.000000
0.001333
0.003778
0.003240
0.005995
0.004904
0.000088
0.000000
0.000000
0.000000
0.006511
0.015178
0.010622
0.008338
0.002561
0.000257
0.000000
0.000000
0.000000
0.001563
0.006289
0.004051
0.005089
0.008492
0.001386
0.000000
0.000000
0.000000
0.001333
0.003778
0.003240
0.005995
0.004904
0.000088
0.000000
0.000000
0.000000
0.002107
0.004749
0.006627
0.003863
0.002951
0.000078
0.000000
0.000000
0.000000
0.001563
0.006289
0.004051
0.005089
0.008492
0.001386
0.000000
0.000000
0.000000
0.002449
0.006364
0.006642
0.006554
0.006493
0.000518
0.000000
0.000000
0.000000
0.002107
0.004749
0.006627
0.003863
0.002951
0.000078
0.000000
0.000000
0.000000
0.003143
0.007719
0.005840
0.007616
0.002857
0.000115
0.000000
0.000000
0.000000
0.002449
0.006364
0.006642
0.006554
0.006493
0.000518
0.000000
0.000000
0.000000
0.002703
0.007992
0.004773
0.006693
0.005243
0.000972
0.000000
0.000000
0.000000
0.003143
0.007719
0.005840
0.007616
0.002857
0.000115
0.000000
0.000000
0.000000
0.002020
0.004550
0.009015
0.006891
0.004513
0.000771
0.000000
0.000000
0.000000
0.002703
0.007992
0.004773
0.006693
0.005243
0.000972
0.000000
0.000000
0.000000
0.000951
0.002329
0.003454
0.007659
0.007206
0.000703
0.000000
0.000000
0.000000
0.002020
0.004550
0.009015
0.006891
0.004513
0.000771
0.000000
0.000000
0.000000
0.017039
0.035695
0.007450
0.001507
0.002032
0.000217
0.000000
0.000000
0.000000
0.000951
0.002329
0.003454
0.007659
0.007206
0.000703
0.000000
0.000000
0.000000
0.007960
0.006890
0.006086
0.007239
0.004230
0.000294
0.000000
0.000000
0.000000
0.017039
0.035695
0.007450
0.001507
0.002032
0.000217
0.000000
0.000000
0.000000
0.021027
0.033242
0.018728
0.006250
0.001847
0.000309
0.000000
0.000000
0.000000
0.007960
0.006890
0.006086
0.007239
0.004230
0.000294
0.000000
0.000000
0.000000
0.012906
0.027538
0.018097
0.003993
0.000656
0.000083
0.000000
0.000000
0.000000
0.007154
0.012753
0.012152
0.008415
0.008402
0.000814
0.000000
0.000000
0.000000
0.005775
0.015424
0.016983
0.018978
0.014795
0.001245
0.000000
0.000000
0.000000
0.004401
0.009597
0.021045
0.019833
0.024561
0.003966
0.000000
0.000000
0.000000
0.011194
0.016781
0.011040
0.023400
0.015692
0.001861
0.000000
0.000000
0.000000
0.005775
0.015424
0.016983
0.018978
0.014795
0.001245
0.000000
0.000000
0.000000
0.015945
0.027870
0.020612
0.012035
0.012060
0.001622
0.000000
0.000000
0.000000
0.011194
0.016781
0.011040
0.023400
0.015692
0.001861
0.000000
0.000000
0.000000
0.015034
0.033863
0.029460
0.018055
0.016798
0.001829
0.000000
0.000000
0.000000
0.015945
0.027870
0.020612
0.012035
0.012060
0.001622
0.000000
0.000000
0.000000
0.004654
0.010028
0.016637
0.009698
0.007400
0.001471
0.000000
0.000000
0.000000
0.015034
0.033863
0.029460
0.018055
0.016798
0.001829
0.000000
0.000000
0.000000
0.010617
0.017440
0.015583
0.013799
0.008271
0.000626
0.000000
0.000000
0.000000
0.004654
0.010028
0.016637
0.009698
0.007400
0.001471
0.000000
0.000000
0.000000
0.003406
0.005966
0.007169
0.009867
0.005795
0.000670
0.000000
0.000000
0.000000
0.010617
0.017440
0.015583
0.013799
0.008271
0.000626
0.000000
0.000000
0.000000
0.001767
0.004543
0.008214
0.012127
0.008393
0.000890
0.000000
0.000000
0.000000
0.003406
0.005966
0.007169
0.009867
0.005795
0.000670
0.000000
0.000000
0.000000
0.006511
0.015178
0.010622
0.008338
0.002561
0.000257
0.000000
0.000000
0.000000
0.001767
0.004543
0.008214
0.012127
0.008393
0.000890
0.000000
0.000000
0.000000
0.022862
0.034687
0.033173
0.015614
0.000603
0.000000
0.000000
0.000000
0.000000
0.006511
0.015178
0.010622
0.008338
0.002561
0.000257
0.000000
0.000000
0.000000
0.001563
0.006289
0.004051
0.005089
0.008492
0.001386
0.000000
0.000000
0.000000
0.022862
0.034687
0.033173
0.015614
0.000603
0.000000
0.000000
0.000000
0.000000
0.013196
0.024357
0.031789
0.023602
0.020404
0.001938
0.000000
0.000000
0.000000
0.001563
0.006289
0.004051
0.005089
0.008492
0.001386
0.000000
0.000000
0.000000
0.002449
0.006364
0.006642
0.006554
0.006493
0.000518
0.000000
0.000000
0.000000
0.013196
0.024357
0.031789
0.023602
0.020404
0.001938
0.000000
0.000000
0.000000
0.008493
0.011797
0.012461
0.011694
0.004317
0.000632
0.000000
0.000000
0.000000
0.002449
0.006364
0.006642
0.006554
0.006493
0.000518
0.000000
0.000000
0.000000
0.002703
0.007992
0.004773
0.006693
0.005243
0.000972
0.000000
0.000000
0.000000
0.008493
0.011797
0.012461
0.011694
0.004317
0.000632
0.000000
0.000000
0.000000
0.004359
0.007049
0.015765
0.021848
0.011490
0.001553
0.000000
0.000000
0.000000
0.002703
0.007992
0.004773
0.006693
0.005243
0.000972
0.000000
0.000000
0.000000
0.000951
0.002329
0.003454
0.007659
0.007206
0.000703
0.000000
0.000000
0.000000
0.004359
0.007049
0.015765
0.021848
0.011490
0.001553
0.000000
0.000000
0.000000
0.004801
0.014251
0.018529
0.019686
0.009813
0.002739
0.000000
0.000000
0.000000
0.000951
0.002329
0.003454
0.007659
0.007206
0.000703
0.000000
0.000000
0.000000
0.007960
0.006890
0.006086
0.007239
0.004230
0.000294
0.000000
0.000000
0.000000
0.004801
0.014251
0.018529
0.019686
0.009813
0.002739
0.000000
0.000000
0.000000
0.006564
0.009382
0.005247
0.006962
0.004009
0.000191
0.000000
0.000000
0.000000
0.007960
0.006890
0.006086
0.007239
0.004230
0.000294
0.000000
0.000000
0.000000
0.012906
0.027538
0.018097
0.003993
0.000656
0.000083
0.000000
0.000000
0.000000
0.006564
0.009382
0.005247
0.006962
0.004009
0.000191
0.000000
0.000000
0.000000
0.002755
0.030024
0.034531
0.006254
0.002902
0.000244
0.000000
0.000000
0.000000
0.004401
0.009597
0.021045
0.019833
0.024561
0.003966
0.000000
0.000000
0.000000
0.011194
0.016781
0.011040
0.023400
0.015692
0.001861
0.000000
0.000000
0.000000
0.000279
0.000681
0.009952
0.019862
0.023313
0.005631
0.000000
0.000000
0.000000
0.004321
0.005291
0.012530
0.024116
0.024078
0.004274
0.000000
0.000000
0.000000
0.011194
0.016781
0.011040
0.023400
0.015692
0.001861
0.000000
0.000000
0.000000
0.015034
0.033863
0.029460
0.018055
0.016798
0.001829
0.000000
0.000000
0.000000
0.004321
0.005291
0.012530
0.024116
0.024078
0.004274
0.000000
0.000000
0.000000
0.001271
0.003833
0.013751
0.016201
0.010374
0.001247
0.000000
0.000000
0.000000
0.015034
0.033863
0.029460
0.018055
0.016798
0.001829
0.000000
0.000000
0.000000
0.010617
0.017440
0.015583
0.013799
0.008271
0.000626
0.000000
0.000000
0.000000
0.001271
0.003833
0.013751
0.016201
0.010374
0.001247
0.000000
0.000000
0.000000
0.002026
0.003693
0.004445
0.006568
0.004647
0.000157
0.000000
0.000000
0.000000
0.010617
0.017440
0.015583
0.013799
0.008271
0.000626
0.000000
0.000000
0.000000
0.001767
0.004543
0.008214
0.012127
0.008393
0.000890
0.000000
0.000000
0.000000
0.002026
0.003693
0.004445
0.006568
0.004647
0.000157
0.000000
0.000000
0.000000
0.002043
0.004929
0.011266
0.018651
0.005465
0.000175
0.000000
0.000000
0.000000
0.001767
0.004543
0.008214
0.012127
0.008393
0.000890
0.000000
0.000000
0.000000
0.022862
0.034687
0.033173
0.015614
0.000603
0.000000
0.000000
0.000000
0.000000
0.002043
0.004929
0.011266
0.018651
0.005465
0.000175
0.000000
0.000000
0.000000
0.019667
0.027918
0.025998
0.033704
0.060583
0.001428
0.000000
0.000000
0.000000
0.022862
0.034687
0.033173
0.015614
0.000603
0.000000
0.000000
0.000000
0.000000
0.013196
0.024357
0.031789
0.023602
0.020404
0.001938
0.000000
0.000000
0.000000
0.019667
0.027918
0.025998
0.033704
0.060583
0.001428
0.000000
0.000000
0.000000
0.010447
0.020092
0.020359
0.030250
0.019296
0.001186
0.000000
0.000000
0.000000
0.013196
0.024357
0.031789
0.023602
0.020404
0.001938
0.000000
0.000000
0.000000
0.008493
0.011797
0.012461
0.011694
0.004317
0.000632
0.000000
0.000000
0.000000
0.010447
0.020092
0.020359
0.030250
0.019296
0.001186
0.000000
0.000000
0.000000
0.001178
0.005424
0.011042
0.030775
0.027171
0.000527
0.000000
0.000000
0.000000
0.008493
0.011797
0.012461
0.011694
0.004317
0.000632
0.000000
0.000000
0.000000
0.004359
0.007049
0.015765
0.021848
0.011490
0.001553
0.000000
0.000000
0.000000
0.001178
0.005424
0.011042
0.030775
0.027171
0.000527
0.000000
0.000000
0.000000
0.013383
0.027003
0.013900
0.007672
0.005219
0.000246
0.000000
0.000000
0.000000
0.004359
0.007049
0.015765
0.021848
0.011490
0.001553
0.000000
0.000000
0.000000
0.004801
0.014251
0.018529
0.019686
0.009813
0.002739
0.000000
0.000000
0.000000
0.013383
0.027003
0.013900
0.007672
0.005219
0.000246
0.000000
0.000000
0.000000
0.006487
0.013523
0.017541
0.012556
0.006726
0.000463
0.000000
0.000000
0.000000
0.004801
0.014251
0.018529
0.019686
0.009813
0.002739
0.000000
0.000000
0.000000
0.006564
0.009382
0.005247
0.006962
0.004009
0.000191
0.000000
0.000000
0.000000
0.006487
0.013523
0.017541
0.012556
0.006726
0.000463
0.000000
0.000000
0.000000
0.001626
0.006106
0.004291
0.007978
0.005892
0.000705
0.000000
0.000000
0.000000
0.006564
0.009382
0.005247
0.006962
0.004009
0.000191
0.000000
0.000000
0.000000
0.002755
0.030024
0.034531
0.006254
0.002902
0.000244
0.000000
0.000000
0.000000
0.001626
0.006106
0.004291
0.007978
0.005892
0.000705
0.000000
0.000000
0.000000
0.000973
0.022077
0.023936
0.004043
0.001967
0.000152
0.000000
0.000000
0.000000
0.000279
0.000681
0.009952
0.019862
0.023313
0.005631
0.000000
0.000000
0.000000
0.004321
0.005291
0.012530
0.024116
0.024078
0.004274
0.000000
0.000000
0.000000
0.001385
0.003018
0.002535
0.002710
0.001850
0.000110
0.000000
0.000000
0.000000
0.001602
0.001971
0.003153
0.003632
0.005801
0.001499
0.000000
0.000000
0.000000
0.004321
0.005291
0.012530
0.024116
0.024078
0.004274
0.000000
0.000000
0.000000
0.001271
0.003833
0.013751
0.016201
0.010374
0.001247
0.000000
0.000000
0.000000
0.001602
0.001971
0.003153
0.003632
0.005801
0.001499
0.000000
0.000000
0.000000
0.002362
0.005911
0.004631
0.007915
0.005793
0.000308
0.000000
0.000000
0.000000
0.001271
0.003833
0.013751
0.016201
0.010374
0.001247
0.000000
0.000000
0.000000
0.002026
0.003693
0.004445
0.006568
0.004647
0.000157
0.000000
0.000000
0.000000
0.002362
0.005911
0.004631
0.007915
0.005793
0.000308
0.000000
0.000000
0.000000
0.001285
0.004297
0.005489
0.003842
0.003359
0.000448
0.000000
0.000000
0.000000
0.002026
0.003693
0.004445
0.006568
0.004647
0.000157
0.000000
0.000000
0.000000
0.002043
0.004929
0.011266
0.018651
0.005465
0.000175
0.000000
0.000000
0.000000
0.001285
0.004297
0.005489
0.003842
0.003359
0.000448
0.000000
0.000000
0.000000
0.030105
0.069966
0.035611
0.012886
0.000885
0.000187
0.000000
0.000000
0.000000
0.002043
0.004929
0.011266
0.018651
0.005465
0.000175
0.000000
0.000000
0.000000
0.019667
0.027918
0.025998
0.033704
0.060583
0.001428
0.000000
0.000000
0.000000
0.030105
0.069966
0.035611
0.012886
0.000885
0.000187
0.000000
0.000000
0.000000
0.001627
0.006405
0.008691
0.005696
0.004504
0.000343
0.000000
0.000000
0.000000
0.019667
0.027918
0.025998
0.033704
0.060583
0.001428
0.000000
0.000000
0.000000
0.010447
0.020092
0.020359
0.030250
0.019296
0.001186
0.000000
0.000000
0.000000
0.001627
0.006405
0.008691
0.005696
0.004504
0.000343
0.000000
0.000000
0.000000
0.002077
0.002859
0.006778
0.016598
0.017693
0.001809
0.000000
0.000000
0.000000
0.010447
0.020092
0.020359
0.030250
0.019296
0.001186
0.000000
0.000000
0.000000
0.001178
0.005424
0.011042
0.030775
0.027171
0.000527
0.000000
0.000000
0.000000
0.002077
0.002859
0.006778
0.016598
0.017693
0.001809
0.000000
0.000000
0.000000
0.002595
0.036821
0.049552
0.032858
0.012037
0.000367
0.000000
0.000000
0.000000
0.001178
0.005424
0.011042
0.030775
0.027171
0.000527
0.000000
0.000000
0.000000
0.013383
0.027003
0.013900
0.007672
0.005219
0.000246
0.000000
0.000000
0.000000
0.002595
0.036821
0.049552
0.032858
0.012037
0.000367
0.000000
0.000000
0.000000
0.012439
0.042300
0.018411
0.012055
0.006461
0.000924
0.000000
0.000000
0.000000
0.013383
0.027003
0.013900
0.007672
0.005219
0.000246
0.000000
0.000000
0.000000
0.006487
0.013523
0.017541
0.012556
0.006726
0.000463
0.000000
0.000000
0.000000
0.012439
0.042300
0.018411
0.012055
0.006461
0.000924
0.000000
0.000000
0.000000
0.005544
0.004758
0.013038
0.010455
0.004459
0.000545
0.000000
0.000000
0.000000
0.006487
0.013523
0.017541
0.012556
0.006726
0.000463
0.000000
0.000000
0.000000
0.001626
0.006106
0.004291
0.007978
0.005892
0.000705
0.000000
0.000000
0.000000
0.005544
0.004758
0.013038
0.010455
0.004459
0.000545
0.000000
0.000000
0.000000
0.001562
0.001925
0.003644
0.002685
0.001209
0.000065
0.000000
0.000000
0.000000
0.001626
0.006106
0.004291
0.007978
0.005892
0.000705
0.000000
0.000000
0.000000
0.000973
0.022077
0.023936
0.004043
0.001967
0.000152
0.000000
0.000000
0.000000
0.001562
0.001925
0.003644
0.002685
0.001209
0.000065
0.000000
0.000000
0.000000
0.044645
0.054180
0.011505
0.005001
0.001733
0.000000
0.000000
0.000000
0.000000
0.001385
0.003018
0.002535
0.002710
0.001850
0.000110
0.000000
0.000000
0.000000
0.001602
0.001971
0.003153
0.003632
0.005801
0.001499
0.000000
0.000000
0.000000
0.000646
0.002734
0.003511
0.002364
0.001676
0.000134
0.000000
0.000000
0.000000
0.001269
0.002216
0.001654
0.001921
0.002627
0.000315
0.000000
0.000000
0.000000
0.001602
0.001971
0.003153
0.003632
0.005801
0.001499
0.000000
0.000000
0.000000
0.002362
0.005911
0.004631
0.007915
0.005793
0.000308
0.000000
0.000000
0.000000
0.001269
0.002216
0.001654
0.001921
0.002627
0.000315
0.000000
0.000000
0.000000
0.001244
0.003961
0.007340
0.006740
0.007086
0.000649
0.000000
0.000000
0.000000
0.002362
0.005911
0.004631
0.007915
0.005793
0.000308
0.000000
0.000000
0.000000
0.001285
0.004297
0.005489
0.003842
0.003359
0.000448
0.000000
0.000000
0.000000
0.001244
0.003961
0.007340
0.006740
0.007086
0.000649
0.000000
0.000000
0.000000
0.002526
0.006083
0.003362
0.002592
0.003005
0.000238
0.000000
0.000000
0.000000
0.001285
0.004297
0.005489
0.003842
0.003359
0.000448
0.000000
0.000000
0.000000
0.030105
0.069966
0.035611
0.012886
0.000885
0.000187
0.000000
0.000000
0.000000
0.002526
0.006083
0.003362
0.002592
0.003005
0.000238
0.000000
0.000000
0.000000
0.036471
0.075311
0.019186
0.005034
0.019935
0.003557
0.000000
0.000000
0.000000
0.030105
0.069966
0.035611
0.012886
0.000885
0.000187
0.000000
0.000000
0.000000
0.001627
0.006405
0.008691
0.005696
0.004504
0.000343
0.000000
0.000000
0.000000
0.036471
0.075311
0.019186
0.005034
0.019935
0.003557
0.000000
0.000000
0.000000
0.007045
0.008500
0.005063
0.003604
0.001570
0.000100
0.000000
0.000000
0.000000
0.001627
0.006405
0.008691
0.005696
0.004504
0.000343
0.000000
0.000000
0.000000
0.002077
0.002859
0.006778
0.016598
0.017693
0.001809
0.000000
0.000000
0.000000
0.007045
0.008500
0.005063
0.003604
0.001570
0.000100
0.000000
0.000000
0.000000
0.001095
0.003804
0.004109
0.002380
0.003201
0.000502
0.000000
0.000000
0.000000
0.002077
0.002859
0.006778
0.016598
0.017693
0.001809
0.000000
0.000000
0.000000
0.002595
0.036821
0.049552
0.032858
0.012037
0.000367
0.000000
0.000000
0.000000
0.001095
0.003804
0.004109
0.002380
0.003201
0.000502
0.000000
0.000000
0.000000
0.010473
0.022867
0.013552
0.016258
0.012729
0.001941
0.000000
0.000000
0.000000
0.002595
0.036821
0.049552
0.032858
0.012037
0.000367
0.000000
0.000000
0.000000
0.012439
0.042300
0.018411
0.012055
0.006461
0.000924
0.000000
0.000000
0.000000
0.010473
0.022867
0.013552
0.016258
0.012729
0.001941
0.000000
0.000000
0.000000
0.009989
0.062290
0.028353
0.022739
0.011677
0.000170
0.000000
0.000000
0.000000
0.012439
0.042300
0.018411
0.012055
0.006461
0.000924
0.000000
0.000000
0.000000
0.005544
0.004758
0.013038
0.010455
0.004459
0.000545
0.000000
0.000000
0.000000
0.009989
0.062290
0.028353
0.022739
0.011677
0.000170
0.000000
0.000000
0.000000
0.003102
0.006266
0.007905
0.013247
0.009450
0.000606
0.000000
0.000000
0.000000
0.005544
0.004758
0.013038
0.010455
0.004459
0.000545
0.000000
0.000000
0.000000
0.001562
0.001925
0.003644
0.002685
0.001209
0.000065
0.000000
0.000000
0.000000
0.003102
0.006266
0.007905
0.013247
0.009450
0.000606
0.000000
0.000000
0.000000
0.001558
0.003131
0.003314
0.002150
0.001810
0.000163
0.000000
0.000000
0.000000
0.001562
0.001925
0.003644
0.002685
0.001209
0.000065
0.000000
0.000000
0.000000
0.044645
0.054180
0.011505
0.005001
0.001733
0.000000
0.000000
0.000000
0.000000
0.001558
0.003131
0.003314
0.002150
0.001810
0.000163
0.000000
0.000000
0.000000
0.034213
0.040788
0.011862
0.008321
0.002632
0.000084
0.000000
0.000000
0.000000
0.000646
0.002734
0.003511
0.002364
0.001676
0.000134
0.000000
0.000000
0.000000
0.001269
0.002216
0.001654
0.001921
0.002627
0.000315
0.000000
0.000000
0.000000
0.002804
0.000855
0.001288
0.001842
0.023924
0.007963
0.000000
0.000000
0.000000
0.001401
0.002732
0.002532
0.002047
0.020237
0.010665
0.000000
0.000000
0.000000
0.001269
0.002216
0.001654
0.001921
0.002627
0.000315
0.000000
0.000000
0.000000
0.001244
0.003961
0.007340
0.006740
0.007086
0.000649
0.000000
0.000000
0.000000
0.001401
0.002732
0.002532
0.002047
0.020237
0.010665
0.000000
0.000000
0.000000
0.001022
0.002959
0.002181
0.003643
0.031039
0.010996
0.000000
0.000000
0.000000
0.001244
0.003961
0.007340
0.006740
0.007086
0.000649
0.000000
0.000000
0.000000
0.002526
0.006083
0.003362
0.002592
0.003005
0.000238
0.000000
0.000000
0.000000
0.001022
0.002959
0.002181
0.003643
0.031039
0.010996
0.000000
0.000000
0.000000
0.001075
0.002017
0.001978
0.002072
0.034212
0.016388
0.000000
0.000000
0.000000
0.002526
0.006083
0.003362
0.002592
0.003005
0.000238
0.000000
0.000000
0.000000
0.036471
0.075311
0.019186
0.005034
0.019935
0.003557
0.000000
0.000000
0.000000
0.001075
0.002017
0.001978
0.002072
0.034212
0.016388
0.000000
0.000000
0.000000
0.071210
0.049200
0.015828
0.004058
0.005314
0.000795
0.000000
0.000000
0.000000
0.036471
0.075311
0.019186
0.005034
0.019935
0.003557
0.000000
0.000000
0.000000
0.007045
0.008500
0.005063
0.003604
0.001570
0.000100
0.000000
0.000000
0.000000
0.071210
0.049200
0.015828
0.004058
0.005314
0.000795
0.000000
0.000000
0.000000
0.008720
0.011119
0.003158
0.001502
0.000915
0.000000
0.000000
0.000000
0.000000
0.007045
0.008500
0.005063
0.003604
0.001570
0.000100
0.000000
0.000000
0.000000
0.001095
0.003804
0.004109
0.002380
0.003201
0.000502
0.000000
0.000000
0.000000
0.008720
0.011119
0.003158
0.001502
0.000915
0.000000
0.000000
0.000000
0.000000
0.002497
0.004226
0.002239
0.000881
0.000298
0.000009
0.000000
0.000000
0.000000
0.001095
0.003804
0.004109
0.002380
0.003201
0.000502
0.000000
0.000000
0.000000
0.010473
0.022867
0.013552
0.016258
0.012729
0.001941
0.000000
0.000000
0.000000
0.002497
0.004226
0.002239
0.000881
0.000298
0.000009
0.000000
0.000000
0.000000
0.022482
0.037008
0.007231
0.002620
0.001021
0.000099
0.000000
0.000000
0.000000
0.010473
0.022867
0.013552
0.016258
0.012729
0.001941
0.000000
0.000000
0.000000
0.009989
0.062290
0.028353
0.022739
0.011677
0.000170
0.000000
0.000000
0.000000
0.022482
0.037008
0.007231
0.002620
0.001021
0.000099
0.000000
0.000000
0.000000
0.013865
0.021385
0.006537
0.003582
0.012566
0.005611
0.000000
0.000000
0.000000
0.009989
0.062290
0.028353
0.022739
0.011677
0.000170
0.000000
0.000000
0.000000
0.003102
0.006266
0.007905
0.013247
0.009450
0.000606
0.000000
0.000000
0.000000
0.013865
0.021385
0.006537
0.003582
0.012566
0.005611
0.000000
0.000000
0.000000
0.001104
0.000299
0.001765
0.003130
0.022516
0.010529
0.000000
0.000000
0.000000
0.003102
0.006266
0.007905
0.013247
0.009450
0.000606
0.000000
0.000000
0.000000
0.001558
0.003131
0.003314
0.002150
0.001810
0.000163
0.000000
0.000000
0.000000
0.001104
0.000299
0.001765
0.003130
0.022516
0.010529
0.000000
0.000000
0.000000
0.000737
0.000690
0.001019
0.002891
0.026638
0.009640
0.000000
0.000000
0.000000
0.001558
0.003131
0.003314
0.002150
0.001810
0.000163
0.000000
0.000000
0.000000
0.034213
0.040788
0.011862
0.008321
0.002632
0.000084
0.000000
0.000000
0.000000
0.000737
0.000690
0.001019
0.002891
0.026638
0.009640
0.000000
0.000000
0.000000
0.016426
0.037988
0.017238
0.003778
0.019355
0.007065
0.000000
0.000000
0.000000
0.002804
0.000855
0.001288
0.001842
0.023924
0.007963
0.000000
0.000000
0.000000
0.001401
0.002732
0.002532
0.002047
0.020237
0.010665
0.000000
0.000000
0.000000
0.019256
0.021113
0.008758
0.020368
0.017280
0.001937
0.000000
0.000000
0.000000
0.002161
0.000523
0.001205
0.007951
0.019645
0.003931
0.000000
0.000000
0.000000
0.001401
0.002732
0.002532
0.002047
0.020237
0.010665
0.000000
0.000000
0.000000
0.001022
0.002959
0.002181
0.003643
0.031039
0.010996
0.000000
0.000000
0.000000
0.002161
0.000523
0.001205
0.007951
0.019645
0.003931
0.000000
0.000000
0.000000
0.001401
0.003270
0.002546
0.006291
0.021584
0.003733
0.000000
0.000000
0.000000
0.001022
0.002959
0.002181
0.003643
0.031039
0.010996
0.000000
0.000000
0.000000
0.001075
0.002017
0.001978
0.002072
0.034212
0.016388
0.000000
0.000000
0.000000
0.001401
0.003270
0.002546
0.006291
0.021584
0.003733
0.000000
0.000000
0.000000
0.001022
0.000884
0.002594
0.006397
0.021765
0.004383
0.000000
0.000000
0.000000
0.001075
0.002017
0.001978
0.002072
0.034212
0.016388
0.000000
0.000000
0.000000
0.071210
0.049200
0.015828
0.004058
0.005314
0.000795
0.000000
0.000000
0.000000
0.001022
0.000884
0.002594
0.006397
0.021765
0.004383
0.000000
0.000000
0.000000
0.050821
0.049777
0.018468
0.016590
0.011924
0.000775
0.000000
0.000000
0.000000
0.071210
0.049200
0.015828
0.004058
0.005314
0.000795
0.000000
0.000000
0.000000
0.008720
0.011119
0.003158
0.001502
0.000915
0.000000
0.000000
0.000000
0.000000
0.050821
0.049777
0.018468
0.016590
0.011924
0.000775
0.000000
0.000000
0.000000
0.002151
0.007976
0.012443
0.013974
0.034296
0.007228
0.000000
0.000000
0.000000
0.008720
0.011119
0.003158
0.001502
0.000915
0.000000
0.000000
0.000000
0.000000
0.002497
0.004226
0.002239
0.000881
0.000298
0.000009
0.000000
0.000000
0.000000
0.002151
0.007976
0.012443
0.013974
0.034296
0.007228
0.000000
0.000000
0.000000
0.003785
0.006240
0.002839
0.002913
0.000707
0.000088
0.000000
0.000000
0.000000
0.002497
0.004226
0.002239
0.000881
0.000298
0.000009
0.000000
0.000000
0.000000
0.022482
0.037008
0.007231
0.002620
0.001021
0.000099
0.000000
0.000000
0.000000
0.003785
0.006240
0.002839
0.002913
0.000707
0.000088
0.000000
0.000000
0.000000
0.012005
0.031824
0.020329
0.012663
0.007397
0.000594
0.000000
0.000000
0.000000
0.022482
0.037008
0.007231
0.002620
0.001021
0.000099
0.000000
0.000000
0.000000
0.013865
0.021385
0.006537
0.003582
0.012566
0.005611
0.000000
0.000000
0.000000
0.012005
0.031824
0.020329
0.012663
0.007397
0.000594
0.000000
0.000000
0.000000
0.010534
0.013252
0.005870
0.010906
0.048406
0.019354
0.000000
0.000000
0.000000
0.013865
0.021385
0.006537
0.003582
0.012566
0.005611
0.000000
0.000000
0.000000
0.001104
0.000299
0.001765
0.003130
0.022516
0.010529
0.000000
0.000000
0.000000
0.010534
0.013252
0.005870
0.010906
0.048406
0.019354
0.000000
0.000000
0.000000
0.005184
0.000248
0.000635
0.007593
0.063356
0.020810
0.000000
0.000000
0.000000
0.001104
0.000299
0.001765
0.003130
0.022516
0.010529
0.000000
0.000000
0.000000
0.000737
0.000690
0.001019
0.002891
0.026638
0.009640
0.000000
0.000000
0.000000
0.005184
0.000248
0.000635
0.007593
0.063356
0.020810
0.000000
0.000000
0.000000
0.002297
0.000000
0.000679
0.008700
0.059798
0.016744
0.000000
0.000000
0.000000
0.000737
0.000690
0.001019
0.002891
0.026638
0.009640
0.000000
0.000000
0.000000
0.016426
0.037988
0.017238
0.003778
0.019355
0.007065
0.000000
0.000000
0.000000
0.002297
0.000000
0.000679
0.008700
0.059798
0.016744
0.000000
0.000000
0.000000
0.002820
0.000342
0.001004
0.002721
0.041432
0.015201
0.000000
0.000000
0.000000
0.019256
0.021113
0.008758
0.020368
0.017280
0.001937
0.000000
0.000000
0.000000
0.002161
0.000523
0.001205
0.007951
0.019645
0.003931
0.000000
0.000000
0.000000
0.004518
0.007352
0.007261
0.010926
0.029822
0.004358
0.000000
0.000000
0.000000
0.000992
0.000942
0.002297
0.012315
0.033636
0.005264
0.000000
0.000000
0.000000
0.002161
0.000523
0.001205
0.007951
0.019645
0.003931
0.000000
0.000000
0.000000
0.001401
0.003270
0.002546
0.006291
0.021584
0.003733
0.000000
0.000000
0.000000
0.000992
0.000942
0.002297
0.012315
0.033636
0.005264
0.000000
0.000000
0.000000
0.004340
0.000299
0.000341
0.004584
0.031833
0.007823
0.000000
0.000000
0.000000
0.001401
0.003270
0.002546
0.006291
0.021584
0.003733
0.000000
0.000000
0.000000
0.001022
0.000884
0.002594
0.006397
0.021765
0.004383
0.000000
0.000000
0.000000
0.004340
0.000299
0.000341
0.004584
0.031833
0.007823
0.000000
0.000000
0.000000
0.000789
0.002581
0.001453
0.010435
0.038082
0.004871
0.000000
0.000000
0.000000
0.001022
0.000884
0.002594
0.006397
0.021765
0.004383
0.000000
0.000000
0.000000
0.050821
0.049777
0.018468
0.016590
0.011924
0.000775
0.000000
0.000000
0.000000
0.000789
0.002581
0.001453
0.010435
0.038082
0.004871
0.000000
0.000000
0.000000
0.019332
0.043633
0.026644
0.018823
0.007845
0.000887
0.000000
0.000000
0.000000
0.050821
0.049777
0.018468
0.016590
0.011924
0.000775
0.000000
0.000000
0.000000
0.002151
0.007976
0.012443
0.013974
0.034296
0.007228
0.000000
0.000000
0.000000
0.019332
0.043633
0.026644
0.018823
0.007845
0.000887
0.000000
0.000000
0.000000
0.000784
0.002872
0.003033
0.013689
0.027766
0.003003
0.000000
0.000000
0.000000
0.002151
0.007976
0.012443
0.013974
0.034296
0.007228
0.000000
0.000000
0.000000
0.003785
0.006240
0.002839
0.002913
0.000707
0.000088
0.000000
0.000000
0.000000
0.000784
0.002872
0.003033
0.013689
0.027766
0.003003
0.000000
0.000000
0.000000
0.000498
0.000617
0.001429
0.001665
0.064843
0.027711
0.000000
0.000000
0.000000
0.003785
0.006240
0.002839
0.002913
0.000707
0.000088
0.000000
0.000000
0.000000
0.012005
0.031824
0.020329
0.012663
0.007397
0.000594
0.000000
0.000000
0.000000
0.000498
0.000617
0.001429
0.001665
0.064843
0.027711
0.000000
0.000000
0.000000
0.025210
0.036378
0.009690
0.014594
0.037260
0.002156
0.000000
0.000000
0.000000
0.012005
0.031824
0.020329
0.012663
0.007397
0.000594
0.000000
0.000000
0.000000
0.010534
0.013252
0.005870
0.010906
0.048406
0.019354
0.000000
0.000000
0.000000
0.025210
0.036378
0.009690
0.014594
0.037260
0.002156
0.000000
0.000000
0.000000
0.001817
0.008531
0.014450
0.012139
0.027990
0.005236
0.000000
0.000000
0.000000
0.010534
0.013252
0.005870
0.010906
0.048406
0.019354
0.000000
0.000000
0.000000
0.005184
0.000248
0.000635
0.007593
0.063356
0.020810
0.000000
0.000000
0.000000
0.001817
0.008531
0.014450
0.012139
0.027990
0.005236
0.000000
0.000000
0.000000
0.000148
0.000366
0.002359
0.012610
0.030902
0.003380
0.000000
0.000000
0.000000
0.005184
0.000248
0.000635
0.007593
0.063356
0.020810
0.000000
0.000000
0.000000
0.002297
0.000000
0.000679
0.008700
0.059798
0.016744
0.000000
0.000000
0.000000
0.000148
0.000366
0.002359
0.012610
0.030902
0.003380
0.000000
0.000000
0.000000
0.000256
0.001272
0.003440
0.009502
0.029036
0.003320
0.000000
0.000000
0.000000
0.002297
0.000000
0.000679
0.008700
0.059798
0.016744
0.000000
0.000000
0.000000
0.002820
0.000342
0.001004
0.002721
0.041432
0.015201
0.000000
0.000000
0.000000
0.000256
0.001272
0.003440
0.009502
0.029036
0.003320
0.000000
0.000000
0.000000
0.000610
0.001596
0.003271
0.005965
0.021340
0.006610
0.000000
0.000000
0.000000
0.004518
0.007352
0.007261
0.010926
0.029822
0.004358
0.000000
0.000000
0.000000
0.000992
0.000942
0.002297
0.012315
0.033636
0.005264
0.000000
0.000000
0.000000
0.001613
0.002005
0.003345
0.005422
0.005835
0.000796
0.000000
0.000000
0.000000
0.000900
0.005128
0.007366
0.007367
0.006822
0.000893
0.000000
0.000000
0.000000
0.000992
0.000942
0.002297
0.012315
0.033636
0.005264
0.000000
0.000000
0.000000
0.004340
0.000299
0.000341
0.004584
0.031833
0.007823
0.000000
0.000000
0.000000
0.000900
0.005128
0.007366
0.007367
0.006822
0.000893
0.000000
0.000000
0.000000
0.002029
0.005469
0.004923
0.006307
0.003628
0.000167
0.000000
0.000000
0.000000
0.004340
0.000299
0.000341
0.004584
0.031833
0.007823
0.000000
0.000000
0.000000
0.000789
0.002581
0.001453
0.010435
0.038082
0.004871
0.000000
0.000000
0.000000
0.002029
0.005469
0.004923
0.006307
0.003628
0.000167
0.000000
0.000000
0.000000
0.000840
0.002199
0.004169
0.009264
0.011509
0.001854
0.000000
0.000000
0.000000
0.000789
0.002581
0.001453
0.010435
0.038082
0.004871
0.000000
0.000000
0.000000
0.019332
0.043633
0.026644
0.018823
0.007845
0.000887
0.000000
0.000000
0.000000
0.000840
0.002199
0.004169
0.009264
0.011509
0.001854
0.000000
0.000000
0.000000
0.045552
0.045122
0.005103
0.002652
0.001864
0.000497
0.000000
0.000000
0.000000
0.019332
0.043633
0.026644
0.018823
0.007845
0.000887
0.000000
0.000000
0.000000
0.000784
0.002872
0.003033
0.013689
0.027766
0.003003
0.000000
0.000000
0.000000
0.045552
0.045122
0.005103
0.002652
0.001864
0.000497
0.000000
0.000000
0.000000
0.008806
0.009291
0.004164
0.003625
0.003321
0.000282
0.000000
0.000000
0.000000
0.000784
0.002872
0.003033
0.013689
0.027766
0.003003
0.000000
0.000000
0.000000
0.000498
0.000617
0.001429
0.001665
0.064843
0.027711
0.000000
0.000000
0.000000
0.008806
0.009291
0.004164
0.003625
0.003321
0.000282
0.000000
0.000000
0.000000
0.009146
0.008109
0.004940
0.001438
0.002752
0.000833
0.000000
0.000000
0.000000
0.000498
0.000617
0.001429
0.001665
0.064843
0.027711
0.000000
0.000000
0.000000
0.025210
0.036378
0.009690
0.014594
0.037260
0.002156
0.000000
0.000000
0.000000
0.009146
0.008109
0.004940
0.001438
0.002752
0.000833
0.000000
0.000000
0.000000
0.046190
0.048474
0.000740
0.001101
0.001012
0.000086
0.000000
0.000000
0.000000
0.025210
0.036378
0.009690
0.014594
0.037260
0.002156
0.000000
0.000000
0.000000
0.001817
0.008531
0.014450
0.012139
0.027990
0.005236
0.000000
0.000000
0.000000
0.046190
0.048474
0.000740
0.001101
0.001012
0.000086
0.000000
0.000000
0.000000
0.001295
0.001539
0.002961
0.004963
0.010215
0.001748
0.000000
0.000000
0.000000
0.001817
0.008531
0.014450
0.012139
0.027990
0.005236
0.000000
0.000000
0.000000
0.000148
0.000366
0.002359
0.012610
0.030902
0.003380
0.000000
0.000000
0.000000
0.001295
0.001539
0.002961
0.004963
0.010215
0.001748
0.000000
0.000000
0.000000
0.000554
0.002328
0.002286
0.005380
0.004563
0.000348
0.000000
0.000000
0.000000
0.000148
0.000366
0.002359
0.012610
0.030902
0.003380
0.000000
0.000000
0.000000
0.000256
0.001272
0.003440
0.009502
0.029036
0.003320
0.000000
0.000000
0.000000
0.000554
0.002328
0.002286
0.005380
0.004563
0.000348
0.000000
0.000000
0.000000
0.001109
0.001479
0.004410
0.008739
0.013356
0.002050
0.000000
0.000000
0.000000
0.000256
0.001272
0.003440
0.009502
0.029036
0.003320
0.000000
0.000000
0.000000
0.000610
0.001596
0.003271
0.005965
0.021340
0.006610
0.000000
0.000000
0.000000
0.001109
0.001479
0.004410
0.008739
0.013356
0.002050
0.000000
0.000000
0.000000
0.001180
0.002463
0.004103
0.006079
0.010360
0.001945
0.000000
0.000000
0.000000
0.001613
0.002005
0.003345
0.005422
0.005835
0.000796
0.000000
0.000000
0.000000
0.000900
0.005128
0.007366
0.007367
0.006822
0.000893
0.000000
0.000000
0.000000
0.001458
0.005522
0.009763
0.010191
0.006032
0.000301
0.000000
0.000000
0.000000
0.000880
0.001528
0.003818
0.007326
0.008133
0.000789
0.000000
0.000000
0.000000
0.000900
0.005128
0.007366
0.007367
0.006822
0.000893
0.000000
0.000000
0.000000
0.002029
0.005469
0.004923
0.006307
0.003628
0.000167
0.000000
0.000000
0.000000
0.000880
0.001528
0.003818
0.007326
0.008133
0.000789
0.000000
0.000000
0.000000
0.000865
0.002929
0.005212
0.007030
0.005999
0.000637
0.000000
0.000000
0.000000
0.002029
0.005469
0.004923
0.006307
0.003628
0.000167
0.000000
0.000000
0.000000
0.000840
0.002199
0.004169
0.009264
0.011509
0.001854
0.000000
0.000000
0.000000
0.000865
0.002929
0.005212
0.007030
0.005999
0.000637
0.000000
0.000000
0.000000
0.001751
0.005826
0.008422
0.009635
0.007638
0.001330
0.000000
0.000000
0.000000
0.000840
0.002199
0.004169
0.009264
0.011509
0.001854
0.000000
0.000000
0.000000
0.045552
0.045122
0.005103
0.002652
0.001864
0.000497
0.000000
0.000000
0.000000
0.001751
0.005826
0.008422
0.009635
0.007638
0.001330
0.000000
0.000000
0.000000
0.024730
0.083583
0.026231
0.018870
0.003572
0.000409
0.000000
0.000000
0.000000
0.045552
0.045122
0.005103
0.002652
0.001864
0.000497
0.000000
0.000000
0.000000
0.008806
0.009291
0.004164
0.003625
0.003321
0.000282
0.000000
0.000000
0.000000
0.024730
0.083583
0.026231
0.018870
0.003572
0.000409
0.000000
0.000000
0.000000
0.001290
0.003325
0.004779
0.023987
0.075643
0.001619
0.000000
0.000000
0.000000
0.008806
0.009291
0.004164
0.003625
0.003321
0.000282
0.000000
0.000000
0.000000
0.009146
0.008109
0.004940
0.001438
0.002752
0.000833
0.000000
0.000000
0.000000
0.001290
0.003325
0.004779
0.023987
0.075643
0.001619
0.000000
0.000000
0.000000
0.008583
0.022345
0.035728
0.049051
0.024332
0.000413
0.000000
0.000000
0.000000
0.009146
0.008109
0.004940
0.001438
0.002752
0.000833
0.000000
0.000000
0.000000
0.046190
0.048474
0.000740
0.001101
0.001012
0.000086
0.000000
0.000000
0.000000
0.008583
0.022345
0.035728
0.049051
0.024332
0.000413
0.000000
0.000000
0.000000
0.022747
0.042399
0.031356
0.019195
0.002467
0.000283
0.000000
0.000000
0.000000
0.046190
0.048474
0.000740
0.001101
0.001012
0.000086
0.000000
0.000000
0.000000
0.001295
0.001539
0.002961
0.004963
0.010215
0.001748
0.000000
0.000000
0.000000
0.022747
0.042399
0.031356
0.019195
0.002467
0.000283
0.000000
0.000000
0.000000
0.002188
0.003433
0.005113
0.007429
0.004269
0.000412
0.000000
0.000000
0.000000
0.001295
0.001539
0.002961
0.004963
0.010215
0.001748
0.000000
0.000000
0.000000
0.000554
0.002328
0.002286
0.005380
0.004563
0.000348
0.000000
0.000000
0.000000
0.002188
0.003433
0.005113
0.007429
0.004269
0.000412
0.000000
0.000000
0.000000
0.000992
0.001654
0.004293
0.008596
0.008469
0.000941
0.000000
0.000000
0.000000
0.000554
0.002328
0.002286
0.005380
0.004563
0.000348
0.000000
0.000000
0.000000
0.001109
0.001479
0.004410
0.008739
0.013356
0.002050
0.000000
0.000000
0.000000
0.000992
0.001654
0.004293
0.008596
0.008469
0.000941
0.000000
0.000000
0.000000
0.002153
0.004362
0.005837
0.005035
0.005097
0.000953
0.000000
0.000000
0.000000
0.001109
0.001479
0.004410
0.008739
0.013356
0.002050
0.000000
0.000000
0.000000
0.001180
0.002463
0.004103
0.006079
0.010360
0.001945
0.000000
0.000000
0.000000
0.002153
0.004362
0.005837
0.005035
0.005097
0.000953
0.000000
0.000000
0.000000
0.000650
0.002362
0.003538
0.007098
0.006163
0.001009
0.000000
0.000000
0.000000
0.001458
0.005522
0.009763
0.010191
0.006032
0.000301
0.000000
0.000000
0.000000
0.000880
0.001528
0.003818
0.007326
0.008133
0.000789
0.000000
0.000000
0.000000
0.001155
0.002564
0.003938
0.006919
0.007666
0.000479
0.000000
0.000000
0.000000
0.001000
0.003252
0.007760
0.006285
0.005394
0.001079
0.000000
0.000000
0.000000
0.000880
0.001528
0.003818
0.007326
0.008133
0.000789
0.000000
0.000000
0.000000
0.000865
0.002929
0.005212
0.007030
0.005999
0.000637
0.000000
0.000000
0.000000
0.001000
0.003252
0.007760
0.006285
0.005394
0.001079
0.000000
0.000000
0.000000
0.001968
0.001647
0.004095
0.006261
0.005555
0.000429
0.000000
0.000000
0.000000
0.000865
0.002929
0.005212
0.007030
0.005999
0.000637
0.000000
0.000000
0.000000
0.001751
0.005826
0.008422
0.009635
0.007638
0.001330
0.000000
0.000000
0.000000
0.001968
0.001647
0.004095
0.006261
0.005555
0.000429
0.000000
0.000000
0.000000
0.031516
0.029051
0.005022
0.005342
0.002047
0.000175
0.000000
0.000000
0.000000
0.001751
0.005826
0.008422
0.009635
0.007638
0.001330
0.000000
0.000000
0.000000
0.024730
0.083583
0.026231
0.018870
0.003572
0.000409
0.000000
0.000000
0.000000
0.031516
0.029051
0.005022
0.005342
0.002047
0.000175
0.000000
0.000000
0.000000
0.020541
0.050496
0.013582
0.004419
0.003323
0.000179
0.000000
0.000000
0.000000
0.024730
0.083583
0.026231
0.018870
0.003572
0.000409
0.000000
0.000000
0.000000
0.001290
0.003325
0.004779
0.023987
0.075643
0.001619
0.000000
0.000000
0.000000
0.020541
0.050496
0.013582
0.004419
0.003323
0.000179
0.000000
0.000000
0.000000
0.002857
0.003797
0.009069
0.008713
0.011872
0.002516
0.000000
0.000000
0.000000
0.001290
0.003325
0.004779
0.023987
0.075643
0.001619
0.000000
0.000000
0.000000
0.008583
0.022345
0.035728
0.049051
0.024332
0.000413
0.000000
0.000000
0.000000
0.002857
0.003797
0.009069
0.008713
0.011872
0.002516
0.000000
0.000000
0.000000
0.014591
0.012110
0.008704
0.005101
0.007453
0.001485
0.000000
0.000000
0.000000
0.008583
0.022345
0.035728
0.049051
0.024332
0.000413
0.000000
0.000000
0.000000
0.022747
0.042399
0.031356
0.019195
0.002467
0.000283
0.000000
0.000000
0.000000
0.014591
0.012110
0.008704
0.005101
0.007453
0.001485
0.000000
0.000000
0.000000
0.063956
0.039916
0.002701
0.001519
0.000768
0.000029
0.000000
0.000000
0.000000
0.022747
0.042399
0.031356
0.019195
0.002467
0.000283
0.000000
0.000000
0.000000
0.002188
0.003433
0.005113
0.007429
0.004269
0.000412
0.000000
0.000000
0.000000
0.063956
0.039916
0.002701
0.001519
0.000768
0.000029
0.000000
0.000000
0.000000
0.001728
0.002536
0.004167
0.010875
0.012509
0.001204
0.000000
0.000000
0.000000
0.002188
0.003433
0.005113
0.007429
0.004269
0.000412
0.000000
0.000000
0.000000
0.000992
0.001654
0.004293
0.008596
0.008469
0.000941
0.000000
0.000000
0.000000
0.001728
0.002536
0.004167
0.010875
0.012509
0.001204
0.000000
0.000000
0.000000
0.003925
0.003610
0.004556
0.010532
0.005935
0.000709
0.000000
0.000000
0.000000
0.000992
0.001654
0.004293
0.008596
0.008469
0.000941
0.000000
0.000000
0.000000
0.002153
0.004362
0.005837
0.005035
0.005097
0.000953
0.000000
0.000000
0.000000
0.003925
0.003610
0.004556
0.010532
0.005935
0.000709
0.000000
0.000000
0.000000
0.003363
0.004824
0.004356
0.009454
0.013868
0.002514
0.000000
0.000000
0.000000
0.002153
0.004362
0.005837
0.005035
0.005097
0.000953
0.000000
0.000000
0.000000
0.000650
0.002362
0.003538
0.007098
0.006163
0.001009
0.000000
0.000000
0.000000
0.003363
0.004824
0.004356
0.009454
0.013868
0.002514
0.000000
0.000000
0.000000
0.002101
0.001548
0.003937
0.008375
0.006243
0.000615
0.000000
0.000000
0.000000
0.001155
0.002564
0.003938
0.006919
0.007666
0.000479
0.000000
0.000000
0.000000
0.001000
0.003252
0.007760
0.006285
0.005394
0.001079
0.000000
0.000000
0.000000
0.001374
0.002154
0.002675
0.010747
0.027841
0.004973
0.000000
0.000000
0.000000
0.005116
0.002456
0.005768
0.014219
0.029195
0.003161
0.000000
0.000000
0.000000
0.001000
0.003252
0.007760
0.006285
0.005394
0.001079
0.000000
0.000000
0.000000
0.001968
0.001647
0.004095
0.006261
0.005555
0.000429
0.000000
0.000000
0.000000
0.005116
0.002456
0.005768
0.014219
0.029195
0.003161
0.000000
0.000000
0.000000
0.000870
0.005546
0.008707
0.014242
0.014471
0.002200
0.000000
0.000000
0.000000
0.001968
0.001647
0.004095
0.006261
0.005555
0.000429
0.000000
0.000000
0.000000
0.031516
0.029051
0.005022
0.005342
0.002047
0.000175
0.000000
0.000000
0.000000
0.000870
0.005546
0.008707
0.014242
0.014471
0.002200
0.000000
0.000000
0.000000
0.013593
0.019879
0.021208
0.021095
0.010477
0.000706
0.000000
0.000000
0.000000
0.031516
0.029051
0.005022
0.005342
0.002047
0.000175
0.000000
0.000000
0.000000
0.020541
0.050496
0.013582
0.004419
0.003323
0.000179
0.000000
0.000000
0.000000
0.013593
0.019879
0.021208
0.021095
0.010477
0.000706
0.000000
0.000000
0.000000
0.005328
0.029348
0.012995
0.009283
0.013146
0.000954
0.000000
0.000000
0.000000
0.020541
0.050496
0.013582
0.004419
0.003323
0.000179
0.000000
0.000000
0.000000
0.002857
0.003797
0.009069
0.008713
0.011872
0.002516
0.000000
0.000000
0.000000
0.005328
0.029348
0.012995
0.009283
0.013146
0.000954
0.000000
0.000000
0.000000
0.002830
0.005362
0.003375
0.010896
0.010332
0.001064
0.000000
0.000000
0.000000
0.002857
0.003797
0.009069
0.008713
0.011872
0.002516
0.000000
0.000000
0.000000
0.014591
0.012110
0.008704
0.005101
0.007453
0.001485
0.000000
0.000000
0.000000
0.002830
0.005362
0.003375
0.010896
0.010332
0.001064
0.000000
0.000000
0.000000
0.001835
0.002172
0.005493
0.012312
0.009729
0.000838
0.000000
0.000000
0.000000
0.014591
0.012110
0.008704
0.005101
0.007453
0.001485
0.000000
0.000000
0.000000
0.063956
0.039916
0.002701
0.001519
0.000768
0.000029
0.000000
0.000000
0.000000
0.001835
0.002172
0.005493
0.012312
0.009729
0.000838
0.000000
0.000000
0.000000
0.027529
0.030828
0.017824
0.026351
0.017147
0.000597
0.000000
0.000000
0.000000
0.063956
0.039916
0.002701
0.001519
0.000768
0.000029
0.000000
0.000000
0.000000
0.001728
0.002536
0.004167
0.010875
0.012509
0.001204
0.000000
0.000000
0.000000
0.027529
0.030828
0.017824
0.026351
0.017147
0.000597
0.000000
0.000000
0.000000
0.000644
0.003086
0.004662
0.010269
0.009135
0.001247
0.000000
0.000000
0.000000
0.001728
0.002536
0.004167
0.010875
0.012509
0.001204
0.000000
0.000000
0.000000
0.003925
0.003610
0.004556
0.010532
0.005935
0.000709
0.000000
0.000000
0.000000
0.000644
0.003086
0.004662
0.010269
0.009135
0.001247
0.000000
0.000000
0.000000
0.002228
0.003774
0.005877
0.006788
0.006734
0.000506
0.000000
0.000000
0.000000
0.003925
0.003610
0.004556
0.010532
0.005935
0.000709
0.000000
0.000000
0.000000
0.003363
0.004824
0.004356
0.009454
0.013868
0.002514
0.000000
0.000000
0.000000
0.002228
0.003774
0.005877
0.006788
0.006734
0.000506
0.000000
0.000000
0.000000
0.001398
0.004948
0.003705
0.009034
0.010169
0.000975
0.000000
0.000000
0.000000
0.003363
0.004824
0.004356
0.009454
0.013868
0.002514
0.000000
0.000000
0.000000
0.002101
0.001548
0.003937
0.008375
0.006243
0.000615
0.000000
0.000000
0.000000
0.001398
0.004948
0.003705
0.009034
0.010169
0.000975
0.000000
0.000000
0.000000
0.001276
0.004091
0.003722
0.003934
0.009315
0.001371
0.000000
0.000000
0.000000
0.001374
0.002154
0.002675
0.010747
0.027841
0.004973
0.000000
0.000000
0.000000
0.005116
0.002456
0.005768
0.014219
0.029195
0.003161
0.000000
0.000000
0.000000
0.001579
0.001245
0.004250
0.008258
0.033423
0.006641
0.000000
0.000000
0.000000
0.000293
0.001006
0.001085
0.016219
0.033287
0.006321
0.000000
0.000000
0.000000
0.005116
0.002456
0.005768
0.014219
0.029195
0.003161
0.000000
0.000000
0.000000
0.000870
0.005546
0.008707
0.014242
0.014471
0.002200
0.000000
0.000000
0.000000
0.000293
0.001006
0.001085
0.016219
0.033287
0.006321
0.000000
0.000000
0.000000
0.001468
0.001899
0.004076
0.020482
0.048381
0.007935
0.000000
0.000000
0.000000
0.000870
0.005546
0.008707
0.014242
0.014471
0.002200
0.000000
0.000000
0.000000
0.013593
0.019879
0.021208
0.021095
0.010477
0.000706
0.000000
0.000000
0.000000
0.001468
0.001899
0.004076
0.020482
0.048381
0.007935
0.000000
0.000000
0.000000
0.001931
0.001678
0.007272
0.019668
0.040783
0.005920
0.000000
0.000000
0.000000
0.013593
0.019879
0.021208
0.021095
0.010477
0.000706
0.000000
0.000000
0.000000
0.005328
0.029348
0.012995
0.009283
0.013146
0.000954
0.000000
0.000000
0.000000
0.001931
0.001678
0.007272
0.019668
0.040783
0.005920
0.000000
0.000000
0.000000
0.005673
0.008687
0.012160
0.015471
0.032780
0.008705
0.000000
0.000000
0.000000
0.005328
0.029348
0.012995
0.009283
0.013146
0.000954
0.000000
0.000000
0.000000
0.002830
0.005362
0.003375
0.010896
0.010332
0.001064
0.000000
0.000000
0.000000
0.005673
0.008687
0.012160
0.015471
0.032780
0.008705
0.000000
0.000000
0.000000
0.004043
0.006143
0.006287
0.013668
0.020438
0.002618
0.000000
0.000000
0.000000
0.002830
0.005362
0.003375
0.010896
0.010332
0.001064
0.000000
0.000000
0.000000
0.001835
0.002172
0.005493
0.012312
0.009729
0.000838
0.000000
0.000000
0.000000
0.004043
0.006143
0.006287
0.013668
0.020438
0.002618
0.000000
0.000000
0.000000
0.002963
0.008640
0.013743
0.015273
0.010772
0.001115
0.000000
0.000000
0.000000
0.001835
0.002172
0.005493
0.012312
0.009729
0.000838
0.000000
0.000000
0.000000
0.027529
0.030828
0.017824
0.026351
0.017147
0.000597
0.000000
0.000000
0.000000
0.002963
0.008640
0.013743
0.015273
0.010772
0.001115
0.000000
0.000000
0.000000
0.010968
0.019463
0.016935
0.022382
0.017879
0.001133
0.000000
0.000000
0.000000
0.027529
0.030828
0.017824
0.026351
0.017147
0.000597
0.000000
0.000000
0.000000
0.000644
0.003086
0.004662
0.010269
0.009135
0.001247
0.000000
0.000000
0.000000
0.010968
0.019463
0.016935
0.022382
0.017879
0.001133
0.000000
0.000000
0.000000
0.001840
0.002920
0.013742
0.036465
0.023213
0.003049
0.000000
0.000000
0.000000
0.000644
0.003086
0.004662
0.010269
0.009135
0.001247
0.000000
0.000000
0.000000
0.002228
0.003774
0.005877
0.006788
0.006734
0.000506
0.000000
0.000000
0.000000
0.001840
0.002920
0.013742
0.036465
0.023213
0.003049
0.000000
0.000000
0.000000
0.001591
0.003150
0.003277
0.011065
0.029172
0.005361
0.000000
0.000000
0.000000
0.002228
0.003774
0.005877
0.006788
0.006734
0.000506
0.000000
0.000000
0.000000
0.001398
0.004948
0.003705
0.009034
0.010169
0.000975
0.000000
0.000000
0.000000
0.001591
0.003150
0.003277
0.011065
0.029172
0.005361
0.000000
0.000000
0.000000
0.001214
0.002251
0.007424
0.012782
0.026542
0.004664
0.000000
0.000000
0.000000
0.001398
0.004948
0.003705
0.009034
0.010169
0.000975
0.000000
0.000000
0.000000
0.001276
0.004091
0.003722
0.003934
0.009315
0.001371
0.000000
0.000000
0.000000
0.001214
0.002251
0.007424
0.012782
0.026542
0.004664
0.000000
0.000000
0.000000
0.003134
0.004099
0.006720
0.011182
0.015385
0.000724
0.000000
0.000000
0.000000
0.001579
0.001245
0.004250
0.008258
0.033423
0.006641
0.000000
0.000000
0.000000
0.000293
0.001006
0.001085
0.016219
0.033287
0.006321
0.000000
0.000000
0.000000
0.001817
0.002921
0.003178
0.008008
0.020809
0.002189
0.000000
0.000000
0.000000
0.002412
0.006049
0.008703
0.009307
0.010614
0.001270
0.000000
0.000000
0.000000
0.000293
0.001006
0.001085
0.016219
0.033287
0.006321
0.000000
0.000000
0.000000
0.001468
0.001899
0.004076
0.020482
0.048381
0.007935
0.000000
0.000000
0.000000
0.002412
0.006049
0.008703
0.009307
0.010614
0.001270
0.000000
0.000000
0.000000
0.004054
0.005265
0.010712
0.010866
0.007427
0.000624
0.000000
0.000000
0.000000
0.001468
0.001899
0.004076
0.020482
0.048381
0.007935
0.000000
0.000000
0.000000
0.001931
0.001678
0.007272
0.019668
0.040783
0.005920
0.000000
0.000000
0.000000
0.004054
0.005265
0.010712
0.010866
0.007427
0.000624
0.000000
0.000000
0.000000
0.001605
0.005200
0.011530
0.015503
0.013900
0.002497
0.000000
0.000000
0.000000
0.001931
0.001678
0.007272
0.019668
0.040783
0.005920
0.000000
0.000000
0.000000
0.005673
0.008687
0.012160
0.015471
0.032780
0.008705
0.000000
0.000000
0.000000
0.001605
0.005200
0.011530
0.015503
0.013900
0.002497
0.000000
0.000000
0.000000
0.001845
0.006812
0.009428
0.011390
0.012827
0.001263
0.000000
0.000000
0.000000
0.005673
0.008687
0.012160
0.015471
0.032780
0.008705
0.000000
0.000000
0.000000
0.004043
0.006143
0.006287
0.013668
0.020438
0.002618
0.000000
0.000000
0.000000
0.001845
0.006812
0.009428
0.011390
0.012827
0.001263
0.000000
0.000000
0.000000
0.001245
0.004174
0.004895
0.017694
0.020528
0.002810
0.000000
0.000000
0.000000
0.004043
0.006143
0.006287
0.013668
0.020438
0.002618
0.000000
0.000000
0.000000
0.002963
0.008640
0.013743
0.015273
0.010772
0.001115
0.000000
0.000000
0.000000
0.001245
0.004174
0.004895
0.017694
0.020528
0.002810
0.000000
0.000000
0.000000
0.002020
0.003182
0.004957
0.009015
0.014145
0.001282
0.000000
0.000000
0.000000
0.002963
0.008640
0.013743
0.015273
0.010772
0.001115
0.000000
0.000000
0.000000
0.010968
0.019463
0.016935
0.022382
0.017879
0.001133
0.000000
0.000000
0.000000
0.002020
0.003182
0.004957
0.009015
0.014145
0.001282
0.000000
0.000000
0.000000
0.001686
0.004394
0.008372
0.008654
0.020237
0.002545
0.000000
0.000000
0.000000
0.010968
0.019463
0.016935
0.022382
0.017879
0.001133
0.000000
0.000000
0.000000
0.001840
0.002920
0.013742
0.036465
0.023213
0.003049
0.000000
0.000000
0.000000
0.001686
0.004394
0.008372
0.008654
0.020237
0.002545
0.000000
0.000000
0.000000
0.001032
0.002654
0.009799
0.013410
0.034657
0.005452
0.000000
0.000000
0.000000
0.001840
0.002920
0.013742
0.036465
0.023213
0.003049
0.000000
0.000000
0.000000
0.001591
0.003150
0.003277
0.011065
0.029172
0.005361
0.000000
0.000000
0.000000
0.001032
0.002654
0.009799
0.013410
0.034657
0.005452
0.000000
0.000000
0.000000
0.001038
0.004975
0.001891
0.008651
0.036188
0.006258
0.000000
0.000000
0.000000
0.001591
0.003150
0.003277
0.011065
0.029172
0.005361
0.000000
0.000000
0.000000
0.001214
0.002251
0.007424
0.012782
0.026542
0.004664
0.000000
0.000000
0.000000
0.001038
0.004975
0.001891
0.008651
0.036188
0.006258
0.000000
0.000000
0.000000
0.003036
0.002099
0.009103
0.017693
0.037154
0.005153
0.000000
0.000000
0.000000
0.001214
0.002251
0.007424
0.012782
0.026542
0.004664
0.000000
0.000000
0.000000
0.003134
0.004099
0.006720
0.011182
0.015385
0.000724
0.000000
0.000000
0.000000
0.003036
0.002099
0.009103
0.017693
0.037154
0.005153
0.000000
0.000000
0.000000
0.000436
0.006635
0.015065
0.025481
0.029353
0.001691
0.000000
0.000000
0.000000
0.001817
0.002921
0.003178
0.008008
0.020809
0.002189
0.000000
0.000000
0.000000
0.002412
0.006049
0.008703
0.009307
0.010614
0.001270
0.000000
0.000000
0.000000
0.001267
0.001980
0.006161
0.015104
0.024197
0.003376
0.000000
0.000000
0.000000
0.001052
0.003557
0.004454
0.023352
0.028859
0.003186
0.000000
0.000000
0.000000
0.002412
0.006049
0.008703
0.009307
0.010614
0.001270
0.000000
0.000000
0.000000
0.004054
0.005265
0.010712
0.010866
0.007427
0.000624
0.000000
0.000000
0.000000
0.001052
0.003557
0.004454
0.023352
0.028859
0.003186
0.000000
0.000000
0.000000
0.002159
0.004985
0.010144
0.018613
0.018134
0.001507
0.000000
0.000000
0.000000
0.004054
0.005265
0.010712
0.010866
0.007427
0.000624
0.000000
0.000000
0.000000
0.001605
0.005200
0.011530
0.015503
0.013900
0.002497
0.000000
0.000000
0.000000
0.002159
0.004985
0.010144
0.018613
0.018134
0.001507
0.000000
0.000000
0.000000
0.002302
0.004896
0.009698
0.013755
0.007778
0.000075
0.000000
0.000000
0.000000
0.001605
0.005200
0.011530
0.015503
0.013900
0.002497
0.000000
0.000000
0.000000
0.001845
0.006812
0.009428
0.011390
0.012827
0.001263
0.000000
0.000000
0.000000
0.002302
0.004896
0.009698
0.013755
0.007778
0.000075
0.000000
0.000000
0.000000
0.001797
0.005830
0.009212
0.008641
0.008600
0.000743
0.000000
0.000000
0.000000
0.001845
0.006812
0.009428
0.011390
0.012827
0.001263
0.000000
0.000000
0.000000
0.001245
0.004174
0.004895
0.017694
0.020528
0.002810
0.000000
0.000000
0.000000
0.001797
0.005830
0.009212
0.008641
0.008600
0.000743
0.000000
0.000000
0.000000
0.001353
0.004091
0.006928
0.012077
0.013389
0.002072
0.000000
0.000000
0.000000
0.001245
0.004174
0.004895
0.017694
0.020528
0.002810
0.000000
0.000000
0.000000
0.002020
0.003182
0.004957
0.009015
0.014145
0.001282
0.000000
0.000000
0.000000
0.001353
0.004091
0.006928
0.012077
0.013389
0.002072
0.000000
0.000000
0.000000
0.003750
0.005595
0.004442
0.013846
0.018090
0.003029
0.000000
0.000000
0.000000
0.002020
0.003182
0.004957
0.009015
0.014145
0.001282
0.000000
0.000000
0.000000
0.001686
0.004394
0.008372
0.008654
0.020237
0.002545
0.000000
0.000000
0.000000
0.003750
0.005595
0.004442
0.013846
0.018090
0.003029
0.000000
0.000000
0.000000
0.000334
0.004192
0.006556
0.018053
0.027189
0.004061
0.000000
0.000000
0.000000
0.001686
0.004394
0.008372
0.008654
0.020237
0.002545
0.000000
0.000000
0.000000
0.001032
0.002654
0.009799
0.013410
0.034657
0.005452
0.000000
0.000000
0.000000
0.000334
0.004192
0.006556
0.018053
0.027189
0.004061
0.000000
0.000000
0.000000
0.001218
0.004366
0.004903
0.009900
0.015101
0.001261
0.000000
0.000000
0.000000
0.001032
0.002654
0.009799
0.013410
0.034657
0.005452
0.000000
0.000000
0.000000
0.001038
0.004975
0.001891
0.008651
0.036188
0.006258
0.000000
0.000000
0.000000
0.001218
0.004366
0.004903
0.009900
0.015101
0.001261
0.000000
0.000000
0.000000
0.002354
0.006861
0.009430
0.020672
0.024050
0.002502
0.000000
0.000000
0.000000
0.001038
0.004975
0.001891
0.008651
0.036188
0.006258
0.000000
0.000000
0.000000
0.003036
0.002099
0.009103
0.017693
0.037154
0.005153
0.000000
0.000000
0.000000
0.002354
0.006861
0.009430
0.020672
0.024050
0.002502
0.000000
0.000000
0.000000
0.002261
0.003343
0.010644
0.017112
0.016177
0.002722
0.000000
0.000000
0.000000
0.003036
0.002099
0.009103
0.017693
0.037154
0.005153
0.000000
0.000000
0.000000
0.000436
0.006635
0.015065
0.025481
0.029353
0.001691
0.000000
0.000000
0.000000
0.002261
0.003343
0.010644
0.017112
0.016177
0.002722
0.000000
0.000000
0.000000
0.002129
0.005027
0.010419
0.008690
0.015106
0.003924
0.000000
0.000000
0.000000
0.001267
0.001980
0.006161
0.015104
0.024197
0.003376
0.000000
0.000000
0.000000
0.001052
0.003557
0.004454
0.023352
0.028859
0.003186
0.000000
0.000000
0.000000
0.000088
0.006258
0.011159
0.013059
0.024220
0.005749
0.000000
0.000000
0.000000
0.006436
0.008904
0.012370
0.024070
0.030510
0.004668
0.000000
0.000000
0.000000
0.001052
0.003557
0.004454
0.023352
0.028859
0.003186
0.000000
0.000000
0.000000
0.002159
0.004985
0.010144
0.018613
0.018134
0.001507
0.000000
0.000000
0.000000
0.006436
0.008904
0.012370
0.024070
0.030510
0.004668
0.000000
0.000000
0.000000
0.001028
0.001469
0.004880
0.018756
0.027967
0.004086
0.000000
0.000000
0.000000
0.002159
0.004985
0.010144
0.018613
0.018134
0.001507
0.000000
0.000000
0.000000
0.002302
0.004896
0.009698
0.013755
0.007778
0.000075
0.000000
0.000000
0.000000
0.001028
0.001469
0.004880
0.018756
0.027967
0.004086
0.000000
0.000000
0.000000
0.000846
0.002671
0.006454
0.025805
0.029472
0.004324
0.000000
0.000000
0.000000
0.002302
0.004896
0.009698
0.013755
0.007778
0.000075
0.000000
0.000000
0.000000
0.001797
0.005830
0.009212
0.008641
0.008600
0.000743
0.000000
0.000000
0.000000
0.000846
0.002671
0.006454
0.025805
0.029472
0.004324
0.000000
0.000000
0.000000
0.002856
0.005854
0.006900
0.013025
0.015558
0.001942
0.000000
0.000000
0.000000
0.001797
0.005830
0.009212
0.008641
0.008600
0.000743
0.000000
0.000000
0.000000
0.001353
0.004091
0.006928
0.012077
0.013389
0.002072
0.000000
0.000000
0.000000
0.002856
0.005854
0.006900
0.013025
0.015558
0.001942
0.000000
0.000000
0.000000
0.001392
0.007613
0.015981
0.017197
0.013781
0.000840
0.000000
0.000000
0.000000
0.001353
0.004091
0.006928
0.012077
0.013389
0.002072
0.000000
0.000000
0.000000
0.003750
0.005595
0.004442
0.013846
0.018090
0.003029
0.000000
0.000000
0.000000
0.001392
0.007613
0.015981
0.017197
0.013781
0.000840
0.000000
0.000000
0.000000
0.001024
0.006178
0.010800
0.008616
0.004977
0.000413
0.000000
0.000000
0.000000
0.003750
0.005595
0.004442
0.013846
0.018090
0.003029
0.000000
0.000000
0.000000
0.000334
0.004192
0.006556
0.018053
0.027189
0.004061
0.000000
0.000000
0.000000
0.001024
0.006178
0.010800
0.008616
0.004977
0.000413
0.000000
0.000000
0.000000
0.003585
0.007149
0.006485
0.011264
0.013051
0.001439
0.000000
0.000000
0.000000
0.000334
0.004192
0.006556
0.018053
0.027189
0.004061
0.000000
0.000000
0.000000
0.001218
0.004366
0.004903
0.009900
0.015101
0.001261
0.000000
0.000000
0.000000
0.003585
0.007149
0.006485
0.011264
0.013051
0.001439
0.000000
0.000000
0.000000
0.001681
0.004734
0.009040
0.008993
0.009379
0.001021
0.000000
0.000000
0.000000
0.001218
0.004366
0.004903
0.009900
0.015101
0.001261
0.000000
0.000000
0.000000
0.002354
0.006861
0.009430
0.020672
0.024050
0.002502
0.000000
0.000000
0.000000
0.001681
0.004734
0.009040
0.008993
0.009379
0.001021
0.000000
0.000000
0.000000
0.002044
0.001951
0.004514
0.013024
0.013932
0.001777
0.000000
0.000000
0.000000
0.002354
0.006861
0.009430
0.020672
0.024050
0.002502
0.000000
0.000000
0.000000
0.002261
0.003343
0.010644
0.017112
0.016177
0.002722
0.000000
0.000000
0.000000
0.002044
0.001951
0.004514
0.013024
0.013932
0.001777
0.000000
0.000000
0.000000
0.002687
0.005056
0.007224
0.007125
0.016092
0.002418
0.000000
0.000000
0.000000
0.002261
0.003343
0.010644
0.017112
0.016177
0.002722
0.000000
0.000000
0.000000
0.002129
0.005027
0.010419
0.008690
0.015106
0.003924
0.000000
0.000000
0.000000
0.002687
0.005056
0.007224
0.007125
0.016092
0.002418
0.000000
0.000000
0.000000
0.001083
0.002874
0.004636
0.009382
0.011403
0.001297
0.000000
0.000000
0.000000
0.000088
0.006258
0.011159
0.013059
0.024220
0.005749
0.000000
0.000000
0.000000
0.006436
0.008904
0.012370
0.024070
0.030510
0.004668
0.000000
0.000000
0.000000
0.004111
0.008165
0.010782
0.010398
0.006921
0.001312
0.000000
0.000000
0.000000
0.001833
0.008036
0.014304
0.010013
0.003724
0.000098
0.000000
0.000000
0.000000
0.006436
0.008904
0.012370
0.024070
0.030510
0.004668
0.000000
0.000000
0.000000
0.001028
0.001469
0.004880
0.018756
0.027967
0.004086
0.000000
0.000000
0.000000
0.001833
0.008036
0.014304
0.010013
0.003724
0.000098
0.000000
0.000000
0.000000
0.000928
0.002778
0.005118
0.008775
0.006238
0.000416
0.000000
0.000000
0.000000
0.001028
0.001469
0.004880
0.018756
0.027967
0.004086
0.000000
0.000000
0.000000
0.000846
0.002671
0.006454
0.025805
0.029472
0.004324
0.000000
0.000000
0.000000
0.000928
0.002778
0.005118
0.008775
0.006238
0.000416
0.000000
0.000000
0.000000
0.003152
0.005075
0.007308
0.005601
0.004365
0.000455
0.000000
0.000000
0.000000
0.000846
0.002671
0.006454
0.025805
0.029472
0.004324
0.000000
0.000000
0.000000
0.002856
0.005854
0.006900
0.013025
0.015558
0.001942
0.000000
0.000000
0.000000
0.003152
0.005075
0.007308
0.005601
0.004365
0.000455
0.000000
0.000000
0.000000
0.002366
0.002725
0.007017
0.013045
0.014335
0.002226
0.000000
0.000000
0.000000
0.002856
0.005854
0.006900
0.013025
0.015558
0.001942
0.000000
0.000000
0.000000
0.001392
0.007613
0.015981
0.017197
0.013781
0.000840
0.000000
0.000000
0.000000
0.002366
0.002725
0.007017
0.013045
0.014335
0.002226
0.000000
0.000000
0.000000
0.002897
0.005166
0.010047
0.010227
0.010873
0.001293
0.000000
0.000000
0.000000
0.001392
0.007613
0.015981
0.017197
0.013781
0.000840
0.000000
0.000000
0.000000
0.001024
0.006178
0.010800
0.008616
0.004977
0.000413
0.000000
0.000000
0.000000
0.002897
0.005166
0.010047
0.010227
0.010873
0.001293
0.000000
0.000000
0.000000
0.001481
0.007514
0.009332
0.009302
0.006397
0.000699
0.000000
0.000000
0.000000
0.001024
0.006178
0.010800
0.008616
0.004977
0.000413
0.000000
0.000000
0.000000
0.003585
0.007149
0.006485
0.011264
0.013051
0.001439
0.000000
0.000000
0.000000
0.001481
0.007514
0.009332
0.009302
0.006397
0.000699
0.000000
0.000000
0.000000
0.001487
0.003022
0.004678
0.007711
0.009670
0.001783
0.000000
0.000000
0.000000
0.003585
0.007149
0.006485
0.011264
0.013051
0.001439
0.000000
0.000000
0.000000
0.001681
0.004734
0.009040
0.008993
0.009379
0.001021
0.000000
0.000000
0.000000
0.001487
0.003022
0.004678
0.007711
0.009670
0.001783
0.000000
0.000000
0.000000
0.002901
0.008120
0.006983
0.009770
0.005214
0.000377
0.000000
0.000000
0.000000
0.001681
0.004734
0.009040
0.008993
0.009379
0.001021
0.000000
0.000000
0.000000
0.002044
0.001951
0.004514
0.013024
0.013932
0.001777
0.000000
0.000000
0.000000
0.002901
0.008120
0.006983
0.009770
0.005214
0.000377
0.000000
0.000000
0.000000
0.003894
0.005660
0.004708
0.005647
0.003520
0.000059
0.000000
0.000000
0.000000
0.002044
0.001951
0.004514
0.013024
0.013932
0.001777
0.000000
0.000000
0.000000
0.002687
0.005056
0.007224
0.007125
0.016092
0.002418
0.000000
0.000000
0.000000
0.003894
0.005660
0.004708
0.005647
0.003520
0.000059
0.000000
0.000000
0.000000
0.002409
0.002228
0.005840
0.008731
0.006803
0.001303
0.000000
0.000000
0.000000
0.002687
0.005056
0.007224
0.007125
0.016092
0.002418
0.000000
0.000000
0.000000
0.001083
0.002874
0.004636
0.009382
0.011403
0.001297
0.000000
0.000000
0.000000
0.002409
0.002228
0.005840
0.008731
0.006803
0.001303
0.000000
0.000000
0.000000
0.001722
0.005911
0.005067
0.008697
0.006822
0.000998
0.000000
0.000000
0.000000
