0.051667
0.006690
0.001484
0.003534
0.001200
0.000038
0.000000
0.000000
0.000000
0.021534
0.019418
0.008421
0.012883
0.007237
0.000248
0.000000
0.000000
0.000000
0.040436
0.023518
0.006452
0.002444
0.004294
0.000852
0.000000
0.000000
0.000000
0.013545
0.012012
0.001671
0.001279
0.001206
0.000086
0.000000
0.000000
0.000000
0.021534
0.019418
0.008421
0.012883
0.007237
0.000248
0.000000
0.000000
0.000000
0.044126
0.021020
0.013640
0.014793
0.014973
0.001318
0.000000
0.000000
0.000000
0.013545
0.012012
0.001671
0.001279
0.001206
0.000086
0.000000
0.000000
0.000000
0.020180
0.011348
0.003988
0.002691
0.000989
0.000028
0.000000
0.000000
0.000000
0.044126
0.021020
0.013640
0.014793
0.014973
0.001318
0.000000
0.000000
0.000000
0.011695
0.007461
0.000933
0.000346
0.000275
0.000100
0.000000
0.000000
0.000000
0.020180
0.011348
0.003988
0.002691
0.000989
0.000028
0.000000
0.000000
0.000000
0.008259
0.011196
0.004906
0.001400
0.000270
0.000000
0.000000
0.000000
0.000000
0.011695
0.007461
0.000933
0.000346
0.000275
0.000100
0.000000
0.000000
0.000000
0.013735
0.006971
0.000385
0.000031
0.000025
0.000000
0.000000
0.000000
0.000000
0.008259
0.011196
0.004906
0.001400
0.000270
0.000000
0.000000
0.000000
0.000000
0.020690
0.016849
0.007295
0.001291
0.001384
0.000028
0.000000
0.000000
0.000000
0.013735
0.006971
0.000385
0.000031
0.000025
0.000000
0.000000
0.000000
0.000000
0.006506
0.003863
0.002628
0.001931
0.002962
0.000091
0.000000
0.000000
0.000000
0.020690
0.016849
0.007295
0.001291
0.001384
0.000028
0.000000
0.000000
0.000000
0.019625
0.024242
0.015392
0.010903
0.002578
0.000260
0.000000
0.000000
0.000000
0.006506
0.003863
0.002628
0.001931
0.002962
0.000091
0.000000
0.000000
0.000000
0.014223
0.017794
0.003362
0.000424
0.000066
0.000000
0.000000
0.000000
0.000000
0.019625
0.024242
0.015392
0.010903
0.002578
0.000260
0.000000
0.000000
0.000000
0.032955
0.012631
0.002744
0.000187
0.000000
0.000000
0.000000
0.000000
0.000000
0.014223
0.017794
0.003362
0.000424
0.000066
0.000000
0.000000
0.000000
0.000000
0.054118
0.013913
0.001383
0.000442
0.000582
0.000000
0.000000
0.000000
0.000000
0.032955
0.012631
0.002744
0.000187
0.000000
0.000000
0.000000
0.000000
0.000000
0.069771
0.017980
0.002851
0.000363
0.000132
0.000075
0.000000
0.000000
0.000000
0.054118
0.013913
0.001383
0.000442
0.000582
0.000000
0.000000
0.000000
0.000000
0.043821
0.020646
0.009450
0.004342
0.001640
0.000058
0.000000
0.000000
0.000000
0.069771
0.017980
0.002851
0.000363
0.000132
0.000075
0.000000
0.000000
0.000000
0.078562
0.010256
0.000110
0.000000
0.000000
0.000000
0.000000
0.000000
0.000000
0.043821
0.020646
0.009450
0.004342
0.001640
0.000058
0.000000
0.000000
0.000000
0.023684
0.017476
0.005233
0.001714
0.001239
0.000000
0.000000
0.000000
0.000000
0.078562
0.010256
0.000110
0.000000
0.000000
0.000000
0.000000
0.000000
0.000000
0.034417
0.011553
0.000505
0.000194
0.000000
0.000000
0.000000
0.000000
0.000000
0.023684
0.017476
0.005233
0.001714
0.001239
0.000000
0.000000
0.000000
0.000000
0.017259
0.011101
0.005427
0.003647
0.001820
0.000554
0.000000
0.000000
0.000000
0.034417
0.011553
0.000505
0.000194
0.000000
0.000000
0.000000
0.000000
0.000000
0.017757
0.007999
0.000230
0.000504
0.000538
0.000000
0.000000
0.000000
0.000000
0.017259
0.011101
0.005427
0.003647
0.001820
0.000554
0.000000
0.000000
0.000000
0.022855
0.022907
0.009233
0.004099
0.003446
0.000000
0.000000
0.000000
0.000000
0.017757
0.007999
0.000230
0.000504
0.000538
0.000000
0.000000
0.000000
0.000000
0.009598
0.006324
0.001953
0.001184
0.000222
0.000059
0.000000
0.000000
0.000000
0.040436
0.023518
0.006452
0.002444
0.004294
0.000852
0.000000
0.000000
0.000000
0.013545
0.012012
0.001671
0.001279
0.001206
0.000086
0.000000
0.000000
0.000000
0.013809
0.023960
0.015784
0.007335
0.004797
0.001342
0.000000
0.000000
0.000000
0.008056
0.016992
0.007098
0.001029
0.000730
0.000023
0.000000
0.000000
0.000000
0.013545
0.012012
0.001671
0.001279
0.001206
0.000086
0.000000
0.000000
0.000000
0.020180
0.011348
0.003988
0.002691
0.000989
0.000028
0.000000
0.000000
0.000000
0.008056
0.016992
0.007098
0.001029
0.000730
0.000023
0.000000
0.000000
0.000000
0.006638
0.014113
0.010602
0.010828
0.006411
0.000680
0.000000
0.000000
0.000000
0.020180
0.011348
0.003988
0.002691
0.000989
0.000028
0.000000
0.000000
0.000000
0.008259
0.011196
0.004906
0.001400
0.000270
0.000000
0.000000
0.000000
0.000000
0.006638
0.014113
0.010602
0.010828
0.006411
0.000680
0.000000
0.000000
0.000000
0.008123
0.007744
0.005830
0.005975
0.001790
0.000188
0.000000
0.000000
0.000000
0.008259
0.011196
0.004906
0.001400
0.000270
0.000000
0.000000
0.000000
0.000000
0.020690
0.016849
0.007295
0.001291
0.001384
0.000028
0.000000
0.000000
0.000000
0.008123
0.007744
0.005830
0.005975
0.001790
0.000188
0.000000
0.000000
0.000000
0.051928
0.030220
0.003341
0.001092
0.000086
0.000000
0.000000
0.000000
0.000000
0.020690
0.016849
0.007295
0.001291
0.001384
0.000028
0.000000
0.000000
0.000000
0.019625
0.024242
0.015392
0.010903
0.002578
0.000260
0.000000
0.000000
0.000000
0.051928
0.030220
0.003341
0.001092
0.000086
0.000000
0.000000
0.000000
0.000000
0.034097
0.041387
0.015487
0.005795
0.001679
0.000077
0.000000
0.000000
0.000000
0.019625
0.024242
0.015392
0.010903
0.002578
0.000260
0.000000
0.000000
0.000000
0.032955
0.012631
0.002744
0.000187
0.000000
0.000000
0.000000
0.000000
0.000000
0.034097
0.041387
0.015487
0.005795
0.001679
0.000077
0.000000
0.000000
0.000000
0.032527
0.015538
0.003969
0.000527
0.000146
0.000014
0.000000
0.000000
0.000000
0.032955
0.012631
0.002744
0.000187
0.000000
0.000000
0.000000
0.000000
0.000000
0.069771
0.017980
0.002851
0.000363
0.000132
0.000075
0.000000
0.000000
0.000000
0.032527
0.015538
0.003969
0.000527
0.000146
0.000014
0.000000
0.000000
0.000000
0.018411
0.017557
0.013747
0.009959
0.014484
0.003555
0.000000
0.000000
0.000000
0.069771
0.017980
0.002851
0.000363
0.000132
0.000075
0.000000
0.000000
0.000000
0.078562
0.010256
0.000110
0.000000
0.000000
0.000000
0.000000
0.000000
0.000000
0.018411
0.017557
0.013747
0.009959
0.014484
0.003555
0.000000
0.000000
0.000000
0.018418
0.019832
0.014254
0.015024
0.018617
0.003046
0.000000
0.000000
0.000000
0.078562
0.010256
0.000110
0.000000
0.000000
0.000000
0.000000
0.000000
0.000000
0.034417
0.011553
0.000505
0.000194
0.000000
0.000000
0.000000
0.000000
0.000000
0.018418
0.019832
0.014254
0.015024
0.018617
0.003046
0.000000
0.000000
0.000000
0.028253
0.016998
0.007403
0.004253
0.002132
0.000014
0.000000
0.000000
0.000000
0.034417
0.011553
0.000505
0.000194
0.000000
0.000000
0.000000
0.000000
0.000000
0.017757
0.007999
0.000230
0.000504
0.000538
0.000000
0.000000
0.000000
0.000000
0.028253
0.016998
0.007403
0.004253
0.002132
0.000014
0.000000
0.000000
0.000000
0.022499
0.007866
0.000785
0.000292
0.000016
0.000000
0.000000
0.000000
0.000000
0.017757
0.007999
0.000230
0.000504
0.000538
0.000000
0.000000
0.000000
0.000000
0.009598
0.006324
0.001953
0.001184
0.000222
0.000059
0.000000
0.000000
0.000000
0.022499
0.007866
0.000785
0.000292
0.000016
0.000000
0.000000
0.000000
0.000000
0.014610
0.005067
0.000197
0.000030
0.000000
0.000000
0.000000
0.000000
0.000000
0.013809
0.023960
0.015784
0.007335
0.004797
0.001342
0.000000
0.000000
0.000000
0.008056
0.016992
0.007098
0.001029
0.000730
0.000023
0.000000
0.000000
0.000000
0.007603
0.008533
0.009706
0.014717
0.009972
0.001755
0.000000
0.000000
0.000000
0.000824
0.004248
0.004169
0.015070
0.030453
0.003157
0.000000
0.000000
0.000000
0.008056
0.016992
0.007098
0.001029
0.000730
0.000023
0.000000
0.000000
0.000000
0.006638
0.014113
0.010602
0.010828
0.006411
0.000680
0.000000
0.000000
0.000000
0.000824
0.004248
0.004169
0.015070
0.030453
0.003157
0.000000
0.000000
0.000000
0.003574
0.007002
0.006740
0.011038
0.009359
0.000474
0.000000
0.000000
0.000000
0.006638
0.014113
0.010602
0.010828
0.006411
0.000680
0.000000
0.000000
0.000000
0.008123
0.007744
0.005830
0.005975
0.001790
0.000188
0.000000
0.000000
0.000000
0.003574
0.007002
0.006740
0.011038
0.009359
0.000474
0.000000
0.000000
0.000000
0.002060
0.005456
0.007942
0.008281
0.005604
0.000607
0.000000
0.000000
0.000000
0.008123
0.007744
0.005830
0.005975
0.001790
0.000188
0.000000
0.000000
0.000000
0.051928
0.030220
0.003341
0.001092
0.000086
0.000000
0.000000
0.000000
0.000000
0.002060
0.005456
0.007942
0.008281
0.005604
0.000607
0.000000
0.000000
0.000000
0.057755
0.037104
0.008776
0.003599
0.000695
0.000338
0.000000
0.000000
0.000000
0.051928
0.030220
0.003341
0.001092
0.000086
0.000000
0.000000
0.000000
0.000000
0.034097
0.041387
0.015487
0.005795
0.001679
0.000077
0.000000
0.000000
0.000000
0.057755
0.037104
0.008776
0.003599
0.000695
0.000338
0.000000
0.000000
0.000000
0.043188
0.038632
0.015756
0.008458
0.015709
0.004846
0.000000
0.000000
0.000000
0.034097
0.041387
0.015487
0.005795
0.001679
0.000077
0.000000
0.000000
0.000000
0.032527
0.015538
0.003969
0.000527
0.000146
0.000014
0.000000
0.000000
0.000000
0.043188
0.038632
0.015756
0.008458
0.015709
0.004846
0.000000
0.000000
0.000000
0.010904
0.010349
0.003262
0.003308
0.002274
0.000175
0.000000
0.000000
0.000000
0.032527
0.015538
0.003969
0.000527
0.000146
0.000014
0.000000
0.000000
0.000000
0.018411
0.017557
0.013747
0.009959
0.014484
0.003555
0.000000
0.000000
0.000000
0.010904
0.010349
0.003262
0.003308
0.002274
0.000175
0.000000
0.000000
0.000000
0.009485
0.010503
0.003517
0.002457
0.002010
0.000000
0.000000
0.000000
0.000000
0.018411
0.017557
0.013747
0.009959
0.014484
0.003555
0.000000
0.000000
0.000000
0.018418
0.019832
0.014254
0.015024
0.018617
0.003046
0.000000
0.000000
0.000000
0.009485
0.010503
0.003517
0.002457
0.002010
0.000000
0.000000
0.000000
0.000000
0.005893
0.008161
0.004947
0.003354
0.001594
0.000026
0.000000
0.000000
0.000000
0.018418
0.019832
0.014254
0.015024
0.018617
0.003046
0.000000
0.000000
0.000000
0.028253
0.016998
0.007403
0.004253
0.002132
0.000014
0.000000
0.000000
0.000000
0.005893
0.008161
0.004947
0.003354
0.001594
0.000026
0.000000
0.000000
0.000000
0.017592
0.011357
0.001657
0.001249
0.000724
0.000011
0.000000
0.000000
0.000000
0.028253
0.016998
0.007403
0.004253
0.002132
0.000014
0.000000
0.000000
0.000000
0.022499
0.007866
0.000785
0.000292
0.000016
0.000000
0.000000
0.000000
0.000000
0.017592
0.011357
0.001657
0.001249
0.000724
0.000011
0.000000
0.000000
0.000000
0.014574
0.007737
0.001026
0.001250
0.001005
0.000081
0.000000
0.000000
0.000000
0.022499
0.007866
0.000785
0.000292
0.000016
0.000000
0.000000
0.000000
0.000000
0.014610
0.005067
0.000197
0.000030
0.000000
0.000000
0.000000
0.000000
0.000000
0.014574
0.007737
0.001026
0.001250
0.001005
0.000081
0.000000
0.000000
0.000000
0.016554
0.007418
0.000965
0.000000
0.000000
0.000000
0.000000
0.000000
0.000000
0.007603
0.008533
0.009706
0.014717
0.009972
0.001755
0.000000
0.000000
0.000000
0.000824
0.004248
0.004169
0.015070
0.030453
0.003157
0.000000
0.000000
0.000000
0.000266
0.000907
0.001689
0.008742
0.042801
0.005402
0.000000
0.000000
0.000000
0.002615
0.001092
0.003550
0.013146
0.057641
0.004193
0.000000
0.000000
0.000000
0.000824
0.004248
0.004169
0.015070
0.030453
0.003157
0.000000
0.000000
0.000000
0.003574
0.007002
0.006740
0.011038
0.009359
0.000474
0.000000
0.000000
0.000000
0.002615
0.001092
0.003550
0.013146
0.057641
0.004193
0.000000
0.000000
0.000000
0.004162
0.014877
0.020871
0.024677
0.060678
0.007016
0.000000
0.000000
0.000000
0.003574
0.007002
0.006740
0.011038
0.009359
0.000474
0.000000
0.000000
0.000000
0.002060
0.005456
0.007942
0.008281
0.005604
0.000607
0.000000
0.000000
0.000000
0.004162
0.014877
0.020871
0.024677
0.060678
0.007016
0.000000
0.000000
0.000000
0.001039
0.003684
0.005018
0.013014
0.055345
0.001517
0.000000
0.000000
0.000000
0.002060
0.005456
0.007942
0.008281
0.005604
0.000607
0.000000
0.000000
0.000000
0.057755
0.037104
0.008776
0.003599
0.000695
0.000338
0.000000
0.000000
0.000000
0.001039
0.003684
0.005018
0.013014
0.055345
0.001517
0.000000
0.000000
0.000000
0.043973
0.024947
0.009897
0.002998
0.008244
0.000472
0.000000
0.000000
0.000000
0.057755
0.037104
0.008776
0.003599
0.000695
0.000338
0.000000
0.000000
0.000000
0.043188
0.038632
0.015756
0.008458
0.015709
0.004846
0.000000
0.000000
0.000000
0.043973
0.024947
0.009897
0.002998
0.008244
0.000472
0.000000
0.000000
0.000000
0.001854
0.005940
0.011129
0.019089
0.029919
0.003563
0.000000
0.000000
0.000000
0.043188
0.038632
0.015756
0.008458
0.015709
0.004846
0.000000
0.000000
0.000000
0.010904
0.010349
0.003262
0.003308
0.002274
0.000175
0.000000
0.000000
0.000000
0.001854
0.005940
0.011129
0.019089
0.029919
0.003563
0.000000
0.000000
0.000000
0.017326
0.024028
0.008834
0.005800
0.006113
0.001325
0.000000
0.000000
0.000000
0.010904
0.010349
0.003262
0.003308
0.002274
0.000175
0.000000
0.000000
0.000000
0.009485
0.010503
0.003517
0.002457
0.002010
0.000000
0.000000
0.000000
0.000000
0.017326
0.024028
0.008834
0.005800
0.006113
0.001325
0.000000
0.000000
0.000000
0.008667
0.015105
0.011699
0.012028
0.006046
0.000816
0.000000
0.000000
0.000000
0.009485
0.010503
0.003517
0.002457
0.002010
0.000000
0.000000
0.000000
0.000000
0.005893
0.008161
0.004947
0.003354
0.001594
0.000026
0.000000
0.000000
0.000000
0.008667
0.015105
0.011699
0.012028
0.006046
0.000816
0.000000
0.000000
0.000000
0.007367
0.012322
0.012828
0.009613
0.008444
0.000789
0.000000
0.000000
0.000000
0.005893
0.008161
0.004947
0.003354
0.001594
0.000026
0.000000
0.000000
0.000000
0.017592
0.011357
0.001657
0.001249
0.000724
0.000011
0.000000
0.000000
0.000000
0.007367
0.012322
0.012828
0.009613
0.008444
0.000789
0.000000
0.000000
0.000000
0.015076
0.012140
0.001668
0.000331
0.000132
0.000075
0.000000
0.000000
0.000000
0.017592
0.011357
0.001657
0.001249
0.000724
0.000011
0.000000
0.000000
0.000000
0.014574
0.007737
0.001026
0.001250
0.001005
0.000081
0.000000
0.000000
0.000000
0.015076
0.012140
0.001668
0.000331
0.000132
0.000075
0.000000
0.000000
0.000000
0.011895
0.006164
0.001277
0.001178
0.000329
0.000004
0.000000
0.000000
0.000000
0.014574
0.007737
0.001026
0.001250
0.001005
0.000081
0.000000
0.000000
0.000000
0.016554
0.007418
0.000965
0.000000
0.000000
0.000000
0.000000
0.000000
0.000000
0.011895
0.006164
0.001277
0.001178
0.000329
0.000004
0.000000
0.000000
0.000000
0.016715
0.007673
0.000606
0.000000
0.000000
0.000000
0.000000
0.000000
0.000000
0.000266
0.000907
0.001689
0.008742
0.042801
0.005402
0.000000
0.000000
0.000000
0.002615
0.001092
0.003550
0.013146
0.057641
0.004193
0.000000
0.000000
0.000000
0.000195
0.000888
0.001061
0.004574
0.009194
0.001749
0.000000
0.000000
0.000000
0.000653
0.000814
0.002508
0.005543
0.010168
0.001915
0.000000
0.000000
0.000000
0.002615
0.001092
0.003550
0.013146
0.057641
0.004193
0.000000
0.000000
0.000000
0.004162
0.014877
0.020871
0.024677
0.060678
0.007016
0.000000
0.000000
0.000000
0.000653
0.000814
0.002508
0.005543
0.010168
0.001915
0.000000
0.000000
0.000000
0.001199
0.002683
0.004814
0.004103
0.003791
0.000506
0.000000
0.000000
0.000000
0.004162
0.014877
0.020871
0.024677
0.060678
0.007016
0.000000
0.000000
0.000000
0.001039
0.003684
0.005018
0.013014
0.055345
0.001517
0.000000
0.000000
0.000000
0.001199
0.002683
0.004814
0.004103
0.003791
0.000506
0.000000
0.000000
0.000000
0.006275
0.007768
0.007979
0.014706
0.010955
0.001757
0.000000
0.000000
0.000000
0.001039
0.003684
0.005018
0.013014
0.055345
0.001517
0.000000
0.000000
0.000000
0.043973
0.024947
0.009897
0.002998
0.008244
0.000472
0.000000
0.000000
0.000000
0.006275
0.007768
0.007979
0.014706
0.010955
0.001757
0.000000
0.000000
0.000000
0.000902
0.003931
0.024534
0.038903
0.026090
0.005879
0.000000
0.000000
0.000000
0.043973
0.024947
0.009897
0.002998
0.008244
0.000472
0.000000
0.000000
0.000000
0.001854
0.005940
0.011129
0.019089
0.029919
0.003563
0.000000
0.000000
0.000000
0.000902
0.003931
0.024534
0.038903
0.026090
0.005879
0.000000
0.000000
0.000000
0.000291
0.006506
0.017892
0.032290
0.061547
0.017372
0.000000
0.000000
0.000000
0.001854
0.005940
0.011129
0.019089
0.029919
0.003563
0.000000
0.000000
0.000000
0.017326
0.024028
0.008834
0.005800
0.006113
0.001325
0.000000
0.000000
0.000000
0.000291
0.006506
0.017892
0.032290
0.061547
0.017372
0.000000
0.000000
0.000000
0.011107
0.016316
0.024991
0.025811
0.030472
0.003679
0.000000
0.000000
0.000000
0.017326
0.024028
0.008834
0.005800
0.006113
0.001325
0.000000
0.000000
0.000000
0.008667
0.015105
0.011699
0.012028
0.006046
0.000816
0.000000
0.000000
0.000000
0.011107
0.016316
0.024991
0.025811
0.030472
0.003679
0.000000
0.000000
0.000000
0.000639
0.003932
0.006581
0.015955
0.013519
0.002293
0.000000
0.000000
0.000000
0.008667
0.015105
0.011699
0.012028
0.006046
0.000816
0.000000
0.000000
0.000000
0.007367
0.012322
0.012828
0.009613
0.008444
0.000789
0.000000
0.000000
0.000000
0.000639
0.003932
0.006581
0.015955
0.013519
0.002293
0.000000
0.000000
0.000000
0.000896
0.001922
0.004711
0.011609
0.018910
0.003137
0.000000
0.000000
0.000000
0.007367
0.012322
0.012828
0.009613
0.008444
0.000789
0.000000
0.000000
0.000000
0.015076
0.012140
0.001668
0.000331
0.000132
0.000075
0.000000
0.000000
0.000000
0.000896
0.001922
0.004711
0.011609
0.018910
0.003137
0.000000
0.000000
0.000000
0.007474
0.007555
0.005182
0.003864
0.002439
0.000139
0.000000
0.000000
0.000000
0.015076
0.012140
0.001668
0.000331
0.000132
0.000075
0.000000
0.000000
0.000000
0.011895
0.006164
0.001277
0.001178
0.000329
0.000004
0.000000
0.000000
0.000000
0.007474
0.007555
0.005182
0.003864
0.002439
0.000139
0.000000
0.000000
0.000000
0.015122
0.014504
0.002348
0.001022
0.002815
0.000228
0.000000
0.000000
0.000000
0.011895
0.006164
0.001277
0.001178
0.000329
0.000004
0.000000
0.000000
0.000000
0.016715
0.007673
0.000606
0.000000
0.000000
0.000000
0.000000
0.000000
0.000000
0.015122
0.014504
0.002348
0.001022
0.002815
0.000228
0.000000
0.000000
0.000000
0.020855
0.027786
0.002798
0.000000
0.000000
0.000000
0.000000
0.000000
0.000000
0.000195
0.000888
0.001061
0.004574
0.009194
0.001749
0.000000
0.000000
0.000000
0.000653
0.000814
0.002508
0.005543
0.010168
0.001915
0.000000
0.000000
0.000000
0.000389
0.000552
0.001750
0.003604
0.006359
0.000917
0.000000
0.000000
0.000000
0.000402
0.000529
0.002201
0.007390
0.012897
0.002102
0.000000
0.000000
0.000000
0.000653
0.000814
0.002508
0.005543
0.010168
0.001915
0.000000
0.000000
0.000000
0.001199
0.002683
0.004814
0.004103
0.003791
0.000506
0.000000
0.000000
0.000000
0.000402
0.000529
0.002201
0.007390
0.012897
0.002102
0.000000
0.000000
0.000000
0.000088
0.000541
0.000584
0.005591
0.028499
0.004280
0.000000
0.000000
0.000000
0.001199
0.002683
0.004814
0.004103
0.003791
0.000506
0.000000
0.000000
0.000000
0.006275
0.007768
0.007979
0.014706
0.010955
0.001757
0.000000
0.000000
0.000000
0.000088
0.000541
0.000584
0.005591
0.028499
0.004280
0.000000
0.000000
0.000000
0.004671
0.013341
0.014273
0.013537
0.019943
0.000771
0.000000
0.000000
0.000000
0.006275
0.007768
0.007979
0.014706
0.010955
0.001757
0.000000
0.000000
0.000000
0.000902
0.003931
0.024534
0.038903
0.026090
0.005879
0.000000
0.000000
0.000000
0.004671
0.013341
0.014273
0.013537
0.019943
0.000771
0.000000
0.000000
0.000000
0.018562
0.033474
0.016320
0.013772
0.001966
0.000066
0.000000
0.000000
0.000000
0.000902
0.003931
0.024534
0.038903
0.026090
0.005879
0.000000
0.000000
0.000000
0.000291
0.006506
0.017892
0.032290
0.061547
0.017372
0.000000
0.000000
0.000000
0.018562
0.033474
0.016320
0.013772
0.001966
0.000066
0.000000
0.000000
0.000000
0.000320
0.001461
0.004972
0.002576
0.002050
0.000138
0.000000
0.000000
0.000000
0.000291
0.006506
0.017892
0.032290
0.061547
0.017372
0.000000
0.000000
0.000000
0.011107
0.016316
0.024991
0.025811
0.030472
0.003679
0.000000
0.000000
0.000000
0.000320
0.001461
0.004972
0.002576
0.002050
0.000138
0.000000
0.000000
0.000000
0.002684
0.002316
0.005081
0.003839
0.001871
0.000023
0.000000
0.000000
0.000000
0.011107
0.016316
0.024991
0.025811
0.030472
0.003679
0.000000
0.000000
0.000000
0.000639
0.003932
0.006581
0.015955
0.013519
0.002293
0.000000
0.000000
0.000000
0.002684
0.002316
0.005081
0.003839
0.001871
0.000023
0.000000
0.000000
0.000000
0.017969
0.035264
0.011047
0.024876
0.026351
0.004221
0.000000
0.000000
0.000000
0.000639
0.003932
0.006581
0.015955
0.013519
0.002293
0.000000
0.000000
0.000000
0.000896
0.001922
0.004711
0.011609
0.018910
0.003137
0.000000
0.000000
0.000000
0.017969
0.035264
0.011047
0.024876
0.026351
0.004221
0.000000
0.000000
0.000000
0.002559
0.008068
0.008578
0.017171
0.036618
0.005474
0.000000
0.000000
0.000000
0.000896
0.001922
0.004711
0.011609
0.018910
0.003137
0.000000
0.000000
0.000000
0.007474
0.007555
0.005182
0.003864
0.002439
0.000139
0.000000
0.000000
0.000000
0.002559
0.008068
0.008578
0.017171
0.036618
0.005474
0.000000
0.000000
0.000000
0.008735
0.011892
0.011681
0.004916
0.004583
0.000000
0.000000
0.000000
0.000000
0.007474
0.007555
0.005182
0.003864
0.002439
0.000139
0.000000
0.000000
0.000000
0.015122
0.014504
0.002348
0.001022
0.002815
0.000228
0.000000
0.000000
0.000000
0.008735
0.011892
0.011681
0.004916
0.004583
0.000000
0.000000
0.000000
0.000000
0.010730
0.026521
0.011654
0.008497
0.006633
0.000935
0.000000
0.000000
0.000000
0.015122
0.014504
0.002348
0.001022
0.002815
0.000228
0.000000
0.000000
0.000000
0.020855
0.027786
0.002798
0.000000
0.000000
0.000000
0.000000
0.000000
0.000000
0.010730
0.026521
0.011654
0.008497
0.006633
0.000935
0.000000
0.000000
0.000000
0.027734
0.030958
0.008553
0.003320
0.005136
0.000278
0.000000
0.000000
0.000000
0.000389
0.000552
0.001750
0.003604
0.006359
0.000917
0.000000
0.000000
0.000000
0.000402
0.000529
0.002201
0.007390
0.012897
0.002102
0.000000
0.000000
0.000000
0.000080
0.000390
0.001251
0.011711
0.055835
0.004732
0.000000
0.000000
0.000000
0.000059
0.000636
0.000986
0.016259
0.043005
0.002256
0.000000
0.000000
0.000000
0.000402
0.000529
0.002201
0.007390
0.012897
0.002102
0.000000
0.000000
0.000000
0.000088
0.000541
0.000584
0.005591
0.028499
0.004280
0.000000
0.000000
0.000000
0.000059
0.000636
0.000986
0.016259
0.043005
0.002256
0.000000
0.000000
0.000000
0.000389
0.001238
0.004099
0.012508
0.019844
0.001938
0.000000
0.000000
0.000000
0.000088
0.000541
0.000584
0.005591
0.028499
0.004280
0.000000
0.000000
0.000000
0.004671
0.013341
0.014273
0.013537
0.019943
0.000771
0.000000
0.000000
0.000000
0.000389
0.001238
0.004099
0.012508
0.019844
0.001938
0.000000
0.000000
0.000000
0.022851
0.018646
0.006659
0.011519
0.008627
0.001062
0.000000
0.000000
0.000000
0.004671
0.013341
0.014273
0.013537
0.019943
0.000771
0.000000
0.000000
0.000000
0.018562
0.033474
0.016320
0.013772
0.001966
0.000066
0.000000
0.000000
0.000000
0.022851
0.018646
0.006659
0.011519
0.008627
0.001062
0.000000
0.000000
0.000000
0.018393
0.025100
0.025176
0.011403
0.010342
0.001380
0.000000
0.000000
0.000000
0.018562
0.033474
0.016320
0.013772
0.001966
0.000066
0.000000
0.000000
0.000000
0.000320
0.001461
0.004972
0.002576
0.002050
0.000138
0.000000
0.000000
0.000000
0.018393
0.025100
0.025176
0.011403
0.010342
0.001380
0.000000
0.000000
0.000000
0.003810
0.003882
0.000376
0.000404
0.000200
0.000000
0.000000
0.000000
0.000000
0.000320
0.001461
0.004972
0.002576
0.002050
0.000138
0.000000
0.000000
0.000000
0.002684
0.002316
0.005081
0.003839
0.001871
0.000023
0.000000
0.000000
0.000000
0.003810
0.003882
0.000376
0.000404
0.000200
0.000000
0.000000
0.000000
0.000000
0.027230
0.019066
0.013832
0.008186
0.000199
0.000002
0.000000
0.000000
0.000000
0.002684
0.002316
0.005081
0.003839
0.001871
0.000023
0.000000
0.000000
0.000000
0.017969
0.035264
0.011047
0.024876
0.026351
0.004221
0.000000
0.000000
0.000000
0.027230
0.019066
0.013832
0.008186
0.000199
0.000002
0.000000
0.000000
0.000000
0.009020
0.013103
0.007197
0.045744
0.039281
0.003836
0.000000
0.000000
0.000000
0.017969
0.035264
0.011047
0.024876
0.026351
0.004221
0.000000
0.000000
0.000000
0.002559
0.008068
0.008578
0.017171
0.036618
0.005474
0.000000
0.000000
0.000000
0.009020
0.013103
0.007197
0.045744
0.039281
0.003836
0.000000
0.000000
0.000000
0.001056
0.002739
0.005772
0.020519
0.061022
0.006509
0.000000
0.000000
0.000000
0.002559
0.008068
0.008578
0.017171
0.036618
0.005474
0.000000
0.000000
0.000000
0.008735
0.011892
0.011681
0.004916
0.004583
0.000000
0.000000
0.000000
0.000000
0.001056
0.002739
0.005772
0.020519
0.061022
0.006509
0.000000
0.000000
0.000000
0.001445
0.004616
0.010636
0.030603
0.036282
0.004480
0.000000
0.000000
0.000000
0.008735
0.011892
0.011681
0.004916
0.004583
0.000000
0.000000
0.000000
0.000000
0.010730
0.026521
0.011654
0.008497
0.006633
0.000935
0.000000
0.000000
0.000000
0.001445
0.004616
0.010636
0.030603
0.036282
0.004480
0.000000
0.000000
0.000000
0.005544
0.012505
0.016160
0.013279
0.019833
0.001798
0.000000
0.000000
0.000000
0.010730
0.026521
0.011654
0.008497
0.006633
0.000935
0.000000
0.000000
0.000000
0.027734
0.030958
0.008553
0.003320
0.005136
0.000278
0.000000
0.000000
0.000000
0.005544
0.012505
0.016160
0.013279
0.019833
0.001798
0.000000
0.000000
0.000000
0.015974
0.032547
0.025446
0.010190
0.016645
0.002754
0.000000
0.000000
0.000000
0.000080
0.000390
0.001251
0.011711
0.055835
0.004732
0.000000
0.000000
0.000000
0.000059
0.000636
0.000986
0.016259
0.043005
0.002256
0.000000
0.000000
0.000000
0.000935
0.000045
0.000315
0.012458
0.037849
0.001965
0.000000
0.000000
0.000000
0.000522
0.000504
0.001712
0.019726
0.051178
0.002412
0.000000
0.000000
0.000000
0.000059
0.000636
0.000986
0.016259
0.043005
0.002256
0.000000
0.000000
0.000000
0.000389
0.001238
0.004099
0.012508
0.019844
0.001938
0.000000
0.000000
0.000000
0.000522
0.000504
0.001712
0.019726
0.051178
0.002412
0.000000
0.000000
0.000000
0.000495
0.000950
0.002159
0.021256
0.043502
0.004845
0.000000
0.000000
0.000000
0.000389
0.001238
0.004099
0.012508
0.019844
0.001938
0.000000
0.000000
0.000000
0.022851
0.018646
0.006659
0.011519
0.008627
0.001062
0.000000
0.000000
0.000000
0.000495
0.000950
0.002159
0.021256
0.043502
0.004845
0.000000
0.000000
0.000000
0.008932
0.006440
0.012459
0.014764
0.055816
0.005201
0.000000
0.000000
0.000000
0.022851
0.018646
0.006659
0.011519
0.008627
0.001062
0.000000
0.000000
0.000000
0.018393
0.025100
0.025176
0.011403
0.010342
0.001380
0.000000
0.000000
0.000000
0.008932
0.006440
0.012459
0.014764
0.055816
0.005201
0.000000
0.000000
0.000000
0.012364
0.042589
0.018063
0.015738
0.014078
0.001873
0.000000
0.000000
0.000000
0.018393
0.025100
0.025176
0.011403
0.010342
0.001380
0.000000
0.000000
0.000000
0.003810
0.003882
0.000376
0.000404
0.000200
0.000000
0.000000
0.000000
0.000000
0.012364
0.042589
0.018063
0.015738
0.014078
0.001873
0.000000
0.000000
0.000000
0.001259
0.003557
0.002005
0.000579
0.000184
0.000012
0.000000
0.000000
0.000000
0.003810
0.003882
0.000376
0.000404
0.000200
0.000000
0.000000
0.000000
0.000000
0.027230
0.019066
0.013832
0.008186
0.000199
0.000002
0.000000
0.000000
0.000000
0.001259
0.003557
0.002005
0.000579
0.000184
0.000012
0.000000
0.000000
0.000000
0.045022
0.019185
0.000677
0.000226
0.000088
0.000000
0.000000
0.000000
0.000000
0.027230
0.019066
0.013832
0.008186
0.000199
0.000002
0.000000
0.000000
0.000000
0.009020
0.013103
0.007197
0.045744
0.039281
0.003836
0.000000
0.000000
0.000000
0.045022
0.019185
0.000677
0.000226
0.000088
0.000000
0.000000
0.000000
0.000000
0.012129
0.024066
0.005831
0.003597
0.005054
0.000950
0.000000
0.000000
0.000000
0.009020
0.013103
0.007197
0.045744
0.039281
0.003836
0.000000
0.000000
0.000000
0.001056
0.002739
0.005772
0.020519
0.061022
0.006509
0.000000
0.000000
0.000000
0.012129
0.024066
0.005831
0.003597
0.005054
0.000950
0.000000
0.000000
0.000000
0.002181
0.003505
0.003390
0.010239
0.010342
0.001104
0.000000
0.000000
0.000000
0.001056
0.002739
0.005772
0.020519
0.061022
0.006509
0.000000
0.000000
0.000000
0.001445
0.004616
0.010636
0.030603
0.036282
0.004480
0.000000
0.000000
0.000000
0.002181
0.003505
0.003390
0.010239
0.010342
0.001104
0.000000
0.000000
0.000000
0.004185
0.004595
0.004700
0.009149
0.025137
0.002769
0.000000
0.000000
0.000000
0.001445
0.004616
0.010636
0.030603
0.036282
0.004480
0.000000
0.000000
0.000000
0.005544
0.012505
0.016160
0.013279
0.019833
0.001798
0.000000
0.000000
0.000000
0.004185
0.004595
0.004700
0.009149
0.025137
0.002769
0.000000
0.000000
0.000000
0.000454
0.001140
0.002629
0.009161
0.063275
0.005126
0.000000
0.000000
0.000000
0.005544
0.012505
0.016160
0.013279
0.019833
0.001798
0.000000
0.000000
0.000000
0.015974
0.032547
0.025446
0.010190
0.016645
0.002754
0.000000
0.000000
0.000000
0.000454
0.001140
0.002629
0.009161
0.063275
0.005126
0.000000
0.000000
0.000000
0.000153
0.001314
0.004102
0.018513
0.046486
0.004356
0.000000
0.000000
0.000000
0.000935
0.000045
0.000315
0.012458
0.037849
0.001965
0.000000
0.000000
0.000000
0.000522
0.000504
0.001712
0.019726
0.051178
0.002412
0.000000
0.000000
0.000000
0.000625
0.000769
0.000685
0.004530
0.004598
0.000856
0.000000
0.000000
0.000000
0.000098
0.000216
0.002081
0.008689
0.008554
0.000550
0.000000
0.000000
0.000000
0.000522
0.000504
0.001712
0.019726
0.051178
0.002412
0.000000
0.000000
0.000000
0.000495
0.000950
0.002159
0.021256
0.043502
0.004845
0.000000
0.000000
0.000000
0.000098
0.000216
0.002081
0.008689
0.008554
0.000550
0.000000
0.000000
0.000000
0.000952
0.004127
0.005832
0.007820
0.004150
0.000132
0.000000
0.000000
0.000000
0.000495
0.000950
0.002159
0.021256
0.043502
0.004845
0.000000
0.000000
0.000000
0.008932
0.006440
0.012459
0.014764
0.055816
0.005201
0.000000
0.000000
0.000000
0.000952
0.004127
0.005832
0.007820
0.004150
0.000132
0.000000
0.000000
0.000000
0.002418
0.004651
0.004245
0.005396
0.007382
0.001033
0.000000
0.000000
0.000000
0.008932
0.006440
0.012459
0.014764
0.055816
0.005201
0.000000
0.000000
0.000000
0.012364
0.042589
0.018063
0.015738
0.014078
0.001873
0.000000
0.000000
0.000000
0.002418
0.004651
0.004245
0.005396
0.007382
0.001033
0.000000
0.000000
0.000000
0.029070
0.037003
0.016194
0.012185
0.022643
0.002104
0.000000
0.000000
0.000000
0.012364
0.042589
0.018063
0.015738
0.014078
0.001873
0.000000
0.000000
0.000000
0.001259
0.003557
0.002005
0.000579
0.000184
0.000012
0.000000
0.000000
0.000000
0.029070
0.037003
0.016194
0.012185
0.022643
0.002104
0.000000
0.000000
0.000000
0.001179
0.002065
0.001639
0.010587
0.028925
0.004066
0.000000
0.000000
0.000000
0.001259
0.003557
0.002005
0.000579
0.000184
0.000012
0.000000
0.000000
0.000000
0.045022
0.019185
0.000677
0.000226
0.000088
0.000000
0.000000
0.000000
0.000000
0.001179
0.002065
0.001639
0.010587
0.028925
0.004066
0.000000
0.000000
0.000000
0.015809
0.017659
0.010349
0.013224
0.032128
0.002663
0.000000
0.000000
0.000000
0.045022
0.019185
0.000677
0.000226
0.000088
0.000000
0.000000
0.000000
0.000000
0.012129
0.024066
0.005831
0.003597
0.005054
0.000950
0.000000
0.000000
0.000000
0.015809
0.017659
0.010349
0.013224
0.032128
0.002663
0.000000
0.000000
0.000000
0.016035
0.029290
0.022178
0.014941
0.015133
0.001153
0.000000
0.000000
0.000000
0.012129
0.024066
0.005831
0.003597
0.005054
0.000950
0.000000
0.000000
0.000000
0.002181
0.003505
0.003390
0.010239
0.010342
0.001104
0.000000
0.000000
0.000000
0.016035
0.029290
0.022178
0.014941
0.015133
0.001153
0.000000
0.000000
0.000000
0.000663
0.001572
0.005046
0.011615
0.020330
0.002560
0.000000
0.000000
0.000000
0.002181
0.003505
0.003390
0.010239
0.010342
0.001104
0.000000
0.000000
0.000000
0.004185
0.004595
0.004700
0.009149
0.025137
0.002769
0.000000
0.000000
0.000000
0.000663
0.001572
0.005046
0.011615
0.020330
0.002560
0.000000
0.000000
0.000000
0.000313
0.001565
0.002659
0.008527
0.015646
0.002466
0.000000
0.000000
0.000000
0.004185
0.004595
0.004700
0.009149
0.025137
0.002769
0.000000
0.000000
0.000000
0.000454
0.001140
0.002629
0.009161
0.063275
0.005126
0.000000
0.000000
0.000000
0.000313
0.001565
0.002659
0.008527
0.015646
0.002466
0.000000
0.000000
0.000000
0.000826
0.001418
0.002012
0.007181
0.010830
0.001634
0.000000
0.000000
0.000000
0.000454
0.001140
0.002629
0.009161
0.063275
0.005126
0.000000
0.000000
0.000000
0.000153
0.001314
0.004102
0.018513
0.046486
0.004356
0.000000
0.000000
0.000000
0.000826
0.001418
0.002012
0.007181
0.010830
0.001634
0.000000
0.000000
0.000000
0.001206
0.003151
0.003206
0.004863
0.010506
0.000534
0.000000
0.000000
0.000000
0.000625
0.000769
0.000685
0.004530
0.004598
0.000856
0.000000
0.000000
0.000000
0.000098
0.000216
0.002081
0.008689
0.008554
0.000550
0.000000
0.000000
0.000000
0.000797
0.001167
0.003226
0.021720
0.023546
0.001568
0.000000
0.000000
0.000000
0.000431
0.000745
0.001053
0.015835
0.048204
0.002097
0.000000
0.000000
0.000000
0.000098
0.000216
0.002081
0.008689
0.008554
0.000550
0.000000
0.000000
0.000000
0.000952
0.004127
0.005832
0.007820
0.004150
0.000132
0.000000
0.000000
0.000000
0.000431
0.000745
0.001053
0.015835
0.048204
0.002097
0.000000
0.000000
0.000000
0.000337
0.002568
0.003770
0.017995
0.055785
0.001386
0.000000
0.000000
0.000000
0.000952
0.004127
0.005832
0.007820
0.004150
0.000132
0.000000
0.000000
0.000000
0.002418
0.004651
0.004245
0.005396
0.007382
0.001033
0.000000
0.000000
0.000000
0.000337
0.002568
0.003770
0.017995
0.055785
0.001386
0.000000
0.000000
0.000000
0.000557
0.001678
0.003479
0.019617
0.032660
0.000705
0.000000
0.000000
0.000000
0.002418
0.004651
0.004245
0.005396
0.007382
0.001033
0.000000
0.000000
0.000000
0.029070
0.037003
0.016194
0.012185
0.022643
0.002104
0.000000
0.000000
0.000000
0.000557
0.001678
0.003479
0.019617
0.032660
0.000705
0.000000
0.000000
0.000000
0.013479
0.014591
0.006236
0.003767
0.005406
0.000966
0.000000
0.000000
0.000000
0.029070
0.037003
0.016194
0.012185
0.022643
0.002104
0.000000
0.000000
0.000000
0.001179
0.002065
0.001639
0.010587
0.028925
0.004066
0.000000
0.000000
0.000000
0.013479
0.014591
0.006236
0.003767
0.005406
0.000966
0.000000
0.000000
0.000000
0.008257
0.015848
0.005786
0.007939
0.009662
0.000590
0.000000
0.000000
0.000000
0.001179
0.002065
0.001639
0.010587
0.028925
0.004066
0.000000
0.000000
0.000000
0.015809
0.017659
0.010349
0.013224
0.032128
0.002663
0.000000
0.000000
0.000000
0.008257
0.015848
0.005786
0.007939
0.009662
0.000590
0.000000
0.000000
0.000000
0.039346
0.033892
0.013476
0.012193
0.010183
0.001063
0.000000
0.000000
0.000000
0.015809
0.017659
0.010349
0.013224
0.032128
0.002663
0.000000
0.000000
0.000000
0.016035
0.029290
0.022178
0.014941
0.015133
0.001153
0.000000
0.000000
0.000000
0.039346
0.033892
0.013476
0.012193
0.010183
0.001063
0.000000
0.000000
0.000000
0.028265
0.044671
0.016051
0.008187
0.007306
0.000489
0.000000
0.000000
0.000000
0.016035
0.029290
0.022178
0.014941
0.015133
0.001153
0.000000
0.000000
0.000000
0.000663
0.001572
0.005046
0.011615
0.020330
0.002560
0.000000
0.000000
0.000000
0.028265
0.044671
0.016051
0.008187
0.007306
0.000489
0.000000
0.000000
0.000000
0.002836
0.002045
0.003787
0.015527
0.039131
0.005906
0.000000
0.000000
0.000000
0.000663
0.001572
0.005046
0.011615
0.020330
0.002560
0.000000
0.000000
0.000000
0.000313
0.001565
0.002659
0.008527
0.015646
0.002466
0.000000
0.000000
0.000000
0.002836
0.002045
0.003787
0.015527
0.039131
0.005906
0.000000
0.000000
0.000000
0.001131
0.000994
0.001391
0.010064
0.034309
0.006527
0.000000
0.000000
0.000000
0.000313
0.001565
0.002659
0.008527
0.015646
0.002466
0.000000
0.000000
0.000000
0.000826
0.001418
0.002012
0.007181
0.010830
0.001634
0.000000
0.000000
0.000000
0.001131
0.000994
0.001391
0.010064
0.034309
0.006527
0.000000
0.000000
0.000000
0.000471
0.000000
0.000764
0.007712
0.036618
0.001783
0.000000
0.000000
0.000000
0.000826
0.001418
0.002012
0.007181
0.010830
0.001634
0.000000
0.000000
0.000000
0.001206
0.003151
0.003206
0.004863
0.010506
0.000534
0.000000
0.000000
0.000000
0.000471
0.000000
0.000764
0.007712
0.036618
0.001783
0.000000
0.000000
0.000000
0.000316
0.000498
0.001740
0.007690
0.024121
0.001184
0.000000
0.000000
0.000000
0.000797
0.001167
0.003226
0.021720
0.023546
0.001568
0.000000
0.000000
0.000000
0.000431
0.000745
0.001053
0.015835
0.048204
0.002097
0.000000
0.000000
0.000000
0.001198
0.001857
0.002220
0.002952
0.002394
0.000048
0.000000
0.000000
0.000000
0.000444
0.000268
0.000438
0.002384
0.004415
0.000232
0.000000
0.000000
0.000000
0.000431
0.000745
0.001053
0.015835
0.048204
0.002097
0.000000
0.000000
0.000000
0.000337
0.002568
0.003770
0.017995
0.055785
0.001386
0.000000
0.000000
0.000000
0.000444
0.000268
0.000438
0.002384
0.004415
0.000232
0.000000
0.000000
0.000000
0.000941
0.000435
0.001697
0.007531
0.009327
0.000275
0.000000
0.000000
0.000000
0.000337
0.002568
0.003770
0.017995
0.055785
0.001386
0.000000
0.000000
0.000000
0.000557
0.001678
0.003479
0.019617
0.032660
0.000705
0.000000
0.000000
0.000000
0.000941
0.000435
0.001697
0.007531
0.009327
0.000275
0.000000
0.000000
0.000000
0.000482
0.000468
0.001468
0.012161
0.032212
0.000614
0.000000
0.000000
0.000000
0.000557
0.001678
0.003479
0.019617
0.032660
0.000705
0.000000
0.000000
0.000000
0.013479
0.014591
0.006236
0.003767
0.005406
0.000966
0.000000
0.000000
0.000000
0.000482
0.000468
0.001468
0.012161
0.032212
0.000614
0.000000
0.000000
0.000000
0.008873
0.017959
0.009870
0.018478
0.015284
0.002008
0.000000
0.000000
0.000000
0.013479
0.014591
0.006236
0.003767
0.005406
0.000966
0.000000
0.000000
0.000000
0.008257
0.015848
0.005786
0.007939
0.009662
0.000590
0.000000
0.000000
0.000000
0.008873
0.017959
0.009870
0.018478
0.015284
0.002008
0.000000
0.000000
0.000000
0.015612
0.019286
0.015191
0.028173
0.008683
0.000118
0.000000
0.000000
0.000000
0.008257
0.015848
0.005786
0.007939
0.009662
0.000590
0.000000
0.000000
0.000000
0.039346
0.033892
0.013476
0.012193
0.010183
0.001063
0.000000
0.000000
0.000000
0.015612
0.019286
0.015191
0.028173
0.008683
0.000118
0.000000
0.000000
0.000000
0.023069
0.027156
0.007652
0.002727
0.000742
0.000026
0.000000
0.000000
0.000000
0.039346
0.033892
0.013476
0.012193
0.010183
0.001063
0.000000
0.000000
0.000000
0.028265
0.044671
0.016051
0.008187
0.007306
0.000489
0.000000
0.000000
0.000000
0.023069
0.027156
0.007652
0.002727
0.000742
0.000026
0.000000
0.000000
0.000000
0.007331
0.013635
0.007528
0.007562
0.005090
0.000603
0.000000
0.000000
0.000000
0.028265
0.044671
0.016051
0.008187
0.007306
0.000489
0.000000
0.000000
0.000000
0.002836
0.002045
0.003787
0.015527
0.039131
0.005906
0.000000
0.000000
0.000000
0.007331
0.013635
0.007528
0.007562
0.005090
0.000603
0.000000
0.000000
0.000000
0.000413
0.001124
0.002359
0.010035
0.007010
0.000510
0.000000
0.000000
0.000000
0.002836
0.002045
0.003787
0.015527
0.039131
0.005906
0.000000
0.000000
0.000000
0.001131
0.000994
0.001391
0.010064
0.034309
0.006527
0.000000
0.000000
0.000000
0.000413
0.001124
0.002359
0.010035
0.007010
0.000510
0.000000
0.000000
0.000000
0.000000
0.000502
0.002488
0.013052
0.011168
0.000875
0.000000
0.000000
0.000000
0.001131
0.000994
0.001391
0.010064
0.034309
0.006527
0.000000
0.000000
0.000000
0.000471
0.000000
0.000764
0.007712
0.036618
0.001783
0.000000
0.000000
0.000000
0.000000
0.000502
0.002488
0.013052
0.011168
0.000875
0.000000
0.000000
0.000000
0.000603
0.001154
0.001413
0.006603
0.015737
0.003725
0.000000
0.000000
0.000000
0.000471
0.000000
0.000764
0.007712
0.036618
0.001783
0.000000
0.000000
0.000000
0.000316
0.000498
0.001740
0.007690
0.024121
0.001184
0.000000
0.000000
0.000000
0.000603
0.001154
0.001413
0.006603
0.015737
0.003725
0.000000
0.000000
0.000000
0.000000
0.000152
0.002832
0.013731
0.020341
0.002338
0.000000
0.000000
0.000000
0.001198
0.001857
0.002220
0.002952
0.002394
0.000048
0.000000
0.000000
0.000000
0.000444
0.000268
0.000438
0.002384
0.004415
0.000232
0.000000
0.000000
0.000000
0.001273
0.000576
0.000684
0.001499
0.003277
0.000380
0.000000
0.000000
0.000000
0.000917
0.000983
0.003283
0.004585
0.004328
0.000777
0.000000
0.000000
0.000000
0.000444
0.000268
0.000438
0.002384
0.004415
0.000232
0.000000
0.000000
0.000000
0.000941
0.000435
0.001697
0.007531
0.009327
0.000275
0.000000
0.000000
0.000000
0.000917
0.000983
0.003283
0.004585
0.004328
0.000777
0.000000
0.000000
0.000000
0.001056
0.000000
0.000599
0.004174
0.014833
0.002975
0.000000
0.000000
0.000000
0.000941
0.000435
0.001697
0.007531
0.009327
0.000275
0.000000
0.000000
0.000000
0.000482
0.000468
0.001468
0.012161
0.032212
0.000614
0.000000
0.000000
0.000000
0.001056
0.000000
0.000599
0.004174
0.014833
0.002975
0.000000
0.000000
0.000000
0.000754
0.000114
0.000804
0.003382
0.029832
0.003698
0.000000
0.000000
0.000000
0.000482
0.000468
0.001468
0.012161
0.032212
0.000614
0.000000
0.000000
0.000000
0.008873
0.017959
0.009870
0.018478
0.015284
0.002008
0.000000
0.000000
0.000000
0.000754
0.000114
0.000804
0.003382
0.029832
0.003698
0.000000
0.000000
0.000000
0.007974
0.011830
0.006463
0.010615
0.021132
0.001304
0.000000
0.000000
0.000000
0.008873
0.017959
0.009870
0.018478
0.015284
0.002008
0.000000
0.000000
0.000000
0.015612
0.019286
0.015191
0.028173
0.008683
0.000118
0.000000
0.000000
0.000000
0.007974
0.011830
0.006463
0.010615
0.021132
0.001304
0.000000
0.000000
0.000000
0.013660
0.020700
0.019988
0.023774
0.012544
0.000411
0.000000
0.000000
0.000000
0.015612
0.019286
0.015191
0.028173
0.008683
0.000118
0.000000
0.000000
0.000000
0.023069
0.027156
0.007652
0.002727
0.000742
0.000026
0.000000
0.000000
0.000000
0.013660
0.020700
0.019988
0.023774
0.012544
0.000411
0.000000
0.000000
0.000000
0.011621
0.019765
0.006309
0.021112
0.020836
0.001859
0.000000
0.000000
0.000000
0.023069
0.027156
0.007652
0.002727
0.000742
0.000026
0.000000
0.000000
0.000000
0.007331
0.013635
0.007528
0.007562
0.005090
0.000603
0.000000
0.000000
0.000000
0.011621
0.019765
0.006309
0.021112
0.020836
0.001859
0.000000
0.000000
0.000000
0.009887
0.016650
0.030057
0.021362
0.029901
0.002407
0.000000
0.000000
0.000000
0.007331
0.013635
0.007528
0.007562
0.005090
0.000603
0.000000
0.000000
0.000000
0.000413
0.001124
0.002359
0.010035
0.007010
0.000510
0.000000
0.000000
0.000000
0.009887
0.016650
0.030057
0.021362
0.029901
0.002407
0.000000
0.000000
0.000000
0.000218
0.000798
0.000908
0.026438
0.071476
0.001059
0.000000
0.000000
0.000000
0.000413
0.001124
0.002359
0.010035
0.007010
0.000510
0.000000
0.000000
0.000000
0.000000
0.000502
0.002488
0.013052
0.011168
0.000875
0.000000
0.000000
0.000000
0.000218
0.000798
0.000908
0.026438
0.071476
0.001059
0.000000
0.000000
0.000000
0.000783
0.000526
0.004121
0.035189
0.035608
0.001694
0.000000
0.000000
0.000000
0.000000
0.000502
0.002488
0.013052
0.011168
0.000875
0.000000
0.000000
0.000000
0.000603
0.001154
0.001413
0.006603
0.015737
0.003725
0.000000
0.000000
0.000000
0.000783
0.000526
0.004121
0.035189
0.035608
0.001694
0.000000
0.000000
0.000000
0.000924
0.000178
0.001706
0.007446
0.020668
0.001818
0.000000
0.000000
0.000000
0.000603
0.001154
0.001413
0.006603
0.015737
0.003725
0.000000
0.000000
0.000000
0.000000
0.000152
0.002832
0.013731
0.020341
0.002338
0.000000
0.000000
0.000000
0.000924
0.000178
0.001706
0.007446
0.020668
0.001818
0.000000
0.000000
0.000000
0.000463
0.000146
0.001476
0.005144
0.005854
0.000602
0.000000
0.000000
0.000000
0.001273
0.000576
0.000684
0.001499
0.003277
0.000380
0.000000
0.000000
0.000000
0.000917
0.000983
0.003283
0.004585
0.004328
0.000777
0.000000
0.000000
0.000000
0.000474
0.000600
0.009351
0.030103
0.006943
0.000104
0.000000
0.000000
0.000000
0.000431
0.000628
0.001707
0.004864
0.006034
0.000832
0.000000
0.000000
0.000000
0.000917
0.000983
0.003283
0.004585
0.004328
0.000777
0.000000
0.000000
0.000000
0.001056
0.000000
0.000599
0.004174
0.014833
0.002975
0.000000
0.000000
0.000000
0.000431
0.000628
0.001707
0.004864
0.006034
0.000832
0.000000
0.000000
0.000000
0.000115
0.000662
0.002191
0.004567
0.008012
0.000625
0.000000
0.000000
0.000000
0.001056
0.000000
0.000599
0.004174
0.014833
0.002975
0.000000
0.000000
0.000000
0.000754
0.000114
0.000804
0.003382
0.029832
0.003698
0.000000
0.000000
0.000000
0.000115
0.000662
0.002191
0.004567
0.008012
0.000625
0.000000
0.000000
0.000000
0.000509
0.000065
0.000369
0.003058
0.010777
0.000564
0.000000
0.000000
0.000000
0.000754
0.000114
0.000804
0.003382
0.029832
0.003698
0.000000
0.000000
0.000000
0.007974
0.011830
0.006463
0.010615
0.021132
0.001304
0.000000
0.000000
0.000000
0.000509
0.000065
0.000369
0.003058
0.010777
0.000564
0.000000
0.000000
0.000000
0.027136
0.014144
0.001389
0.003221
0.001486
0.000180
0.000000
0.000000
0.000000
0.007974
0.011830
0.006463
0.010615
0.021132
0.001304
0.000000
0.000000
0.000000
0.013660
0.020700
0.019988
0.023774
0.012544
0.000411
0.000000
0.000000
0.000000
0.027136
0.014144
0.001389
0.003221
0.001486
0.000180
0.000000
0.000000
0.000000
0.009923
0.025651
0.010784
0.012042
0.004294
0.000600
0.000000
0.000000
0.000000
0.013660
0.020700
0.019988
0.023774
0.012544
0.000411
0.000000
0.000000
0.000000
0.011621
0.019765
0.006309
0.021112
0.020836
0.001859
0.000000
0.000000
0.000000
0.009923
0.025651
0.010784
0.012042
0.004294
0.000600
0.000000
0.000000
0.000000
0.028038
0.025343
0.004093
0.004531
0.007196
0.000125
0.000000
0.000000
0.000000
0.011621
0.019765
0.006309
0.021112
0.020836
0.001859
0.000000
0.000000
0.000000
0.009887
0.016650
0.030057
0.021362
0.029901
0.002407
0.000000
0.000000
0.000000
0.028038
0.025343
0.004093
0.004531
0.007196
0.000125
0.000000
0.000000
0.000000
0.012051
0.010311
0.007278
0.007000
0.006211
0.000973
0.000000
0.000000
0.000000
0.009887
0.016650
0.030057
0.021362
0.029901
0.002407
0.000000
0.000000
0.000000
0.000218
0.000798
0.000908
0.026438
0.071476
0.001059
0.000000
0.000000
0.000000
0.012051
0.010311
0.007278
0.007000
0.006211
0.000973
0.000000
0.000000
0.000000
0.000320
0.000033
0.001786
0.004861
0.006611
0.000921
0.000000
0.000000
0.000000
0.000218
0.000798
0.000908
0.026438
0.071476
0.001059
0.000000
0.000000
0.000000
0.000783
0.000526
0.004121
0.035189
0.035608
0.001694
0.000000
0.000000
0.000000
0.000320
0.000033
0.001786
0.004861
0.006611
0.000921
0.000000
0.000000
0.000000
0.000389
0.001545
0.004959
0.010054
0.016579
0.000516
0.000000
0.000000
0.000000
0.000783
0.000526
0.004121
0.035189
0.035608
0.001694
0.000000
0.000000
0.000000
0.000924
0.000178
0.001706
0.007446
0.020668
0.001818
0.000000
0.000000
0.000000
0.000389
0.001545
0.004959
0.010054
0.016579
0.000516
0.000000
0.000000
0.000000
0.000111
0.000459
0.002808
0.014243
0.037231
0.001676
0.000000
0.000000
0.000000
0.000924
0.000178
0.001706
0.007446
0.020668
0.001818
0.000000
0.000000
0.000000
0.000463
0.000146
0.001476
0.005144
0.005854
0.000602
0.000000
0.000000
0.000000
0.000111
0.000459
0.002808
0.014243
0.037231
0.001676
0.000000
0.000000
0.000000
0.002805
0.009483
0.006005
0.019077
0.037949
0.001056
0.000000
0.000000
0.000000
0.000474
0.000600
0.009351
0.030103
0.006943
0.000104
0.000000
0.000000
0.000000
0.000431
0.000628
0.001707
0.004864
0.006034
0.000832
0.000000
0.000000
0.000000
0.001179
0.002778
0.003203
0.002416
0.002415
0.000373
0.000000
0.000000
0.000000
0.001452
0.003454
0.013599
0.038911
0.005794
0.000725
0.000000
0.000000
0.000000
0.000431
0.000628
0.001707
0.004864
0.006034
0.000832
0.000000
0.000000
0.000000
0.000115
0.000662
0.002191
0.004567
0.008012
0.000625
0.000000
0.000000
0.000000
0.001452
0.003454
0.013599
0.038911
0.005794
0.000725
0.000000
0.000000
0.000000
0.000944
0.000682
0.014358
0.023099
0.002499
0.000319
0.000000
0.000000
0.000000
0.000115
0.000662
0.002191
0.004567
0.008012
0.000625
0.000000
0.000000
0.000000
0.000509
0.000065
0.000369
0.003058
0.010777
0.000564
0.000000
0.000000
0.000000
0.000944
0.000682
0.014358
0.023099
0.002499
0.000319
0.000000
0.000000
0.000000
0.000622
0.000039
0.000345
0.002056
0.006588
0.001055
0.000000
0.000000
0.000000
0.000509
0.000065
0.000369
0.003058
0.010777
0.000564
0.000000
0.000000
0.000000
0.027136
0.014144
0.001389
0.003221
0.001486
0.000180
0.000000
0.000000
0.000000
0.000622
0.000039
0.000345
0.002056
0.006588
0.001055
0.000000
0.000000
0.000000
0.002629
0.013299
0.011295
0.006809
0.008236
0.000990
0.000000
0.000000
0.000000
0.027136
0.014144
0.001389
0.003221
0.001486
0.000180
0.000000
0.000000
0.000000
0.009923
0.025651
0.010784
0.012042
0.004294
0.000600
0.000000
0.000000
0.000000
0.002629
0.013299
0.011295
0.006809
0.008236
0.000990
0.000000
0.000000
0.000000
0.010686
0.027137
0.010960
0.007154
0.007055
0.000453
0.000000
0.000000
0.000000
0.009923
0.025651
0.010784
0.012042
0.004294
0.000600
0.000000
0.000000
0.000000
0.028038
0.025343
0.004093
0.004531
0.007196
0.000125
0.000000
0.000000
0.000000
0.010686
0.027137
0.010960
0.007154
0.007055
0.000453
0.000000
0.000000
0.000000
0.024343
0.014896
0.011635
0.004462
0.003009
0.000086
0.000000
0.000000
0.000000
0.028038
0.025343
0.004093
0.004531
0.007196
0.000125
0.000000
0.000000
0.000000
0.012051
0.010311
0.007278
0.007000
0.006211
0.000973
0.000000
0.000000
0.000000
0.024343
0.014896
0.011635
0.004462
0.003009
0.000086
0.000000
0.000000
0.000000
0.013919
0.009768
0.009085
0.002492
0.004482
0.000440
0.000000
0.000000
0.000000
0.012051
0.010311
0.007278
0.007000
0.006211
0.000973
0.000000
0.000000
0.000000
0.000320
0.000033
0.001786
0.004861
0.006611
0.000921
0.000000
0.000000
0.000000
0.013919
0.009768
0.009085
0.002492
0.004482
0.000440
0.000000
0.000000
0.000000
0.008802
0.004704
0.003483
0.003164
0.002380
0.000256
0.000000
0.000000
0.000000
0.000320
0.000033
0.001786
0.004861
0.006611
0.000921
0.000000
0.000000
0.000000
0.000389
0.001545
0.004959
0.010054
0.016579
0.000516
0.000000
0.000000
0.000000
0.008802
0.004704
0.003483
0.003164
0.002380
0.000256
0.000000
0.000000
0.000000
0.021260
0.016005
0.011044
0.011576
0.007273
0.000602
0.000000
0.000000
0.000000
0.000389
0.001545
0.004959
0.010054
0.016579
0.000516
0.000000
0.000000
0.000000
0.000111
0.000459
0.002808
0.014243
0.037231
0.001676
0.000000
0.000000
0.000000
0.021260
0.016005
0.011044
0.011576
0.007273
0.000602
0.000000
0.000000
0.000000
0.000171
0.000669
0.001187
0.006508
0.011587
0.001309
0.000000
0.000000
0.000000
0.000111
0.000459
0.002808
0.014243
0.037231
0.001676
0.000000
0.000000
0.000000
0.002805
0.009483
0.006005
0.019077
0.037949
0.001056
0.000000
0.000000
0.000000
0.000171
0.000669
0.001187
0.006508
0.011587
0.001309
0.000000
0.000000
0.000000
0.033062
0.027649
0.006464
0.001558
0.002264
0.000026
0.000000
0.000000
0.000000
0.001179
0.002778
0.003203
0.002416
0.002415
0.000373
0.000000
0.000000
0.000000
0.001452
0.003454
0.013599
0.038911
0.005794
0.000725
0.000000
0.000000
0.000000
0.002557
0.003178
0.000753
0.000744
0.000851
0.000022
0.000000
0.000000
0.000000
0.003806
0.007194
0.003728
0.002291
0.000657
0.000041
0.000000
0.000000
0.000000
0.001452
0.003454
0.013599
0.038911
0.005794
0.000725
0.000000
0.000000
0.000000
0.000944
0.000682
0.014358
0.023099
0.002499
0.000319
0.000000
0.000000
0.000000
0.003806
0.007194
0.003728
0.002291
0.000657
0.000041
0.000000
0.000000
0.000000
0.000977
0.002820
0.014604
0.019472
0.000672
0.000000
0.000000
0.000000
0.000000
0.000944
0.000682
0.014358
0.023099
0.002499
0.000319
0.000000
0.000000
0.000000
0.000622
0.000039
0.000345
0.002056
0.006588
0.001055
0.000000
0.000000
0.000000
0.000977
0.002820
0.014604
0.019472
0.000672
0.000000
0.000000
0.000000
0.000000
0.001284
0.005973
0.029196
0.028615
0.001537
0.000251
0.000000
0.000000
0.000000
0.000622
0.000039
0.000345
0.002056
0.006588
0.001055
0.000000
0.000000
0.000000
0.002629
0.013299
0.011295
0.006809
0.008236
0.000990
0.000000
0.000000
0.000000
0.001284
0.005973
0.029196
0.028615
0.001537
0.000251
0.000000
0.000000
0.000000
0.000431
0.001685
0.003017
0.009067
0.002792
0.000197
0.000000
0.000000
0.000000
0.002629
0.013299
0.011295
0.006809
0.008236
0.000990
0.000000
0.000000
0.000000
0.010686
0.027137
0.010960
0.007154
0.007055
0.000453
0.000000
0.000000
0.000000
0.000431
0.001685
0.003017
0.009067
0.002792
0.000197
0.000000
0.000000
0.000000
0.000305
0.001211
0.004008
0.005778
0.004458
0.000846
0.000000
0.000000
0.000000
0.010686
0.027137
0.010960
0.007154
0.007055
0.000453
0.000000
0.000000
0.000000
0.024343
0.014896
0.011635
0.004462
0.003009
0.000086
0.000000
0.000000
0.000000
0.000305
0.001211
0.004008
0.005778
0.004458
0.000846
0.000000
0.000000
0.000000
0.003994
0.014290
0.013105
0.007284
0.004150
0.000435
0.000000
0.000000
0.000000
0.024343
0.014896
0.011635
0.004462
0.003009
0.000086
0.000000
0.000000
0.000000
0.013919
0.009768
0.009085
0.002492
0.004482
0.000440
0.000000
0.000000
0.000000
0.003994
0.014290
0.013105
0.007284
0.004150
0.000435
0.000000
0.000000
0.000000
0.005984
0.020641
0.020555
0.023182
0.009492
0.002421
0.000000
0.000000
0.000000
0.013919
0.009768
0.009085
0.002492
0.004482
0.000440
0.000000
0.000000
0.000000
0.008802
0.004704
0.003483
0.003164
0.002380
0.000256
0.000000
0.000000
0.000000
0.005984
0.020641
0.020555
0.023182
0.009492
0.002421
0.000000
0.000000
0.000000
0.009952
0.003594
0.006251
0.007624
0.020713
0.006019
0.000000
0.000000
0.000000
0.008802
0.004704
0.003483
0.003164
0.002380
0.000256
0.000000
0.000000
0.000000
0.021260
0.016005
0.011044
0.011576
0.007273
0.000602
0.000000
0.000000
0.000000
0.009952
0.003594
0.006251
0.007624
0.020713
0.006019
0.000000
0.000000
0.000000
0.041243
0.019732
0.003244
0.002461
0.002687
0.000090
0.000000
0.000000
0.000000
0.021260
0.016005
0.011044
0.011576
0.007273
0.000602
0.000000
0.000000
0.000000
0.000171
0.000669
0.001187
0.006508
0.011587
0.001309
0.000000
0.000000
0.000000
0.041243
0.019732
0.003244
0.002461
0.002687
0.000090
0.000000
0.000000
0.000000
0.002387
0.002645
0.005017
0.003748
0.001801
0.000122
0.000000
0.000000
0.000000
0.000171
0.000669
0.001187
0.006508
0.011587
0.001309
0.000000
0.000000
0.000000
0.033062
0.027649
0.006464
0.001558
0.002264
0.000026
0.000000
0.000000
0.000000
0.002387
0.002645
0.005017
0.003748
0.001801
0.000122
0.000000
0.000000
0.000000
0.016677
0.034968
0.026246
0.016315
0.003396
0.000317
0.000000
0.000000
0.000000
0.002557
0.003178
0.000753
0.000744
0.000851
0.000022
0.000000
0.000000
0.000000
0.003806
0.007194
0.003728
0.002291
0.000657
0.000041
0.000000
0.000000
0.000000
0.001087
0.002140
0.002285
0.002457
0.002883
0.000307
0.000000
0.000000
0.000000
0.002020
0.006046
0.003362
0.000953
0.000285
0.000000
0.000000
0.000000
0.000000
0.003806
0.007194
0.003728
0.002291
0.000657
0.000041
0.000000
0.000000
0.000000
0.000977
0.002820
0.014604
0.019472
0.000672
0.000000
0.000000
0.000000
0.000000
0.002020
0.006046
0.003362
0.000953
0.000285
0.000000
0.000000
0.000000
0.000000
0.000260
0.002062
0.005824
0.002776
0.001436
0.000140
0.000000
0.000000
0.000000
0.000977
0.002820
0.014604
0.019472
0.000672
0.000000
0.000000
0.000000
0.000000
0.001284
0.005973
0.029196
0.028615
0.001537
0.000251
0.000000
0.000000
0.000000
0.000260
0.002062
0.005824
0.002776
0.001436
0.000140
0.000000
0.000000
0.000000
0.005994
0.004704
0.003378
0.002499
0.000814
0.000161
0.000000
0.000000
0.000000
0.001284
0.005973
0.029196
0.028615
0.001537
0.000251
0.000000
0.000000
0.000000
0.000431
0.001685
0.003017
0.009067
0.002792
0.000197
0.000000
0.000000
0.000000
0.005994
0.004704
0.003378
0.002499
0.000814
0.000161
0.000000
0.000000
0.000000
0.000141
0.000332
0.013406
0.047339
0.001518
0.000048
0.000000
0.000000
0.000000
0.000431
0.001685
0.003017
0.009067
0.002792
0.000197
0.000000
0.000000
0.000000
0.000305
0.001211
0.004008
0.005778
0.004458
0.000846
0.000000
0.000000
0.000000
0.000141
0.000332
0.013406
0.047339
0.001518
0.000048
0.000000
0.000000
0.000000
0.000206
0.000695
0.016365
0.029782
0.001262
0.000206
0.000000
0.000000
0.000000
0.000305
0.001211
0.004008
0.005778
0.004458
0.000846
0.000000
0.000000
0.000000
0.003994
0.014290
0.013105
0.007284
0.004150
0.000435
0.000000
0.000000
0.000000
0.000206
0.000695
0.016365
0.029782
0.001262
0.000206
0.000000
0.000000
0.000000
0.000089
0.001150
0.005215
0.009250
0.003713
0.000016
0.000000
0.000000
0.000000
0.003994
0.014290
0.013105
0.007284
0.004150
0.000435
0.000000
0.000000
0.000000
0.005984
0.020641
0.020555
0.023182
0.009492
0.002421
0.000000
0.000000
0.000000
0.000089
0.001150
0.005215
0.009250
0.003713
0.000016
0.000000
0.000000
0.000000
0.000206
0.000338
0.001652
0.010064
0.004867
0.000478
0.000000
0.000000
0.000000
0.005984
0.020641
0.020555
0.023182
0.009492
0.002421
0.000000
0.000000
0.000000
0.009952
0.003594
0.006251
0.007624
0.020713
0.006019
0.000000
0.000000
0.000000
0.000206
0.000338
0.001652
0.010064
0.004867
0.000478
0.000000
0.000000
0.000000
0.000490
0.001034
0.004695
0.013422
0.052331
0.006345
0.000000
0.000000
0.000000
0.009952
0.003594
0.006251
0.007624
0.020713
0.006019
0.000000
0.000000
0.000000
0.041243
0.019732
0.003244
0.002461
0.002687
0.000090
0.000000
0.000000
0.000000
0.000490
0.001034
0.004695
0.013422
0.052331
0.006345
0.000000
0.000000
0.000000
0.002692
0.004767
0.002070
0.015766
0.058637
0.004148
0.000000
0.000000
0.000000
0.041243
0.019732
0.003244
0.002461
0.002687
0.000090
0.000000
0.000000
0.000000
0.002387
0.002645
0.005017
0.003748
0.001801
0.000122
0.000000
0.000000
0.000000
0.002692
0.004767
0.002070
0.015766
0.058637
0.004148
0.000000
0.000000
0.000000
0.001365
0.000344
0.001688
0.018000
0.035264
0.000788
0.000000
0.000000
0.000000
0.002387
0.002645
0.005017
0.003748
0.001801
0.000122
0.000000
0.000000
0.000000
0.016677
0.034968
0.026246
0.016315
0.003396
0.000317
0.000000
0.000000
0.000000
0.001365
0.000344
0.001688
0.018000
0.035264
0.000788
0.000000
0.000000
0.000000
0.014400
0.040096
0.030868
0.011513
0.008636
0.001076
0.000000
0.000000
0.000000
0.001087
0.002140
0.002285
0.002457
0.002883
0.000307
0.000000
0.000000
0.000000
0.002020
0.006046
0.003362
0.000953
0.000285
0.000000
0.000000
0.000000
0.000000
0.001179
0.001512
0.004509
0.007408
0.002794
0.000390
0.000000
0.000000
0.000000
0.000865
0.001451
0.003340
0.002925
0.002731
0.000187
0.000000
0.000000
0.000000
0.002020
0.006046
0.003362
0.000953
0.000285
0.000000
0.000000
0.000000
0.000000
0.000260
0.002062
0.005824
0.002776
0.001436
0.000140
0.000000
0.000000
0.000000
0.000865
0.001451
0.003340
0.002925
0.002731
0.000187
0.000000
0.000000
0.000000
0.000520
0.002502
0.006607
0.003226
0.000840
0.000082
0.000000
0.000000
0.000000
0.000260
0.002062
0.005824
0.002776
0.001436
0.000140
0.000000
0.000000
0.000000
0.005994
0.004704
0.003378
0.002499
0.000814
0.000161
0.000000
0.000000
0.000000
0.000520
0.002502
0.006607
0.003226
0.000840
0.000082
0.000000
0.000000
0.000000
0.002809
0.005734
0.003283
0.001025
0.000361
0.000000
0.000000
0.000000
0.000000
0.005994
0.004704
0.003378
0.002499
0.000814
0.000161
0.000000
0.000000
0.000000
0.000141
0.000332
0.013406
0.047339
0.001518
0.000048
0.000000
0.000000
0.000000
0.002809
0.005734
0.003283
0.001025
0.000361
0.000000
0.000000
0.000000
0.000000
0.001907
0.002231
0.001128
0.000628
0.000176
0.000019
0.000000
0.000000
0.000000
0.000141
0.000332
0.013406
0.047339
0.001518
0.000048
0.000000
0.000000
0.000000
0.000206
0.000695
0.016365
0.029782
0.001262
0.000206
0.000000
0.000000
0.000000
0.001907
0.002231
0.001128
0.000628
0.000176
0.000019
0.000000
0.000000
0.000000
0.000942
0.008426
0.023583
0.010448
0.000123
0.000000
0.000000
0.000000
0.000000
0.000206
0.000695
0.016365
0.029782
0.001262
0.000206
0.000000
0.000000
0.000000
0.000089
0.001150
0.005215
0.009250
0.003713
0.000016
0.000000
0.000000
0.000000
0.000942
0.008426
0.023583
0.010448
0.000123
0.000000
0.000000
0.000000
0.000000
0.000597
0.003056
0.019978
0.046835
0.006336
0.000535
0.000000
0.000000
0.000000
0.000089
0.001150
0.005215
0.009250
0.003713
0.000016
0.000000
0.000000
0.000000
0.000206
0.000338
0.001652
0.010064
0.004867
0.000478
0.000000
0.000000
0.000000
0.000597
0.003056
0.019978
0.046835
0.006336
0.000535
0.000000
0.000000
0.000000
0.000709
0.000416
0.000887
0.005435
0.012031
0.003650
0.000000
0.000000
0.000000
0.000206
0.000338
0.001652
0.010064
0.004867
0.000478
0.000000
0.000000
0.000000
0.000490
0.001034
0.004695
0.013422
0.052331
0.006345
0.000000
0.000000
0.000000
0.000709
0.000416
0.000887
0.005435
0.012031
0.003650
0.000000
0.000000
0.000000
0.001206
0.000016
0.000961
0.003904
0.016281
0.006283
0.000000
0.000000
0.000000
0.000490
0.001034
0.004695
0.013422
0.052331
0.006345
0.000000
0.000000
0.000000
0.002692
0.004767
0.002070
0.015766
0.058637
0.004148
0.000000
0.000000
0.000000
0.001206
0.000016
0.000961
0.003904
0.016281
0.006283
0.000000
0.000000
0.000000
0.000885
0.000236
0.000165
0.005487
0.034834
0.005665
0.000000
0.000000
0.000000
0.002692
0.004767
0.002070
0.015766
0.058637
0.004148
0.000000
0.000000
0.000000
0.001365
0.000344
0.001688
0.018000
0.035264
0.000788
0.000000
0.000000
0.000000
0.000885
0.000236
0.000165
0.005487
0.034834
0.005665
0.000000
0.000000
0.000000
0.001610
0.004789
0.002921
0.011173
0.050504
0.002513
0.000000
0.000000
0.000000
0.001365
0.000344
0.001688
0.018000
0.035264
0.000788
0.000000
0.000000
0.000000
0.014400
0.040096
0.030868
0.011513
0.008636
0.001076
0.000000
0.000000
0.000000
0.001610
0.004789
0.002921
0.011173
0.050504
0.002513
0.000000
0.000000
0.000000
0.016039
0.046238
0.016516
0.012819
0.006414
0.000780
0.000000
0.000000
0.000000
0.001179
0.001512
0.004509
0.007408
0.002794
0.000390
0.000000
0.000000
0.000000
0.000865
0.001451
0.003340
0.002925
0.002731
0.000187
0.000000
0.000000
0.000000
0.000701
0.001133
0.002201
0.001521
0.002129
0.000250
0.000000
0.000000
0.000000
0.000572
0.001862
0.004031
0.002895
0.001180
0.000091
0.000000
0.000000
0.000000
0.000865
0.001451
0.003340
0.002925
0.002731
0.000187
0.000000
0.000000
0.000000
0.000520
0.002502
0.006607
0.003226
0.000840
0.000082
0.000000
0.000000
0.000000
0.000572
0.001862
0.004031
0.002895
0.001180
0.000091
0.000000
0.000000
0.000000
0.000147
0.001238
0.004334
0.004791
0.001373
0.000086
0.000000
0.000000
0.000000
0.000520
0.002502
0.006607
0.003226
0.000840
0.000082
0.000000
0.000000
0.000000
0.002809
0.005734
0.003283
0.001025
0.000361
0.000000
0.000000
0.000000
0.000000
0.000147
0.001238
0.004334
0.004791
0.001373
0.000086
0.000000
0.000000
0.000000
0.002126
0.005259
0.002616
0.001105
0.001145
0.000077
0.000000
0.000000
0.000000
0.002809
0.005734
0.003283
0.001025
0.000361
0.000000
0.000000
0.000000
0.000000
0.001907
0.002231
0.001128
0.000628
0.000176
0.000019
0.000000
0.000000
0.000000
0.002126
0.005259
0.002616
0.001105
0.001145
0.000077
0.000000
0.000000
0.000000
0.000596
0.001047
0.001572
0.001358
0.000681
0.000042
0.000000
0.000000
0.000000
0.001907
0.002231
0.001128
0.000628
0.000176
0.000019
0.000000
0.000000
0.000000
0.000942
0.008426
0.023583
0.010448
0.000123
0.000000
0.000000
0.000000
0.000000
0.000596
0.001047
0.001572
0.001358
0.000681
0.000042
0.000000
0.000000
0.000000
0.002397
0.003966
0.001452
0.001172
0.000724
0.000014
0.000000
0.000000
0.000000
0.000942
0.008426
0.023583
0.010448
0.000123
0.000000
0.000000
0.000000
0.000000
0.000597
0.003056
0.019978
0.046835
0.006336
0.000535
0.000000
0.000000
0.000000
0.002397
0.003966
0.001452
0.001172
0.000724
0.000014
0.000000
0.000000
0.000000
0.002327
0.004211
0.007227
0.006724
0.001377
0.000074
0.000000
0.000000
0.000000
0.000597
0.003056
0.019978
0.046835
0.006336
0.000535
0.000000
0.000000
0.000000
0.000709
0.000416
0.000887
0.005435
0.012031
0.003650
0.000000
0.000000
0.000000
0.002327
0.004211
0.007227
0.006724
0.001377
0.000074
0.000000
0.000000
0.000000
0.000862
0.002355
0.031474
0.040853
0.003111
0.000698
0.000000
0.000000
0.000000
0.000709
0.000416
0.000887
0.005435
0.012031
0.003650
0.000000
0.000000
0.000000
0.001206
0.000016
0.000961
0.003904
0.016281
0.006283
0.000000
0.000000
0.000000
0.000862
0.002355
0.031474
0.040853
0.003111
0.000698
0.000000
0.000000
0.000000
0.000088
0.001135
0.010998
0.021022
0.021454
0.003790
0.000000
0.000000
0.000000
0.001206
0.000016
0.000961
0.003904
0.016281
0.006283
0.000000
0.000000
0.000000
0.000885
0.000236
0.000165
0.005487
0.034834
0.005665
0.000000
0.000000
0.000000
0.000088
0.001135
0.010998
0.021022
0.021454
0.003790
0.000000
0.000000
0.000000
0.001330
0.001675
0.002521
0.002916
0.025649
0.006886
0.000000
0.000000
0.000000
0.000885
0.000236
0.000165
0.005487
0.034834
0.005665
0.000000
0.000000
0.000000
0.001610
0.004789
0.002921
0.011173
0.050504
0.002513
0.000000
0.000000
0.000000
0.001330
0.001675
0.002521
0.002916
0.025649
0.006886
0.000000
0.000000
0.000000
0.016004
0.027614
0.005961
0.010088
0.011832
0.003595
0.000000
0.000000
0.000000
0.001610
0.004789
0.002921
0.011173
0.050504
0.002513
0.000000
0.000000
0.000000
0.016039
0.046238
0.016516
0.012819
0.006414
0.000780
0.000000
0.000000
0.000000
0.016004
0.027614
0.005961
0.010088
0.011832
0.003595
0.000000
0.000000
0.000000
0.017431
0.017156
0.001697
0.000156
0.000014
0.000000
0.000000
0.000000
0.000000
0.000701
0.001133
0.002201
0.001521
0.002129
0.000250
0.000000
0.000000
0.000000
0.000572
0.001862
0.004031
0.002895
0.001180
0.000091
0.000000
0.000000
0.000000
0.002454
0.003371
0.002240
0.001226
0.000002
0.000000
0.000000
0.000000
0.000000
0.000746
0.002806
0.002033
0.001124
0.000255
0.000010
0.000000
0.000000
0.000000
0.000572
0.001862
0.004031
0.002895
0.001180
0.000091
0.000000
0.000000
0.000000
0.000147
0.001238
0.004334
0.004791
0.001373
0.000086
0.000000
0.000000
0.000000
0.000746
0.002806
0.002033
0.001124
0.000255
0.000010
0.000000
0.000000
0.000000
0.000689
0.001101
0.003212
0.004520
0.002448
0.000057
0.000000
0.000000
0.000000
0.000147
0.001238
0.004334
0.004791
0.001373
0.000086
0.000000
0.000000
0.000000
0.002126
0.005259
0.002616
0.001105
0.001145
0.000077
0.000000
0.000000
0.000000
0.000689
0.001101
0.003212
0.004520
0.002448
0.000057
0.000000
0.000000
0.000000
0.000156
0.002820
0.007548
0.004037
0.001007
0.000000
0.000000
0.000000
0.000000
0.002126
0.005259
0.002616
0.001105
0.001145
0.000077
0.000000
0.000000
0.000000
0.000596
0.001047
0.001572
0.001358
0.000681
0.000042
0.000000
0.000000
0.000000
0.000156
0.002820
0.007548
0.004037
0.001007
0.000000
0.000000
0.000000
0.000000
0.000890
0.001600
0.001904
0.000953
0.001075
0.000062
0.000000
0.000000
0.000000
0.000596
0.001047
0.001572
0.001358
0.000681
0.000042
0.000000
0.000000
0.000000
0.002397
0.003966
0.001452
0.001172
0.000724
0.000014
0.000000
0.000000
0.000000
0.000890
0.001600
0.001904
0.000953
0.001075
0.000062
0.000000
0.000000
0.000000
0.000574
0.001927
0.003787
0.008226
0.009467
0.001276
0.000000
0.000000
0.000000
0.002397
0.003966
0.001452
0.001172
0.000724
0.000014
0.000000
0.000000
0.000000
0.002327
0.004211
0.007227
0.006724
0.001377
0.000074
0.000000
0.000000
0.000000
0.000574
0.001927
0.003787
0.008226
0.009467
0.001276
0.000000
0.000000
0.000000
0.002228
0.006486
0.009834
0.006725
0.004260
0.000116
0.000000
0.000000
0.000000
0.002327
0.004211
0.007227
0.006724
0.001377
0.000074
0.000000
0.000000
0.000000
0.000862
0.002355
0.031474
0.040853
0.003111
0.000698
0.000000
0.000000
0.000000
0.002228
0.006486
0.009834
0.006725
0.004260
0.000116
0.000000
0.000000
0.000000
0.000830
0.002860
0.002121
0.003127
0.001521
0.000190
0.000000
0.000000
0.000000
0.000862
0.002355
0.031474
0.040853
0.003111
0.000698
0.000000
0.000000
0.000000
0.000088
0.001135
0.010998
0.021022
0.021454
0.003790
0.000000
0.000000
0.000000
0.000830
0.002860
0.002121
0.003127
0.001521
0.000190
0.000000
0.000000
0.000000
0.000270
0.000402
0.005137
0.011204
0.015347
0.005772
0.000000
0.000000
0.000000
0.000088
0.001135
0.010998
0.021022
0.021454
0.003790
0.000000
0.000000
0.000000
0.001330
0.001675
0.002521
0.002916
0.025649
0.006886
0.000000
0.000000
0.000000
0.000270
0.000402
0.005137
0.011204
0.015347
0.005772
0.000000
0.000000
0.000000
0.000848
0.003890
0.007940
0.012730
0.029098
0.007788
0.000000
0.000000
0.000000
0.001330
0.001675
0.002521
0.002916
0.025649
0.006886
0.000000
0.000000
0.000000
0.016004
0.027614
0.005961
0.010088
0.011832
0.003595
0.000000
0.000000
0.000000
0.000848
0.003890
0.007940
0.012730
0.029098
0.007788
0.000000
0.000000
0.000000
0.007046
0.014359
0.008693
0.011471
0.014697
0.002561
0.000000
0.000000
0.000000
0.016004
0.027614
0.005961
0.010088
0.011832
0.003595
0.000000
0.000000
0.000000
0.017431
0.017156
0.001697
0.000156
0.000014
0.000000
0.000000
0.000000
0.000000
0.007046
0.014359
0.008693
0.011471
0.014697
0.002561
0.000000
0.000000
0.000000
0.004630
0.005767
0.001764
0.000744
0.000194
0.000002
0.000000
0.000000
0.000000
