0.002343
0.005308
0.007599
0.010332
0.031558
0.007657
0.000000
0.000000
0.000000
0.004563
0.010615
0.011529
0.007638
0.016738
0.003625
0.000000
0.000000
0.000000
0.003161
0.010838
0.013836
0.026041
0.022608
0.004791
0.000000
0.000000
0.000000
0.002497
0.003763
0.012355
0.023864
0.024713
0.002055
0.000000
0.000000
0.000000
0.004563
0.010615
0.011529
0.007638
0.016738
0.003625
0.000000
0.000000
0.000000
0.003317
0.011161
0.017181
0.024214
0.010073
0.001727
0.000000
0.000000
0.000000
0.002497
0.003763
0.012355
0.023864
0.024713
0.002055
0.000000
0.000000
0.000000
0.004429
0.013573
0.018720
0.017612
0.014694
0.001958
0.000000
0.000000
0.000000
0.003317
0.011161
0.017181
0.024214
0.010073
0.001727
0.000000
0.000000
0.000000
0.005991
0.010067
0.030555
0.016227
0.010245
0.001883
0.000000
0.000000
0.000000
0.004429
0.013573
0.018720
0.017612
0.014694
0.001958
0.000000
0.000000
0.000000
0.003280
0.007734
0.012437
0.014427
0.008144
0.000472
0.000000
0.000000
0.000000
0.005991
0.010067
0.030555
0.016227
0.010245
0.001883
0.000000
0.000000
0.000000
0.000434
0.006824
0.012381
0.014925
0.009721
0.001423
0.000000
0.000000
0.000000
0.003280
0.007734
0.012437
0.014427
0.008144
0.000472
0.000000
0.000000
0.000000
0.007982
0.010208
0.015104
0.025432
0.019634
0.001193
0.000000
0.000000
0.000000
0.000434
0.006824
0.012381
0.014925
0.009721
0.001423
0.000000
0.000000
0.000000
0.005368
0.010653
0.011295
0.012744
0.029792
0.006422
0.000000
0.000000
0.000000
0.007982
0.010208
0.015104
0.025432
0.019634
0.001193
0.000000
0.000000
0.000000
0.001607
0.007136
0.017347
0.022457
0.015405
0.001396
0.000000
0.000000
0.000000
0.005368
0.010653
0.011295
0.012744
0.029792
0.006422
0.000000
0.000000
0.000000
0.004297
0.006274
0.015189
0.018776
0.028943
0.002777
0.000000
0.000000
0.000000
0.001607
0.007136
0.017347
0.022457
0.015405
0.001396
0.000000
0.000000
0.000000
0.006107
0.019274
0.017410
0.022103
0.036641
0.003783
0.000000
0.000000
0.000000
0.004297
0.006274
0.015189
0.018776
0.028943
0.002777
0.000000
0.000000
0.000000
0.006635
0.009807
0.014637
0.014353
0.016031
0.000707
0.000000
0.000000
0.000000
0.006107
0.019274
0.017410
0.022103
0.036641
0.003783
0.000000
0.000000
0.000000
0.007691
0.016797
0.013511
0.015819
0.052573
0.010002
0.000000
0.000000
0.000000
0.006635
0.009807
0.014637
0.014353
0.016031
0.000707
0.000000
0.000000
0.000000
0.002048
0.006463
0.013069
0.013436
0.021973
0.005116
0.000000
0.000000
0.000000
0.007691
0.016797
0.013511
0.015819
0.052573
0.010002
0.000000
0.000000
0.000000
0.001525
0.019299
0.027795
0.029993
0.032023
0.002295
0.000000
0.000000
0.000000
0.002048
0.006463
0.013069
0.013436
0.021973
0.005116
0.000000
0.000000
0.000000
0.003777
0.013486
0.017448
0.021991
0.021004
0.005075
0.000000
0.000000
0.000000
0.001525
0.019299
0.027795
0.029993
0.032023
0.002295
0.000000
0.000000
0.000000
0.001430
0.003779
0.005748
0.017743
0.031561
0.007380
0.000000
0.000000
0.000000
0.003777
0.013486
0.017448
0.021991
0.021004
0.005075
0.000000
0.000000
0.000000
0.002461
0.007326
0.017324
0.037504
0.024637
0.003082
0.000000
0.000000
0.000000
0.001430
0.003779
0.005748
0.017743
0.031561
0.007380
0.000000
0.000000
0.000000
0.003534
0.012024
0.017496
0.025681
0.009426
0.000818
0.000000
0.000000
0.000000
0.002461
0.007326
0.017324
0.037504
0.024637
0.003082
0.000000
0.000000
0.000000
0.001835
0.007230
0.010474
0.018630
0.023745
0.001862
0.000000
0.000000
0.000000
0.003534
0.012024
0.017496
0.025681
0.009426
0.000818
0.000000
0.000000
0.000000
0.002524
0.005532
0.009727
0.016042
0.024859
0.001965
0.000000
0.000000
0.000000
0.003161
0.010838
0.013836
0.026041
0.022608
0.004791
0.000000
0.000000
0.000000
0.002497
0.003763
0.012355
0.023864
0.024713
0.002055
0.000000
0.000000
0.000000
0.000813
0.000919
0.003373
0.012252
0.036278
0.009489
0.000000
0.000000
0.000000
0.002252
0.006071
0.012863
0.007184
0.008245
0.002569
0.000000
0.000000
0.000000
0.002497
0.003763
0.012355
0.023864
0.024713
0.002055
0.000000
0.000000
0.000000
0.004429
0.013573
0.018720
0.017612
0.014694
0.001958
0.000000
0.000000
0.000000
0.002252
0.006071
0.012863
0.007184
0.008245
0.002569
0.000000
0.000000
0.000000
0.002421
0.007697
0.015815
0.011503
0.010637
0.001498
0.000000
0.000000
0.000000
0.004429
0.013573
0.018720
0.017612
0.014694
0.001958
0.000000
0.000000
0.000000
0.003280
0.007734
0.012437
0.014427
0.008144
0.000472
0.000000
0.000000
0.000000
0.002421
0.007697
0.015815
0.011503
0.010637
0.001498
0.000000
0.000000
0.000000
0.004488
0.007090
0.014356
0.012531
0.011069
0.000957
0.000000
0.000000
0.000000
0.003280
0.007734
0.012437
0.014427
0.008144
0.000472
0.000000
0.000000
0.000000
0.007982
0.010208
0.015104
0.025432
0.019634
0.001193
0.000000
0.000000
0.000000
0.004488
0.007090
0.014356
0.012531
0.011069
0.000957
0.000000
0.000000
0.000000
0.002677
0.015596
0.023272
0.023394
0.031454
0.003237
0.000000
0.000000
0.000000
0.007982
0.010208
0.015104
0.025432
0.019634
0.001193
0.000000
0.000000
0.000000
0.001607
0.007136
0.017347
0.022457
0.015405
0.001396
0.000000
0.000000
0.000000
0.002677
0.015596
0.023272
0.023394
0.031454
0.003237
0.000000
0.000000
0.000000
0.002871
0.008509
0.015204
0.025819
0.060654
0.010145
0.000000
0.000000
0.000000
0.001607
0.007136
0.017347
0.022457
0.015405
0.001396
0.000000
0.000000
0.000000
0.006107
0.019274
0.017410
0.022103
0.036641
0.003783
0.000000
0.000000
0.000000
0.002871
0.008509
0.015204
0.025819
0.060654
0.010145
0.000000
0.000000
0.000000
0.000942
0.004188
0.018309
0.019415
0.040970
0.006537
0.000000
0.000000
0.000000
0.006107
0.019274
0.017410
0.022103
0.036641
0.003783
0.000000
0.000000
0.000000
0.007691
0.016797
0.013511
0.015819
0.052573
0.010002
0.000000
0.000000
0.000000
0.000942
0.004188
0.018309
0.019415
0.040970
0.006537
0.000000
0.000000
0.000000
0.002634
0.004517
0.012139
0.023337
0.018387
0.002044
0.000000
0.000000
0.000000
0.007691
0.016797
0.013511
0.015819
0.052573
0.010002
0.000000
0.000000
0.000000
0.001525
0.019299
0.027795
0.029993
0.032023
0.002295
0.000000
0.000000
0.000000
0.002634
0.004517
0.012139
0.023337
0.018387
0.002044
0.000000
0.000000
0.000000
0.001998
0.005784
0.010204
0.019285
0.022857
0.002260
0.000000
0.000000
0.000000
0.001525
0.019299
0.027795
0.029993
0.032023
0.002295
0.000000
0.000000
0.000000
0.001430
0.003779
0.005748
0.017743
0.031561
0.007380
0.000000
0.000000
0.000000
0.001998
0.005784
0.010204
0.019285
0.022857
0.002260
0.000000
0.000000
0.000000
0.004380
0.011166
0.013244
0.014786
0.013999
0.003140
0.000000
0.000000
0.000000
0.001430
0.003779
0.005748
0.017743
0.031561
0.007380
0.000000
0.000000
0.000000
0.003534
0.012024
0.017496
0.025681
0.009426
0.000818
0.000000
0.000000
0.000000
0.004380
0.011166
0.013244
0.014786
0.013999
0.003140
0.000000
0.000000
0.000000
0.003957
0.005157
0.008878
0.021213
0.032453
0.004164
0.000000
0.000000
0.000000
0.003534
0.012024
0.017496
0.025681
0.009426
0.000818
0.000000
0.000000
0.000000
0.002524
0.005532
0.009727
0.016042
0.024859
0.001965
0.000000
0.000000
0.000000
0.003957
0.005157
0.008878
0.021213
0.032453
0.004164
0.000000
0.000000
0.000000
0.003729
0.012876
0.015480
0.032172
0.034129
0.004991
0.000000
0.000000
0.000000
0.000813
0.000919
0.003373
0.012252
0.036278
0.009489
0.000000
0.000000
0.000000
0.002252
0.006071
0.012863
0.007184
0.008245
0.002569
0.000000
0.000000
0.000000
0.001949
0.004248
0.008272
0.012676
0.022891
0.004956
0.000000
0.000000
0.000000
0.005269
0.011479
0.012180
0.012001
0.011941
0.002457
0.000000
0.000000
0.000000
0.002252
0.006071
0.012863
0.007184
0.008245
0.002569
0.000000
0.000000
0.000000
0.002421
0.007697
0.015815
0.011503
0.010637
0.001498
0.000000
0.000000
0.000000
0.005269
0.011479
0.012180
0.012001
0.011941
0.002457
0.000000
0.000000
0.000000
0.001419
0.003928
0.011695
0.031422
0.019738
0.001129
0.000000
0.000000
0.000000
0.002421
0.007697
0.015815
0.011503
0.010637
0.001498
0.000000
0.000000
0.000000
0.004488
0.007090
0.014356
0.012531
0.011069
0.000957
0.000000
0.000000
0.000000
0.001419
0.003928
0.011695
0.031422
0.019738
0.001129
0.000000
0.000000
0.000000
0.001420
0.011154
0.018440
0.011290
0.010998
0.001255
0.000000
0.000000
0.000000
0.004488
0.007090
0.014356
0.012531
0.011069
0.000957
0.000000
0.000000
0.000000
0.002677
0.015596
0.023272
0.023394
0.031454
0.003237
0.000000
0.000000
0.000000
0.001420
0.011154
0.018440
0.011290
0.010998
0.001255
0.000000
0.000000
0.000000
0.001074
0.004669
0.010863
0.026139
0.016508
0.002767
0.000000
0.000000
0.000000
0.002677
0.015596
0.023272
0.023394
0.031454
0.003237
0.000000
0.000000
0.000000
0.002871
0.008509
0.015204
0.025819
0.060654
0.010145
0.000000
0.000000
0.000000
0.001074
0.004669
0.010863
0.026139
0.016508
0.002767
0.000000
0.000000
0.000000
0.006552
0.009659
0.008565
0.010468
0.011972
0.001119
0.000000
0.000000
0.000000
0.002871
0.008509
0.015204
0.025819
0.060654
0.010145
0.000000
0.000000
0.000000
0.000942
0.004188
0.018309
0.019415
0.040970
0.006537
0.000000
0.000000
0.000000
0.006552
0.009659
0.008565
0.010468
0.011972
0.001119
0.000000
0.000000
0.000000
0.002955
0.015339
0.024541
0.020502
0.019618
0.000848
0.000000
0.000000
0.000000
0.000942
0.004188
0.018309
0.019415
0.040970
0.006537
0.000000
0.000000
0.000000
0.002634
0.004517
0.012139
0.023337
0.018387
0.002044
0.000000
0.000000
0.000000
0.002955
0.015339
0.024541
0.020502
0.019618
0.000848
0.000000
0.000000
0.000000
0.002998
0.012305
0.019132
0.022779
0.022148
0.002766
0.000000
0.000000
0.000000
0.002634
0.004517
0.012139
0.023337
0.018387
0.002044
0.000000
0.000000
0.000000
0.001998
0.005784
0.010204
0.019285
0.022857
0.002260
0.000000
0.000000
0.000000
0.002998
0.012305
0.019132
0.022779
0.022148
0.002766
0.000000
0.000000
0.000000
0.008352
0.013852
0.014395
0.030451
0.036711
0.005689
0.000000
0.000000
0.000000
0.001998
0.005784
0.010204
0.019285
0.022857
0.002260
0.000000
0.000000
0.000000
0.004380
0.011166
0.013244
0.014786
0.013999
0.003140
0.000000
0.000000
0.000000
0.008352
0.013852
0.014395
0.030451
0.036711
0.005689
0.000000
0.000000
0.000000
0.000714
0.005986
0.011857
0.038140
0.041962
0.001823
0.000000
0.000000
0.000000
0.004380
0.011166
0.013244
0.014786
0.013999
0.003140
0.000000
0.000000
0.000000
0.003957
0.005157
0.008878
0.021213
0.032453
0.004164
0.000000
0.000000
0.000000
0.000714
0.005986
0.011857
0.038140
0.041962
0.001823
0.000000
0.000000
0.000000
0.001395
0.005620
0.013712
0.018350
0.024927
0.004742
0.000000
0.000000
0.000000
0.003957
0.005157
0.008878
0.021213
0.032453
0.004164
0.000000
0.000000
0.000000
0.003729
0.012876
0.015480
0.032172
0.034129
0.004991
0.000000
0.000000
0.000000
0.001395
0.005620
0.013712
0.018350
0.024927
0.004742
0.000000
0.000000
0.000000
0.000652
0.002142
0.005386
0.017653
0.026053
0.002587
0.000000
0.000000
0.000000
0.001949
0.004248
0.008272
0.012676
0.022891
0.004956
0.000000
0.000000
0.000000
0.005269
0.011479
0.012180
0.012001
0.011941
0.002457
0.000000
0.000000
0.000000
0.001566
0.005841
0.014744
0.029369
0.014754
0.001918
0.000000
0.000000
0.000000
0.002563
0.008971
0.017094
0.022144
0.020590
0.001265
0.000000
0.000000
0.000000
0.005269
0.011479
0.012180
0.012001
0.011941
0.002457
0.000000
0.000000
0.000000
0.001419
0.003928
0.011695
0.031422
0.019738
0.001129
0.000000
0.000000
0.000000
0.002563
0.008971
0.017094
0.022144
0.020590
0.001265
0.000000
0.000000
0.000000
0.001254
0.005559
0.006786
0.013071
0.019009
0.002254
0.000000
0.000000
0.000000
0.001419
0.003928
0.011695
0.031422
0.019738
0.001129
0.000000
0.000000
0.000000
0.001420
0.011154
0.018440
0.011290
0.010998
0.001255
0.000000
0.000000
0.000000
0.001254
0.005559
0.006786
0.013071
0.019009
0.002254
0.000000
0.000000
0.000000
0.008048
0.015557
0.025986
0.035332
0.023480
0.002436
0.000000
0.000000
0.000000
0.001420
0.011154
0.018440
0.011290
0.010998
0.001255
0.000000
0.000000
0.000000
0.001074
0.004669
0.010863
0.026139
0.016508
0.002767
0.000000
0.000000
0.000000
0.008048
0.015557
0.025986
0.035332
0.023480
0.002436
0.000000
0.000000
0.000000
0.005410
0.008100
0.004032
0.014114
0.029101
0.005378
0.000000
0.000000
0.000000
0.001074
0.004669
0.010863
0.026139
0.016508
0.002767
0.000000
0.000000
0.000000
0.006552
0.009659
0.008565
0.010468
0.011972
0.001119
0.000000
0.000000
0.000000
0.005410
0.008100
0.004032
0.014114
0.029101
0.005378
0.000000
0.000000
0.000000
0.003952
0.005924
0.004639
0.011568
0.025551
0.004665
0.000000
0.000000
0.000000
0.006552
0.009659
0.008565
0.010468
0.011972
0.001119
0.000000
0.000000
0.000000
0.002955
0.015339
0.024541
0.020502
0.019618
0.000848
0.000000
0.000000
0.000000
0.003952
0.005924
0.004639
0.011568
0.025551
0.004665
0.000000
0.000000
0.000000
0.004642
0.014085
0.014065
0.022905
0.025626
0.003884
0.000000
0.000000
0.000000
0.002955
0.015339
0.024541
0.020502
0.019618
0.000848
0.000000
0.000000
0.000000
0.002998
0.012305
0.019132
0.022779
0.022148
0.002766
0.000000
0.000000
0.000000
0.004642
0.014085
0.014065
0.022905
0.025626
0.003884
0.000000
0.000000
0.000000
0.006003
0.008548
0.012626
0.019765
0.034105
0.006654
0.000000
0.000000
0.000000
0.002998
0.012305
0.019132
0.022779
0.022148
0.002766
0.000000
0.000000
0.000000
0.008352
0.013852
0.014395
0.030451
0.036711
0.005689
0.000000
0.000000
0.000000
0.006003
0.008548
0.012626
0.019765
0.034105
0.006654
0.000000
0.000000
0.000000
0.002590
0.005645
0.011697
0.021445
0.029206
0.002044
0.000000
0.000000
0.000000
0.008352
0.013852
0.014395
0.030451
0.036711
0.005689
0.000000
0.000000
0.000000
0.000714
0.005986
0.011857
0.038140
0.041962
0.001823
0.000000
0.000000
0.000000
0.002590
0.005645
0.011697
0.021445
0.029206
0.002044
0.000000
0.000000
0.000000
0.001596
0.005910
0.014061
0.019365
0.011856
0.001770
0.000000
0.000000
0.000000
0.000714
0.005986
0.011857
0.038140
0.041962
0.001823
0.000000
0.000000
0.000000
0.001395
0.005620
0.013712
0.018350
0.024927
0.004742
0.000000
0.000000
0.000000
0.001596
0.005910
0.014061
0.019365
0.011856
0.001770
0.000000
0.000000
0.000000
0.003315
0.007443
0.006727
0.008898
0.010097
0.000244
0.000000
0.000000
0.000000
0.001395
0.005620
0.013712
0.018350
0.024927
0.004742
0.000000
0.000000
0.000000
0.000652
0.002142
0.005386
0.017653
0.026053
0.002587
0.000000
0.000000
0.000000
0.003315
0.007443
0.006727
0.008898
0.010097
0.000244
0.000000
0.000000
0.000000
0.001679
0.003461
0.008414
0.008008
0.008750
0.002731
0.000000
0.000000
0.000000
0.001566
0.005841
0.014744
0.029369
0.014754
0.001918
0.000000
0.000000
0.000000
0.002563
0.008971
0.017094
0.022144
0.020590
0.001265
0.000000
0.000000
0.000000
0.004936
0.007116
0.019484
0.017017
0.016693
0.002261
0.000000
0.000000
0.000000
0.002526
0.005950
0.015684
0.021554
0.016299
0.002198
0.000000
0.000000
0.000000
0.002563
0.008971
0.017094
0.022144
0.020590
0.001265
0.000000
0.000000
0.000000
0.001254
0.005559
0.006786
0.013071
0.019009
0.002254
0.000000
0.000000
0.000000
0.002526
0.005950
0.015684
0.021554
0.016299
0.002198
0.000000
0.000000
0.000000
0.000914
0.004243
0.018629
0.050309
0.038896
0.002715
0.000000
0.000000
0.000000
0.001254
0.005559
0.006786
0.013071
0.019009
0.002254
0.000000
0.000000
0.000000
0.008048
0.015557
0.025986
0.035332
0.023480
0.002436
0.000000
0.000000
0.000000
0.000914
0.004243
0.018629
0.050309
0.038896
0.002715
0.000000
0.000000
0.000000
0.003873
0.013088
0.030172
0.035590
0.044672
0.006983
0.000000
0.000000
0.000000
0.008048
0.015557
0.025986
0.035332
0.023480
0.002436
0.000000
0.000000
0.000000
0.005410
0.008100
0.004032
0.014114
0.029101
0.005378
0.000000
0.000000
0.000000
0.003873
0.013088
0.030172
0.035590
0.044672
0.006983
0.000000
0.000000
0.000000
0.011075
0.024211
0.017071
0.022706
0.013475
0.000718
0.000000
0.000000
0.000000
0.005410
0.008100
0.004032
0.014114
0.029101
0.005378
0.000000
0.000000
0.000000
0.003952
0.005924
0.004639
0.011568
0.025551
0.004665
0.000000
0.000000
0.000000
0.011075
0.024211
0.017071
0.022706
0.013475
0.000718
0.000000
0.000000
0.000000
0.003766
0.010001
0.008944
0.006244
0.005143
0.000584
0.000000
0.000000
0.000000
0.003952
0.005924
0.004639
0.011568
0.025551
0.004665
0.000000
0.000000
0.000000
0.004642
0.014085
0.014065
0.022905
0.025626
0.003884
0.000000
0.000000
0.000000
0.003766
0.010001
0.008944
0.006244
0.005143
0.000584
0.000000
0.000000
0.000000
0.016230
0.030526
0.023894
0.012333
0.006550
0.001045
0.000000
0.000000
0.000000
0.004642
0.014085
0.014065
0.022905
0.025626
0.003884
0.000000
0.000000
0.000000
0.006003
0.008548
0.012626
0.019765
0.034105
0.006654
0.000000
0.000000
0.000000
0.016230
0.030526
0.023894
0.012333
0.006550
0.001045
0.000000
0.000000
0.000000
0.006823
0.012564
0.008606
0.022034
0.027139
0.003809
0.000000
0.000000
0.000000
0.006003
0.008548
0.012626
0.019765
0.034105
0.006654
0.000000
0.000000
0.000000
0.002590
0.005645
0.011697
0.021445
0.029206
0.002044
0.000000
0.000000
0.000000
0.006823
0.012564
0.008606
0.022034
0.027139
0.003809
0.000000
0.000000
0.000000
0.003471
0.005853
0.008564
0.022432
0.018584
0.002781
0.000000
0.000000
0.000000
0.002590
0.005645
0.011697
0.021445
0.029206
0.002044
0.000000
0.000000
0.000000
0.001596
0.005910
0.014061
0.019365
0.011856
0.001770
0.000000
0.000000
0.000000
0.003471
0.005853
0.008564
0.022432
0.018584
0.002781
0.000000
0.000000
0.000000
0.003564
0.013750
0.018024
0.016575
0.010556
0.002562
0.000000
0.000000
0.000000
0.001596
0.005910
0.014061
0.019365
0.011856
0.001770
0.000000
0.000000
0.000000
0.003315
0.007443
0.006727
0.008898
0.010097
0.000244
0.000000
0.000000
0.000000
0.003564
0.013750
0.018024
0.016575
0.010556
0.002562
0.000000
0.000000
0.000000
0.001461
0.002897
0.006871
0.012502
0.018525
0.003618
0.000000
0.000000
0.000000
0.003315
0.007443
0.006727
0.008898
0.010097
0.000244
0.000000
0.000000
0.000000
0.001679
0.003461
0.008414
0.008008
0.008750
0.002731
0.000000
0.000000
0.000000
0.001461
0.002897
0.006871
0.012502
0.018525
0.003618
0.000000
0.000000
0.000000
0.000421
0.001333
0.006242
0.012017
0.011287
0.001090
0.000000
0.000000
0.000000
0.004936
0.007116
0.019484
0.017017
0.016693
0.002261
0.000000
0.000000
0.000000
0.002526
0.005950
0.015684
0.021554
0.016299
0.002198
0.000000
0.000000
0.000000
0.001323
0.003032
0.007669
0.013704
0.026890
0.007177
0.000000
0.000000
0.000000
0.003054
0.004122
0.013004
0.019231
0.037097
0.006894
0.000000
0.000000
0.000000
0.002526
0.005950
0.015684
0.021554
0.016299
0.002198
0.000000
0.000000
0.000000
0.000914
0.004243
0.018629
0.050309
0.038896
0.002715
0.000000
0.000000
0.000000
0.003054
0.004122
0.013004
0.019231
0.037097
0.006894
0.000000
0.000000
0.000000
0.000053
0.003819
0.007809
0.013589
0.025045
0.002218
0.000000
0.000000
0.000000
0.000914
0.004243
0.018629
0.050309
0.038896
0.002715
0.000000
0.000000
0.000000
0.003873
0.013088
0.030172
0.035590
0.044672
0.006983
0.000000
0.000000
0.000000
0.000053
0.003819
0.007809
0.013589
0.025045
0.002218
0.000000
0.000000
0.000000
0.041172
0.026620
0.011027
0.004135
0.011238
0.003078
0.000000
0.000000
0.000000
0.003873
0.013088
0.030172
0.035590
0.044672
0.006983
0.000000
0.000000
0.000000
0.011075
0.024211
0.017071
0.022706
0.013475
0.000718
0.000000
0.000000
0.000000
0.041172
0.026620
0.011027
0.004135
0.011238
0.003078
0.000000
0.000000
0.000000
0.018227
0.020085
0.010474
0.004621
0.000671
0.000028
0.000000
0.000000
0.000000
0.011075
0.024211
0.017071
0.022706
0.013475
0.000718
0.000000
0.000000
0.000000
0.003766
0.010001
0.008944
0.006244
0.005143
0.000584
0.000000
0.000000
0.000000
0.018227
0.020085
0.010474
0.004621
0.000671
0.000028
0.000000
0.000000
0.000000
0.000877
0.001983
0.003522
0.010652
0.027475
0.004594
0.000000
0.000000
0.000000
0.003766
0.010001
0.008944
0.006244
0.005143
0.000584
0.000000
0.000000
0.000000
0.016230
0.030526
0.023894
0.012333
0.006550
0.001045
0.000000
0.000000
0.000000
0.000877
0.001983
0.003522
0.010652
0.027475
0.004594
0.000000
0.000000
0.000000
0.006014
0.013254
0.010611
0.010572
0.010230
0.000497
0.000000
0.000000
0.000000
0.016230
0.030526
0.023894
0.012333
0.006550
0.001045
0.000000
0.000000
0.000000
0.006823
0.012564
0.008606
0.022034
0.027139
0.003809
0.000000
0.000000
0.000000
0.006014
0.013254
0.010611
0.010572
0.010230
0.000497
0.000000
0.000000
0.000000
0.007253
0.020788
0.009845
0.006175
0.005427
0.001741
0.000000
0.000000
0.000000
0.006823
0.012564
0.008606
0.022034
0.027139
0.003809
0.000000
0.000000
0.000000
0.003471
0.005853
0.008564
0.022432
0.018584
0.002781
0.000000
0.000000
0.000000
0.007253
0.020788
0.009845
0.006175
0.005427
0.001741
0.000000
0.000000
0.000000
0.002751
0.004523
0.016276
0.022608
0.011472
0.000758
0.000000
0.000000
0.000000
0.003471
0.005853
0.008564
0.022432
0.018584
0.002781
0.000000
0.000000
0.000000
0.003564
0.013750
0.018024
0.016575
0.010556
0.002562
0.000000
0.000000
0.000000
0.002751
0.004523
0.016276
0.022608
0.011472
0.000758
0.000000
0.000000
0.000000
0.000578
0.004327
0.010972
0.011999
0.012827
0.000437
0.000000
0.000000
0.000000
0.003564
0.013750
0.018024
0.016575
0.010556
0.002562
0.000000
0.000000
0.000000
0.001461
0.002897
0.006871
0.012502
0.018525
0.003618
0.000000
0.000000
0.000000
0.000578
0.004327
0.010972
0.011999
0.012827
0.000437
0.000000
0.000000
0.000000
0.001076
0.003503
0.005306
0.017925
0.021408
0.003182
0.000000
0.000000
0.000000
0.001461
0.002897
0.006871
0.012502
0.018525
0.003618
0.000000
0.000000
0.000000
0.000421
0.001333
0.006242
0.012017
0.011287
0.001090
0.000000
0.000000
0.000000
0.001076
0.003503
0.005306
0.017925
0.021408
0.003182
0.000000
0.000000
0.000000
0.003526
0.010258
0.009737
0.014716
0.012575
0.000684
0.000000
0.000000
0.000000
0.001323
0.003032
0.007669
0.013704
0.026890
0.007177
0.000000
0.000000
0.000000
0.003054
0.004122
0.013004
0.019231
0.037097
0.006894
0.000000
0.000000
0.000000
0.002027
0.005153
0.005666
0.006312
0.015715
0.004425
0.000000
0.000000
0.000000
0.000100
0.000615
0.006284
0.013004
0.025159
0.003707
0.000000
0.000000
0.000000
0.003054
0.004122
0.013004
0.019231
0.037097
0.006894
0.000000
0.000000
0.000000
0.000053
0.003819
0.007809
0.013589
0.025045
0.002218
0.000000
0.000000
0.000000
0.000100
0.000615
0.006284
0.013004
0.025159
0.003707
0.000000
0.000000
0.000000
0.003310
0.004909
0.005016
0.015075
0.008896
0.000621
0.000000
0.000000
0.000000
0.000053
0.003819
0.007809
0.013589
0.025045
0.002218
0.000000
0.000000
0.000000
0.041172
0.026620
0.011027
0.004135
0.011238
0.003078
0.000000
0.000000
0.000000
0.003310
0.004909
0.005016
0.015075
0.008896
0.000621
0.000000
0.000000
0.000000
0.046270
0.028259
0.005113
0.004900
0.002223
0.000183
0.000000
0.000000
0.000000
0.041172
0.026620
0.011027
0.004135
0.011238
0.003078
0.000000
0.000000
0.000000
0.018227
0.020085
0.010474
0.004621
0.000671
0.000028
0.000000
0.000000
0.000000
0.046270
0.028259
0.005113
0.004900
0.002223
0.000183
0.000000
0.000000
0.000000
0.008549
0.014442
0.011880
0.004419
0.003954
0.000372
0.000000
0.000000
0.000000
0.018227
0.020085
0.010474
0.004621
0.000671
0.000028
0.000000
0.000000
0.000000
0.000877
0.001983
0.003522
0.010652
0.027475
0.004594
0.000000
0.000000
0.000000
0.008549
0.014442
0.011880
0.004419
0.003954
0.000372
0.000000
0.000000
0.000000
0.000347
0.001174
0.002739
0.003274
0.007876
0.001053
0.000000
0.000000
0.000000
0.000877
0.001983
0.003522
0.010652
0.027475
0.004594
0.000000
0.000000
0.000000
0.006014
0.013254
0.010611
0.010572
0.010230
0.000497
0.000000
0.000000
0.000000
0.000347
0.001174
0.002739
0.003274
0.007876
0.001053
0.000000
0.000000
0.000000
0.001958
0.004748
0.005371
0.005130
0.003831
0.000377
0.000000
0.000000
0.000000
0.006014
0.013254
0.010611
0.010572
0.010230
0.000497
0.000000
0.000000
0.000000
0.007253
0.020788
0.009845
0.006175
0.005427
0.001741
0.000000
0.000000
0.000000
0.001958
0.004748
0.005371
0.005130
0.003831
0.000377
0.000000
0.000000
0.000000
0.012051
0.033391
0.037436
0.034484
0.017609
0.001899
0.000000
0.000000
0.000000
0.007253
0.020788
0.009845
0.006175
0.005427
0.001741
0.000000
0.000000
0.000000
0.002751
0.004523
0.016276
0.022608
0.011472
0.000758
0.000000
0.000000
0.000000
0.012051
0.033391
0.037436
0.034484
0.017609
0.001899
0.000000
0.000000
0.000000
0.011730
0.020297
0.012900
0.009990
0.010191
0.001194
0.000000
0.000000
0.000000
0.002751
0.004523
0.016276
0.022608
0.011472
0.000758
0.000000
0.000000
0.000000
0.000578
0.004327
0.010972
0.011999
0.012827
0.000437
0.000000
0.000000
0.000000
0.011730
0.020297
0.012900
0.009990
0.010191
0.001194
0.000000
0.000000
0.000000
0.003776
0.008585
0.013435
0.010220
0.005283
0.000963
0.000000
0.000000
0.000000
0.000578
0.004327
0.010972
0.011999
0.012827
0.000437
0.000000
0.000000
0.000000
0.001076
0.003503
0.005306
0.017925
0.021408
0.003182
0.000000
0.000000
0.000000
0.003776
0.008585
0.013435
0.010220
0.005283
0.000963
0.000000
0.000000
0.000000
0.001904
0.005931
0.008920
0.012243
0.011077
0.001082
0.000000
0.000000
0.000000
0.001076
0.003503
0.005306
0.017925
0.021408
0.003182
0.000000
0.000000
0.000000
0.003526
0.010258
0.009737
0.014716
0.012575
0.000684
0.000000
0.000000
0.000000
0.001904
0.005931
0.008920
0.012243
0.011077
0.001082
0.000000
0.000000
0.000000
0.002313
0.002496
0.002850
0.015218
0.022664
0.003881
0.000000
0.000000
0.000000
0.002027
0.005153
0.005666
0.006312
0.015715
0.004425
0.000000
0.000000
0.000000
0.000100
0.000615
0.006284
0.013004
0.025159
0.003707
0.000000
0.000000
0.000000
0.000364
0.001269
0.004764
0.011888
0.012336
0.001903
0.000000
0.000000
0.000000
0.000404
0.001487
0.005617
0.013161
0.033584
0.005290
0.000000
0.000000
0.000000
0.000100
0.000615
0.006284
0.013004
0.025159
0.003707
0.000000
0.000000
0.000000
0.003310
0.004909
0.005016
0.015075
0.008896
0.000621
0.000000
0.000000
0.000000
0.000404
0.001487
0.005617
0.013161
0.033584
0.005290
0.000000
0.000000
0.000000
0.001103
0.001092
0.003956
0.015457
0.022249
0.001715
0.000000
0.000000
0.000000
0.003310
0.004909
0.005016
0.015075
0.008896
0.000621
0.000000
0.000000
0.000000
0.046270
0.028259
0.005113
0.004900
0.002223
0.000183
0.000000
0.000000
0.000000
0.001103
0.001092
0.003956
0.015457
0.022249
0.001715
0.000000
0.000000
0.000000
0.023142
0.041988
0.012918
0.009553
0.002637
0.000357
0.000000
0.000000
0.000000
0.046270
0.028259
0.005113
0.004900
0.002223
0.000183
0.000000
0.000000
0.000000
0.008549
0.014442
0.011880
0.004419
0.003954
0.000372
0.000000
0.000000
0.000000
0.023142
0.041988
0.012918
0.009553
0.002637
0.000357
0.000000
0.000000
0.000000
0.012461
0.012788
0.009063
0.009927
0.002322
0.000066
0.000000
0.000000
0.000000
0.008549
0.014442
0.011880
0.004419
0.003954
0.000372
0.000000
0.000000
0.000000
0.000347
0.001174
0.002739
0.003274
0.007876
0.001053
0.000000
0.000000
0.000000
0.012461
0.012788
0.009063
0.009927
0.002322
0.000066
0.000000
0.000000
0.000000
0.000770
0.000989
0.001551
0.005267
0.007353
0.000817
0.000000
0.000000
0.000000
0.000347
0.001174
0.002739
0.003274
0.007876
0.001053
0.000000
0.000000
0.000000
0.001958
0.004748
0.005371
0.005130
0.003831
0.000377
0.000000
0.000000
0.000000
0.000770
0.000989
0.001551
0.005267
0.007353
0.000817
0.000000
0.000000
0.000000
0.000696
0.002813
0.005547
0.008990
0.006344
0.000203
0.000000
0.000000
0.000000
0.001958
0.004748
0.005371
0.005130
0.003831
0.000377
0.000000
0.000000
0.000000
0.012051
0.033391
0.037436
0.034484
0.017609
0.001899
0.000000
0.000000
0.000000
0.000696
0.002813
0.005547
0.008990
0.006344
0.000203
0.000000
0.000000
0.000000
0.035678
0.055684
0.022247
0.002921
0.003738
0.000023
0.000000
0.000000
0.000000
0.012051
0.033391
0.037436
0.034484
0.017609
0.001899
0.000000
0.000000
0.000000
0.011730
0.020297
0.012900
0.009990
0.010191
0.001194
0.000000
0.000000
0.000000
0.035678
0.055684
0.022247
0.002921
0.003738
0.000023
0.000000
0.000000
0.000000
0.006484
0.021396
0.018587
0.020334
0.020757
0.002132
0.000000
0.000000
0.000000
0.011730
0.020297
0.012900
0.009990
0.010191
0.001194
0.000000
0.000000
0.000000
0.003776
0.008585
0.013435
0.010220
0.005283
0.000963
0.000000
0.000000
0.000000
0.006484
0.021396
0.018587
0.020334
0.020757
0.002132
0.000000
0.000000
0.000000
0.002752
0.006180
0.009434
0.016171
0.011254
0.001490
0.000000
0.000000
0.000000
0.003776
0.008585
0.013435
0.010220
0.005283
0.000963
0.000000
0.000000
0.000000
0.001904
0.005931
0.008920
0.012243
0.011077
0.001082
0.000000
0.000000
0.000000
0.002752
0.006180
0.009434
0.016171
0.011254
0.001490
0.000000
0.000000
0.000000
0.002659
0.006391
0.010590
0.011896
0.008181
0.000403
0.000000
0.000000
0.000000
0.001904
0.005931
0.008920
0.012243
0.011077
0.001082
0.000000
0.000000
0.000000
0.002313
0.002496
0.002850
0.015218
0.022664
0.003881
0.000000
0.000000
0.000000
0.002659
0.006391
0.010590
0.011896
0.008181
0.000403
0.000000
0.000000
0.000000
0.001590
0.004365
0.005629
0.011340
0.005314
0.000471
0.000000
0.000000
0.000000
0.000364
0.001269
0.004764
0.011888
0.012336
0.001903
0.000000
0.000000
0.000000
0.000404
0.001487
0.005617
0.013161
0.033584
0.005290
0.000000
0.000000
0.000000
0.003522
0.011155
0.008772
0.006511
0.005039
0.000554
0.000000
0.000000
0.000000
0.001075
0.002811
0.011640
0.016116
0.024842
0.004765
0.000000
0.000000
0.000000
0.000404
0.001487
0.005617
0.013161
0.033584
0.005290
0.000000
0.000000
0.000000
0.001103
0.001092
0.003956
0.015457
0.022249
0.001715
0.000000
0.000000
0.000000
0.001075
0.002811
0.011640
0.016116
0.024842
0.004765
0.000000
0.000000
0.000000
0.001776
0.004451
0.005912
0.013584
0.023415
0.005519
0.000000
0.000000
0.000000
0.001103
0.001092
0.003956
0.015457
0.022249
0.001715
0.000000
0.000000
0.000000
0.023142
0.041988
0.012918
0.009553
0.002637
0.000357
0.000000
0.000000
0.000000
0.001776
0.004451
0.005912
0.013584
0.023415
0.005519
0.000000
0.000000
0.000000
0.007604
0.028255
0.028874
0.016701
0.012021
0.002594
0.000000
0.000000
0.000000
0.023142
0.041988
0.012918
0.009553
0.002637
0.000357
0.000000
0.000000
0.000000
0.012461
0.012788
0.009063
0.009927
0.002322
0.000066
0.000000
0.000000
0.000000
0.007604
0.028255
0.028874
0.016701
0.012021
0.002594
0.000000
0.000000
0.000000
0.021070
0.035517
0.025764
0.011677
0.004161
0.000788
0.000000
0.000000
0.000000
0.012461
0.012788
0.009063
0.009927
0.002322
0.000066
0.000000
0.000000
0.000000
0.000770
0.000989
0.001551
0.005267
0.007353
0.000817
0.000000
0.000000
0.000000
0.021070
0.035517
0.025764
0.011677
0.004161
0.000788
0.000000
0.000000
0.000000
0.005184
0.006108
0.002732
0.000771
0.000275
0.000021
0.000000
0.000000
0.000000
0.000770
0.000989
0.001551
0.005267
0.007353
0.000817
0.000000
0.000000
0.000000
0.000696
0.002813
0.005547
0.008990
0.006344
0.000203
0.000000
0.000000
0.000000
0.005184
0.006108
0.002732
0.000771
0.000275
0.000021
0.000000
0.000000
0.000000
0.018846
0.019944
0.020043
0.031036
0.017988
0.000388
0.000000
0.000000
0.000000
0.000696
0.002813
0.005547
0.008990
0.006344
0.000203
0.000000
0.000000
0.000000
0.035678
0.055684
0.022247
0.002921
0.003738
0.000023
0.000000
0.000000
0.000000
0.018846
0.019944
0.020043
0.031036
0.017988
0.000388
0.000000
0.000000
0.000000
0.007448
0.012145
0.014219
0.010238
0.029225
0.006697
0.000000
0.000000
0.000000
0.035678
0.055684
0.022247
0.002921
0.003738
0.000023
0.000000
0.000000
0.000000
0.006484
0.021396
0.018587
0.020334
0.020757
0.002132
0.000000
0.000000
0.000000
0.007448
0.012145
0.014219
0.010238
0.029225
0.006697
0.000000
0.000000
0.000000
0.005857
0.007609
0.011644
0.013159
0.011596
0.001079
0.000000
0.000000
0.000000
0.006484
0.021396
0.018587
0.020334
0.020757
0.002132
0.000000
0.000000
0.000000
0.002752
0.006180
0.009434
0.016171
0.011254
0.001490
0.000000
0.000000
0.000000
0.005857
0.007609
0.011644
0.013159
0.011596
0.001079
0.000000
0.000000
0.000000
0.006754
0.005954
0.008107
0.013119
0.010677
0.001129
0.000000
0.000000
0.000000
0.002752
0.006180
0.009434
0.016171
0.011254
0.001490
0.000000
0.000000
0.000000
0.002659
0.006391
0.010590
0.011896
0.008181
0.000403
0.000000
0.000000
0.000000
0.006754
0.005954
0.008107
0.013119
0.010677
0.001129
0.000000
0.000000
0.000000
0.001679
0.004902
0.005693
0.011729
0.011704
0.002522
0.000000
0.000000
0.000000
0.002659
0.006391
0.010590
0.011896
0.008181
0.000403
0.000000
0.000000
0.000000
0.001590
0.004365
0.005629
0.011340
0.005314
0.000471
0.000000
0.000000
0.000000
0.001679
0.004902
0.005693
0.011729
0.011704
0.002522
0.000000
0.000000
0.000000
0.001430
0.004486
0.006795
0.005511
0.012431
0.001888
0.000000
0.000000
0.000000
0.003522
0.011155
0.008772
0.006511
0.005039
0.000554
0.000000
0.000000
0.000000
0.001075
0.002811
0.011640
0.016116
0.024842
0.004765
0.000000
0.000000
0.000000
0.004865
0.006048
0.009412
0.010654
0.014905
0.002333
0.000000
0.000000
0.000000
0.003754
0.011836
0.015645
0.017878
0.015108
0.001831
0.000000
0.000000
0.000000
0.001075
0.002811
0.011640
0.016116
0.024842
0.004765
0.000000
0.000000
0.000000
0.001776
0.004451
0.005912
0.013584
0.023415
0.005519
0.000000
0.000000
0.000000
0.003754
0.011836
0.015645
0.017878
0.015108
0.001831
0.000000
0.000000
0.000000
0.001860
0.009637
0.014513
0.028061
0.057477
0.008558
0.000000
0.000000
0.000000
0.001776
0.004451
0.005912
0.013584
0.023415
0.005519
0.000000
0.000000
0.000000
0.007604
0.028255
0.028874
0.016701
0.012021
0.002594
0.000000
0.000000
0.000000
0.001860
0.009637
0.014513
0.028061
0.057477
0.008558
0.000000
0.000000
0.000000
0.006254
0.008900
0.016932
0.021846
0.034415
0.009291
0.000000
0.000000
0.000000
0.007604
0.028255
0.028874
0.016701
0.012021
0.002594
0.000000
0.000000
0.000000
0.021070
0.035517
0.025764
0.011677
0.004161
0.000788
0.000000
0.000000
0.000000
0.006254
0.008900
0.016932
0.021846
0.034415
0.009291
0.000000
0.000000
0.000000
0.011520
0.022953
0.033416
0.028455
0.023797
0.005504
0.000000
0.000000
0.000000
0.021070
0.035517
0.025764
0.011677
0.004161
0.000788
0.000000
0.000000
0.000000
0.005184
0.006108
0.002732
0.000771
0.000275
0.000021
0.000000
0.000000
0.000000
0.011520
0.022953
0.033416
0.028455
0.023797
0.005504
0.000000
0.000000
0.000000
0.007134
0.011038
0.005751
0.008549
0.018908
0.001187
0.000000
0.000000
0.000000
0.005184
0.006108
0.002732
0.000771
0.000275
0.000021
0.000000
0.000000
0.000000
0.018846
0.019944
0.020043
0.031036
0.017988
0.000388
0.000000
0.000000
0.000000
0.007134
0.011038
0.005751
0.008549
0.018908
0.001187
0.000000
0.000000
0.000000
0.035503
0.034015
0.011759
0.003511
0.002613
0.000435
0.000000
0.000000
0.000000
0.018846
0.019944
0.020043
0.031036
0.017988
0.000388
0.000000
0.000000
0.000000
0.007448
0.012145
0.014219
0.010238
0.029225
0.006697
0.000000
0.000000
0.000000
0.035503
0.034015
0.011759
0.003511
0.002613
0.000435
0.000000
0.000000
0.000000
0.009347
0.008217
0.003946
0.003962
0.005058
0.001475
0.000000
0.000000
0.000000
0.007448
0.012145
0.014219
0.010238
0.029225
0.006697
0.000000
0.000000
0.000000
0.005857
0.007609
0.011644
0.013159
0.011596
0.001079
0.000000
0.000000
0.000000
0.009347
0.008217
0.003946
0.003962
0.005058
0.001475
0.000000
0.000000
0.000000
0.003289
0.010925
0.007081
0.010049
0.008278
0.000882
0.000000
0.000000
0.000000
0.005857
0.007609
0.011644
0.013159
0.011596
0.001079
0.000000
0.000000
0.000000
0.006754
0.005954
0.008107
0.013119
0.010677
0.001129
0.000000
0.000000
0.000000
0.003289
0.010925
0.007081
0.010049
0.008278
0.000882
0.000000
0.000000
0.000000
0.001816
0.007342
0.011275
0.008582
0.014056
0.002570
0.000000
0.000000
0.000000
0.006754
0.005954
0.008107
0.013119
0.010677
0.001129
0.000000
0.000000
0.000000
0.001679
0.004902
0.005693
0.011729
0.011704
0.002522
0.000000
0.000000
0.000000
0.001816
0.007342
0.011275
0.008582
0.014056
0.002570
0.000000
0.000000
0.000000
0.005717
0.009993
0.005240
0.008521
0.017308
0.003595
0.000000
0.000000
0.000000
0.001679
0.004902
0.005693
0.011729
0.011704
0.002522
0.000000
0.000000
0.000000
0.001430
0.004486
0.006795
0.005511
0.012431
0.001888
0.000000
0.000000
0.000000
0.005717
0.009993
0.005240
0.008521
0.017308
0.003595
0.000000
0.000000
0.000000
0.002042
0.006246
0.010136
0.011287
0.009485
0.001291
0.000000
0.000000
0.000000
0.004865
0.006048
0.009412
0.010654
0.014905
0.002333
0.000000
0.000000
0.000000
0.003754
0.011836
0.015645
0.017878
0.015108
0.001831
0.000000
0.000000
0.000000
0.001640
0.001903
0.004165
0.010665
0.021701
0.002472
0.000000
0.000000
0.000000
0.003533
0.008813
0.009636
0.029615
0.022345
0.001913
0.000000
0.000000
0.000000
0.003754
0.011836
0.015645
0.017878
0.015108
0.001831
0.000000
0.000000
0.000000
0.001860
0.009637
0.014513
0.028061
0.057477
0.008558
0.000000
0.000000
0.000000
0.003533
0.008813
0.009636
0.029615
0.022345
0.001913
0.000000
0.000000
0.000000
0.004326
0.005192
0.010146
0.024836
0.030574
0.002437
0.000000
0.000000
0.000000
0.001860
0.009637
0.014513
0.028061
0.057477
0.008558
0.000000
0.000000
0.000000
0.006254
0.008900
0.016932
0.021846
0.034415
0.009291
0.000000
0.000000
0.000000
0.004326
0.005192
0.010146
0.024836
0.030574
0.002437
0.000000
0.000000
0.000000
0.001025
0.002851
0.005541
0.010705
0.013375
0.002038
0.000000
0.000000
0.000000
0.006254
0.008900
0.016932
0.021846
0.034415
0.009291
0.000000
0.000000
0.000000
0.011520
0.022953
0.033416
0.028455
0.023797
0.005504
0.000000
0.000000
0.000000
0.001025
0.002851
0.005541
0.010705
0.013375
0.002038
0.000000
0.000000
0.000000
0.010109
0.012461
0.008865
0.010002
0.007702
0.000667
0.000000
0.000000
0.000000
0.011520
0.022953
0.033416
0.028455
0.023797
0.005504
0.000000
0.000000
0.000000
0.007134
0.011038
0.005751
0.008549
0.018908
0.001187
0.000000
0.000000
0.000000
0.010109
0.012461
0.008865
0.010002
0.007702
0.000667
0.000000
0.000000
0.000000
0.030044
0.031526
0.005843
0.001760
0.001554
0.000209
0.000000
0.000000
0.000000
0.007134
0.011038
0.005751
0.008549
0.018908
0.001187
0.000000
0.000000
0.000000
0.035503
0.034015
0.011759
0.003511
0.002613
0.000435
0.000000
0.000000
0.000000
0.030044
0.031526
0.005843
0.001760
0.001554
0.000209
0.000000
0.000000
0.000000
0.032890
0.045194
0.008700
0.006690
0.011089
0.001993
0.000000
0.000000
0.000000
0.035503
0.034015
0.011759
0.003511
0.002613
0.000435
0.000000
0.000000
0.000000
0.009347
0.008217
0.003946
0.003962
0.005058
0.001475
0.000000
0.000000
0.000000
0.032890
0.045194
0.008700
0.006690
0.011089
0.001993
0.000000
0.000000
0.000000
0.017786
0.022651
0.007686
0.004923
0.012373
0.002656
0.000000
0.000000
0.000000
0.009347
0.008217
0.003946
0.003962
0.005058
0.001475
0.000000
0.000000
0.000000
0.003289
0.010925
0.007081
0.010049
0.008278
0.000882
0.000000
0.000000
0.000000
0.017786
0.022651
0.007686
0.004923
0.012373
0.002656
0.000000
0.000000
0.000000
0.003487
0.007845
0.006881
0.016181
0.027856
0.002747
0.000000
0.000000
0.000000
0.003289
0.010925
0.007081
0.010049
0.008278
0.000882
0.000000
0.000000
0.000000
0.001816
0.007342
0.011275
0.008582
0.014056
0.002570
0.000000
0.000000
0.000000
0.003487
0.007845
0.006881
0.016181
0.027856
0.002747
0.000000
0.000000
0.000000
0.002895
0.006743
0.010951
0.035923
0.021626
0.003640
0.000000
0.000000
0.000000
0.001816
0.007342
0.011275
0.008582
0.014056
0.002570
0.000000
0.000000
0.000000
0.005717
0.009993
0.005240
0.008521
0.017308
0.003595
0.000000
0.000000
0.000000
0.002895
0.006743
0.010951
0.035923
0.021626
0.003640
0.000000
0.000000
0.000000
0.003739
0.009383
0.007856
0.022516
0.039453
0.006979
0.000000
0.000000
0.000000
0.005717
0.009993
0.005240
0.008521
0.017308
0.003595
0.000000
0.000000
0.000000
0.002042
0.006246
0.010136
0.011287
0.009485
0.001291
0.000000
0.000000
0.000000
0.003739
0.009383
0.007856
0.022516
0.039453
0.006979
0.000000
0.000000
0.000000
0.001828
0.003509
0.012940
0.021975
0.035562
0.002351
0.000000
0.000000
0.000000
0.001640
0.001903
0.004165
0.010665
0.021701
0.002472
0.000000
0.000000
0.000000
0.003533
0.008813
0.009636
0.029615
0.022345
0.001913
0.000000
0.000000
0.000000
0.001124
0.006712
0.009763
0.013198
0.021786
0.004718
0.000000
0.000000
0.000000
0.003583
0.013025
0.007235
0.023403
0.023315
0.001547
0.000000
0.000000
0.000000
0.003533
0.008813
0.009636
0.029615
0.022345
0.001913
0.000000
0.000000
0.000000
0.004326
0.005192
0.010146
0.024836
0.030574
0.002437
0.000000
0.000000
0.000000
0.003583
0.013025
0.007235
0.023403
0.023315
0.001547
0.000000
0.000000
0.000000
0.004658
0.005712
0.009812
0.016386
0.027168
0.004975
0.000000
0.000000
0.000000
0.004326
0.005192
0.010146
0.024836
0.030574
0.002437
0.000000
0.000000
0.000000
0.001025
0.002851
0.005541
0.010705
0.013375
0.002038
0.000000
0.000000
0.000000
0.004658
0.005712
0.009812
0.016386
0.027168
0.004975
0.000000
0.000000
0.000000
0.003199
0.004174
0.005080
0.019964
0.034950
0.006514
0.000000
0.000000
0.000000
0.001025
0.002851
0.005541
0.010705
0.013375
0.002038
0.000000
0.000000
0.000000
0.010109
0.012461
0.008865
0.010002
0.007702
0.000667
0.000000
0.000000
0.000000
0.003199
0.004174
0.005080
0.019964
0.034950
0.006514
0.000000
0.000000
0.000000
0.006764
0.006327
0.003490
0.023345
0.019455
0.002471
0.000000
0.000000
0.000000
0.010109
0.012461
0.008865
0.010002
0.007702
0.000667
0.000000
0.000000
0.000000
0.030044
0.031526
0.005843
0.001760
0.001554
0.000209
0.000000
0.000000
0.000000
0.006764
0.006327
0.003490
0.023345
0.019455
0.002471
0.000000
0.000000
0.000000
0.028973
0.041899
0.016154
0.004383
0.002781
0.000001
0.000000
0.000000
0.000000
0.030044
0.031526
0.005843
0.001760
0.001554
0.000209
0.000000
0.000000
0.000000
0.032890
0.045194
0.008700
0.006690
0.011089
0.001993
0.000000
0.000000
0.000000
0.028973
0.041899
0.016154
0.004383
0.002781
0.000001
0.000000
0.000000
0.000000
0.020927
0.021769
0.010804
0.008304
0.004380
0.000469
0.000000
0.000000
0.000000
0.032890
0.045194
0.008700
0.006690
0.011089
0.001993
0.000000
0.000000
0.000000
0.017786
0.022651
0.007686
0.004923
0.012373
0.002656
0.000000
0.000000
0.000000
0.020927
0.021769
0.010804
0.008304
0.004380
0.000469
0.000000
0.000000
0.000000
0.005978
0.016718
0.018357
0.011309
0.012509
0.001114
0.000000
0.000000
0.000000
0.017786
0.022651
0.007686
0.004923
0.012373
0.002656
0.000000
0.000000
0.000000
0.003487
0.007845
0.006881
0.016181
0.027856
0.002747
0.000000
0.000000
0.000000
0.005978
0.016718
0.018357
0.011309
0.012509
0.001114
0.000000
0.000000
0.000000
0.001652
0.012385
0.013357
0.015284
0.023733
0.004508
0.000000
0.000000
0.000000
0.003487
0.007845
0.006881
0.016181
0.027856
0.002747
0.000000
0.000000
0.000000
0.002895
0.006743
0.010951
0.035923
0.021626
0.003640
0.000000
0.000000
0.000000
0.001652
0.012385
0.013357
0.015284
0.023733
0.004508
0.000000
0.000000
0.000000
0.000000
0.000540
0.002645
0.016764
0.030611
0.005335
0.000000
0.000000
0.000000
0.002895
0.006743
0.010951
0.035923
0.021626
0.003640
0.000000
0.000000
0.000000
0.003739
0.009383
0.007856
0.022516
0.039453
0.006979
0.000000
0.000000
0.000000
0.000000
0.000540
0.002645
0.016764
0.030611
0.005335
0.000000
0.000000
0.000000
0.007177
0.009921
0.011017
0.032602
0.025695
0.002545
0.000000
0.000000
0.000000
0.003739
0.009383
0.007856
0.022516
0.039453
0.006979
0.000000
0.000000
0.000000
0.001828
0.003509
0.012940
0.021975
0.035562
0.002351
0.000000
0.000000
0.000000
0.007177
0.009921
0.011017
0.032602
0.025695
0.002545
0.000000
0.000000
0.000000
0.004225
0.015238
0.014222
0.017508
0.042260
0.004871
0.000000
0.000000
0.000000
0.001124
0.006712
0.009763
0.013198
0.021786
0.004718
0.000000
0.000000
0.000000
0.003583
0.013025
0.007235
0.023403
0.023315
0.001547
0.000000
0.000000
0.000000
0.002007
0.005256
0.006313
0.008102
0.019254
0.003739
0.000000
0.000000
0.000000
0.001220
0.002906
0.004098
0.009483
0.022110
0.004902
0.000000
0.000000
0.000000
0.003583
0.013025
0.007235
0.023403
0.023315
0.001547
0.000000
0.000000
0.000000
0.004658
0.005712
0.009812
0.016386
0.027168
0.004975
0.000000
0.000000
0.000000
0.001220
0.002906
0.004098
0.009483
0.022110
0.004902
0.000000
0.000000
0.000000
0.002706
0.002636
0.003847
0.012849
0.021061
0.004030
0.000000
0.000000
0.000000
0.004658
0.005712
0.009812
0.016386
0.027168
0.004975
0.000000
0.000000
0.000000
0.003199
0.004174
0.005080
0.019964
0.034950
0.006514
0.000000
0.000000
0.000000
0.002706
0.002636
0.003847
0.012849
0.021061
0.004030
0.000000
0.000000
0.000000
0.002369
0.003345
0.007213
0.018118
0.012695
0.001882
0.000000
0.000000
0.000000
0.003199
0.004174
0.005080
0.019964
0.034950
0.006514
0.000000
0.000000
0.000000
0.006764
0.006327
0.003490
0.023345
0.019455
0.002471
0.000000
0.000000
0.000000
0.002369
0.003345
0.007213
0.018118
0.012695
0.001882
0.000000
0.000000
0.000000
0.000542
0.002951
0.004793
0.014600
0.022234
0.002863
0.000000
0.000000
0.000000
0.006764
0.006327
0.003490
0.023345
0.019455
0.002471
0.000000
0.000000
0.000000
0.028973
0.041899
0.016154
0.004383
0.002781
0.000001
0.000000
0.000000
0.000000
0.000542
0.002951
0.004793
0.014600
0.022234
0.002863
0.000000
0.000000
0.000000
0.023169
0.026352
0.015043
0.020123
0.024364
0.003059
0.000000
0.000000
0.000000
0.028973
0.041899
0.016154
0.004383
0.002781
0.000001
0.000000
0.000000
0.000000
0.020927
0.021769
0.010804
0.008304
0.004380
0.000469
0.000000
0.000000
0.000000
0.023169
0.026352
0.015043
0.020123
0.024364
0.003059
0.000000
0.000000
0.000000
0.005811
0.015789
0.011645
0.021139
0.027128
0.004063
0.000000
0.000000
0.000000
0.020927
0.021769
0.010804
0.008304
0.004380
0.000469
0.000000
0.000000
0.000000
0.005978
0.016718
0.018357
0.011309
0.012509
0.001114
0.000000
0.000000
0.000000
0.005811
0.015789
0.011645
0.021139
0.027128
0.004063
0.000000
0.000000
0.000000
0.006687
0.013023
0.007848
0.006603
0.052100
0.015141
0.000000
0.000000
0.000000
0.005978
0.016718
0.018357
0.011309
0.012509
0.001114
0.000000
0.000000
0.000000
0.001652
0.012385
0.013357
0.015284
0.023733
0.004508
0.000000
0.000000
0.000000
0.006687
0.013023
0.007848
0.006603
0.052100
0.015141
0.000000
0.000000
0.000000
0.003311
0.004735
0.005065
0.011281
0.011332
0.001116
0.000000
0.000000
0.000000
0.001652
0.012385
0.013357
0.015284
0.023733
0.004508
0.000000
0.000000
0.000000
0.000000
0.000540
0.002645
0.016764
0.030611
0.005335
0.000000
0.000000
0.000000
0.003311
0.004735
0.005065
0.011281
0.011332
0.001116
0.000000
0.000000
0.000000
0.012293
0.010001
0.008812
0.012472
0.010603
0.001698
0.000000
0.000000
0.000000
0.000000
0.000540
0.002645
0.016764
0.030611
0.005335
0.000000
0.000000
0.000000
0.007177
0.009921
0.011017
0.032602
0.025695
0.002545
0.000000
0.000000
0.000000
0.012293
0.010001
0.008812
0.012472
0.010603
0.001698
0.000000
0.000000
0.000000
0.006516
0.011479
0.008784
0.014126
0.020825
0.001292
0.000000
0.000000
0.000000
0.007177
0.009921
0.011017
0.032602
0.025695
0.002545
0.000000
0.000000
0.000000
0.004225
0.015238
0.014222
0.017508
0.042260
0.004871
0.000000
0.000000
0.000000
0.006516
0.011479
0.008784
0.014126
0.020825
0.001292
0.000000
0.000000
0.000000
0.003217
0.003750
0.005002
0.017961
0.028683
0.004527
0.000000
0.000000
0.000000
0.002007
0.005256
0.006313
0.008102
0.019254
0.003739
0.000000
0.000000
0.000000
0.001220
0.002906
0.004098
0.009483
0.022110
0.004902
0.000000
0.000000
0.000000
0.003205
0.003498
0.004995
0.007888
0.012510
0.002218
0.000000
0.000000
0.000000
0.001236
0.005717
0.008519
0.015357
0.015796
0.001844
0.000000
0.000000
0.000000
0.001220
0.002906
0.004098
0.009483
0.022110
0.004902
0.000000
0.000000
0.000000
0.002706
0.002636
0.003847
0.012849
0.021061
0.004030
0.000000
0.000000
0.000000
0.001236
0.005717
0.008519
0.015357
0.015796
0.001844
0.000000
0.000000
0.000000
0.003034
0.006583
0.004118
0.007977
0.013308
0.002573
0.000000
0.000000
0.000000
0.002706
0.002636
0.003847
0.012849
0.021061
0.004030
0.000000
0.000000
0.000000
0.002369
0.003345
0.007213
0.018118
0.012695
0.001882
0.000000
0.000000
0.000000
0.003034
0.006583
0.004118
0.007977
0.013308
0.002573
0.000000
0.000000
0.000000
0.000678
0.001648
0.003372
0.008560
0.007273
0.001490
0.000000
0.000000
0.000000
0.002369
0.003345
0.007213
0.018118
0.012695
0.001882
0.000000
0.000000
0.000000
0.000542
0.002951
0.004793
0.014600
0.022234
0.002863
0.000000
0.000000
0.000000
0.000678
0.001648
0.003372
0.008560
0.007273
0.001490
0.000000
0.000000
0.000000
0.001907
0.007415
0.012118
0.009563
0.007401
0.001062
0.000000
0.000000
0.000000
0.000542
0.002951
0.004793
0.014600
0.022234
0.002863
0.000000
0.000000
0.000000
0.023169
0.026352
0.015043
0.020123
0.024364
0.003059
0.000000
0.000000
0.000000
0.001907
0.007415
0.012118
0.009563
0.007401
0.001062
0.000000
0.000000
0.000000
0.003220
0.010155
0.009869
0.015509
0.018976
0.003855
0.000000
0.000000
0.000000
0.023169
0.026352
0.015043
0.020123
0.024364
0.003059
0.000000
0.000000
0.000000
0.005811
0.015789
0.011645
0.021139
0.027128
0.004063
0.000000
0.000000
0.000000
0.003220
0.010155
0.009869
0.015509
0.018976
0.003855
0.000000
0.000000
0.000000
0.015326
0.017816
0.010361
0.011507
0.010323
0.002340
0.000000
0.000000
0.000000
0.005811
0.015789
0.011645
0.021139
0.027128
0.004063
0.000000
0.000000
0.000000
0.006687
0.013023
0.007848
0.006603
0.052100
0.015141
0.000000
0.000000
0.000000
0.015326
0.017816
0.010361
0.011507
0.010323
0.002340
0.000000
0.000000
0.000000
0.008531
0.020763
0.009107
0.011793
0.003731
0.000247
0.000000
0.000000
0.000000
0.006687
0.013023
0.007848
0.006603
0.052100
0.015141
0.000000
0.000000
0.000000
0.003311
0.004735
0.005065
0.011281
0.011332
0.001116
0.000000
0.000000
0.000000
0.008531
0.020763
0.009107
0.011793
0.003731
0.000247
0.000000
0.000000
0.000000
0.003991
0.006945
0.010191
0.012716
0.013704
0.002076
0.000000
0.000000
0.000000
0.003311
0.004735
0.005065
0.011281
0.011332
0.001116
0.000000
0.000000
0.000000
0.012293
0.010001
0.008812
0.012472
0.010603
0.001698
0.000000
0.000000
0.000000
0.003991
0.006945
0.010191
0.012716
0.013704
0.002076
0.000000
0.000000
0.000000
0.000634
0.003737
0.010658
0.025293
0.035262
0.005090
0.000000
0.000000
0.000000
0.012293
0.010001
0.008812
0.012472
0.010603
0.001698
0.000000
0.000000
0.000000
0.006516
0.011479
0.008784
0.014126
0.020825
0.001292
0.000000
0.000000
0.000000
0.000634
0.003737
0.010658
0.025293
0.035262
0.005090
0.000000
0.000000
0.000000
0.002425
0.009593
0.008959
0.013403
0.024003
0.004639
0.000000
0.000000
0.000000
0.006516
0.011479
0.008784
0.014126
0.020825
0.001292
0.000000
0.000000
0.000000
0.003217
0.003750
0.005002
0.017961
0.028683
0.004527
0.000000
0.000000
0.000000
0.002425
0.009593
0.008959
0.013403
0.024003
0.004639
0.000000
0.000000
0.000000
0.002185
0.010326
0.011618
0.019808
0.020025
0.002541
0.000000
0.000000
0.000000
0.003205
0.003498
0.004995
0.007888
0.012510
0.002218
0.000000
0.000000
0.000000
0.001236
0.005717
0.008519
0.015357
0.015796
0.001844
0.000000
0.000000
0.000000
0.001871
0.003526
0.006863
0.012471
0.011818
0.001111
0.000000
0.000000
0.000000
0.001380
0.004118
0.005506
0.011200
0.010272
0.002140
0.000000
0.000000
0.000000
0.001236
0.005717
0.008519
0.015357
0.015796
0.001844
0.000000
0.000000
0.000000
0.003034
0.006583
0.004118
0.007977
0.013308
0.002573
0.000000
0.000000
0.000000
0.001380
0.004118
0.005506
0.011200
0.010272
0.002140
0.000000
0.000000
0.000000
0.003115
0.003712
0.005964
0.010140
0.017471
0.001993
0.000000
0.000000
0.000000
0.003034
0.006583
0.004118
0.007977
0.013308
0.002573
0.000000
0.000000
0.000000
0.000678
0.001648
0.003372
0.008560
0.007273
0.001490
0.000000
0.000000
0.000000
0.003115
0.003712
0.005964
0.010140
0.017471
0.001993
0.000000
0.000000
0.000000
0.001840
0.002589
0.010321
0.020287
0.014781
0.001343
0.000000
0.000000
0.000000
0.000678
0.001648
0.003372
0.008560
0.007273
0.001490
0.000000
0.000000
0.000000
0.001907
0.007415
0.012118
0.009563
0.007401
0.001062
0.000000
0.000000
0.000000
0.001840
0.002589
0.010321
0.020287
0.014781
0.001343
0.000000
0.000000
0.000000
0.001073
0.003698
0.012402
0.012701
0.025657
0.003310
0.000000
0.000000
0.000000
0.001907
0.007415
0.012118
0.009563
0.007401
0.001062
0.000000
0.000000
0.000000
0.003220
0.010155
0.009869
0.015509
0.018976
0.003855
0.000000
0.000000
0.000000
0.001073
0.003698
0.012402
0.012701
0.025657
0.003310
0.000000
0.000000
0.000000
0.001038
0.002354
0.004608
0.016482
0.025342
0.004182
0.000000
0.000000
0.000000
0.003220
0.010155
0.009869
0.015509
0.018976
0.003855
0.000000
0.000000
0.000000
0.015326
0.017816
0.010361
0.011507
0.010323
0.002340
0.000000
0.000000
0.000000
0.001038
0.002354
0.004608
0.016482
0.025342
0.004182
0.000000
0.000000
0.000000
0.004445
0.004297
0.004787
0.020443
0.032727
0.003651
0.000000
0.000000
0.000000
0.015326
0.017816
0.010361
0.011507
0.010323
0.002340
0.000000
0.000000
0.000000
0.008531
0.020763
0.009107
0.011793
0.003731
0.000247
0.000000
0.000000
0.000000
0.004445
0.004297
0.004787
0.020443
0.032727
0.003651
0.000000
0.000000
0.000000
0.002176
0.008617
0.008528
0.032332
0.032171
0.005700
0.000000
0.000000
0.000000
0.008531
0.020763
0.009107
0.011793
0.003731
0.000247
0.000000
0.000000
0.000000
0.003991
0.006945
0.010191
0.012716
0.013704
0.002076
0.000000
0.000000
0.000000
0.002176
0.008617
0.008528
0.032332
0.032171
0.005700
0.000000
0.000000
0.000000
0.002283
0.004699
0.014340
0.028208
0.025172
0.004298
0.000000
0.000000
0.000000
0.003991
0.006945
0.010191
0.012716
0.013704
0.002076
0.000000
0.000000
0.000000
0.000634
0.003737
0.010658
0.025293
0.035262
0.005090
0.000000
0.000000
0.000000
0.002283
0.004699
0.014340
0.028208
0.025172
0.004298
0.000000
0.000000
0.000000
0.003031
0.005871
0.011003
0.019289
0.012855
0.001604
0.000000
0.000000
0.000000
0.000634
0.003737
0.010658
0.025293
0.035262
0.005090
0.000000
0.000000
0.000000
0.002425
0.009593
0.008959
0.013403
0.024003
0.004639
0.000000
0.000000
0.000000
0.003031
0.005871
0.011003
0.019289
0.012855
0.001604
0.000000
0.000000
0.000000
0.000707
0.001234
0.002503
0.012943
0.033377
0.008009
0.000000
0.000000
0.000000
0.002425
0.009593
0.008959
0.013403
0.024003
0.004639
0.000000
0.000000
0.000000
0.002185
0.010326
0.011618
0.019808
0.020025
0.002541
0.000000
0.000000
0.000000
0.000707
0.001234
0.002503
0.012943
0.033377
0.008009
0.000000
0.000000
0.000000
0.002390
0.003722
0.011988
0.013489
0.034983
0.009970
0.000000
0.000000
0.000000
0.001871
0.003526
0.006863
0.012471
0.011818
0.001111
0.000000
0.000000
0.000000
0.001380
0.004118
0.005506
0.011200
0.010272
0.002140
0.000000
0.000000
0.000000
0.003205
0.001121
0.002466
0.002258
0.005017
0.001457
0.000000
0.000000
0.000000
0.004282
0.001838
0.003220
0.004211
0.003721
0.000714
0.000000
0.000000
0.000000
0.001380
0.004118
0.005506
0.011200
0.010272
0.002140
0.000000
0.000000
0.000000
0.003115
0.003712
0.005964
0.010140
0.017471
0.001993
0.000000
0.000000
0.000000
0.004282
0.001838
0.003220
0.004211
0.003721
0.000714
0.000000
0.000000
0.000000
0.014702
0.002995
0.004696
0.004101
0.004818
0.001095
0.000000
0.000000
0.000000
0.003115
0.003712
0.005964
0.010140
0.017471
0.001993
0.000000
0.000000
0.000000
0.001840
0.002589
0.010321
0.020287
0.014781
0.001343
0.000000
0.000000
0.000000
0.014702
0.002995
0.004696
0.004101
0.004818
0.001095
0.000000
0.000000
0.000000
0.013957
0.006802
0.008304
0.006050
0.004513
0.000979
0.000000
0.000000
0.000000
0.001840
0.002589
0.010321
0.020287
0.014781
0.001343
0.000000
0.000000
0.000000
0.001073
0.003698
0.012402
0.012701
0.025657
0.003310
0.000000
0.000000
0.000000
0.013957
0.006802
0.008304
0.006050
0.004513
0.000979
0.000000
0.000000
0.000000
0.012722
0.003492
0.005552
0.018962
0.021181
0.003422
0.000000
0.000000
0.000000
0.001073
0.003698
0.012402
0.012701
0.025657
0.003310
0.000000
0.000000
0.000000
0.001038
0.002354
0.004608
0.016482
0.025342
0.004182
0.000000
0.000000
0.000000
0.012722
0.003492
0.005552
0.018962
0.021181
0.003422
0.000000
0.000000
0.000000
0.010731
0.001150
0.003473
0.021511
0.038552
0.002229
0.000000
0.000000
0.000000
0.001038
0.002354
0.004608
0.016482
0.025342
0.004182
0.000000
0.000000
0.000000
0.004445
0.004297
0.004787
0.020443
0.032727
0.003651
0.000000
0.000000
0.000000
0.010731
0.001150
0.003473
0.021511
0.038552
0.002229
0.000000
0.000000
0.000000
0.012836
0.004229
0.005220
0.020005
0.026398
0.004138
0.000000
0.000000
0.000000
0.004445
0.004297
0.004787
0.020443
0.032727
0.003651
0.000000
0.000000
0.000000
0.002176
0.008617
0.008528
0.032332
0.032171
0.005700
0.000000
0.000000
0.000000
0.012836
0.004229
0.005220
0.020005
0.026398
0.004138
0.000000
0.000000
0.000000
0.017440
0.002766
0.008655
0.012599
0.018565
0.006142
0.000000
0.000000
0.000000
0.002176
0.008617
0.008528
0.032332
0.032171
0.005700
0.000000
0.000000
0.000000
0.002283
0.004699
0.014340
0.028208
0.025172
0.004298
0.000000
0.000000
0.000000
0.017440
0.002766
0.008655
0.012599
0.018565
0.006142
0.000000
0.000000
0.000000
0.005491
0.001931
0.002287
0.008345
0.023525
0.005851
0.000000
0.000000
0.000000
0.002283
0.004699
0.014340
0.028208
0.025172
0.004298
0.000000
0.000000
0.000000
0.003031
0.005871
0.011003
0.019289
0.012855
0.001604
0.000000
0.000000
0.000000
0.005491
0.001931
0.002287
0.008345
0.023525
0.005851
0.000000
0.000000
0.000000
0.003290
0.000987
0.002727
0.007102
0.006801
0.000776
0.000000
0.000000
0.000000
0.003031
0.005871
0.011003
0.019289
0.012855
0.001604
0.000000
0.000000
0.000000
0.000707
0.001234
0.002503
0.012943
0.033377
0.008009
0.000000
0.000000
0.000000
0.003290
0.000987
0.002727
0.007102
0.006801
0.000776
0.000000
0.000000
0.000000
0.019227
0.005007
0.005339
0.010648
0.012862
0.000370
0.000000
0.000000
0.000000
0.000707
0.001234
0.002503
0.012943
0.033377
0.008009
0.000000
0.000000
0.000000
0.002390
0.003722
0.011988
0.013489
0.034983
0.009970
0.000000
0.000000
0.000000
0.019227
0.005007
0.005339
0.010648
0.012862
0.000370
0.000000
0.000000
0.000000
0.015186
0.007828
0.011207
0.014417
0.024548
0.001081
0.000000
0.000000
0.000000
0.003205
0.001121
0.002466
0.002258
0.005017
0.001457
0.000000
0.000000
0.000000
0.004282
0.001838
0.003220
0.004211
0.003721
0.000714
0.000000
0.000000
0.000000
0.006960
0.000000
0.000000
0.000000
0.000000
0.000000
0.000000
0.000000
0.000000
0.008031
0.000000
0.000000
0.000000
0.000000
0.000000
0.000000
0.000000
0.000000
0.004282
0.001838
0.003220
0.004211
0.003721
0.000714
0.000000
0.000000
0.000000
0.014702
0.002995
0.004696
0.004101
0.004818
0.001095
0.000000
0.000000
0.000000
0.008031
0.000000
0.000000
0.000000
0.000000
0.000000
0.000000
0.000000
0.000000
0.032256
0.000000
0.000000
0.000000
0.000000
0.000000
0.000000
0.000000
0.000000
0.014702
0.002995
0.004696
0.004101
0.004818
0.001095
0.000000
0.000000
0.000000
0.013957
0.006802
0.008304
0.006050
0.004513
0.000979
0.000000
0.000000
0.000000
0.032256
0.000000
0.000000
0.000000
0.000000
0.000000
0.000000
0.000000
0.000000
0.029713
0.000000
0.000000
0.000000
0.000000
0.000000
0.000000
0.000000
0.000000
0.013957
0.006802
0.008304
0.006050
0.004513
0.000979
0.000000
0.000000
0.000000
0.012722
0.003492
0.005552
0.018962
0.021181
0.003422
0.000000
0.000000
0.000000
0.029713
0.000000
0.000000
0.000000
0.000000
0.000000
0.000000
0.000000
0.000000
0.030784
0.000000
0.000000
0.000000
0.000000
0.000000
0.000000
0.000000
0.000000
0.012722
0.003492
0.005552
0.018962
0.021181
0.003422
0.000000
0.000000
0.000000
0.010731
0.001150
0.003473
0.021511
0.038552
0.002229
0.000000
0.000000
0.000000
0.030784
0.000000
0.000000
0.000000
0.000000
0.000000
0.000000
0.000000
0.000000
0.027036
0.000000
0.000000
0.000000
0.000000
0.000000
0.000000
0.000000
0.000000
0.010731
0.001150
0.003473
0.021511
0.038552
0.002229
0.000000
0.000000
0.000000
0.012836
0.004229
0.005220
0.020005
0.026398
0.004138
0.000000
0.000000
0.000000
0.027036
0.000000
0.000000
0.000000
0.000000
0.000000
0.000000
0.000000
0.000000
0.032122
0.000000
0.000000
0.000000
0.000000
0.000000
0.000000
0.000000
0.000000
0.012836
0.004229
0.005220
0.020005
0.026398
0.004138
0.000000
0.000000
0.000000
0.017440
0.002766
0.008655
0.012599
0.018565
0.006142
0.000000
0.000000
0.000000
0.032122
0.000000
0.000000
0.000000
0.000000
0.000000
0.000000
0.000000
0.000000
0.037074
0.000000
0.000000
0.000000
0.000000
0.000000
0.000000
0.000000
0.000000
0.017440
0.002766
0.008655
0.012599
0.018565
0.006142
0.000000
0.000000
0.000000
0.005491
0.001931
0.002287
0.008345
0.023525
0.005851
0.000000
0.000000
0.000000
0.037074
0.000000
0.000000
0.000000
0.000000
0.000000
0.000000
0.000000
0.000000
0.013250
0.000000
0.000000
0.000000
0.000000
0.000000
0.000000
0.000000
0.000000
0.005491
0.001931
0.002287
0.008345
0.023525
0.005851
0.000000
0.000000
0.000000
0.003290
0.000987
0.002727
0.007102
0.006801
0.000776
0.000000
0.000000
0.000000
0.013250
0.000000
0.000000
0.000000
0.000000
0.000000
0.000000
0.000000
0.000000
0.008164
0.000000
0.000000
0.000000
0.000000
0.000000
0.000000
0.000000
0.000000
0.003290
0.000987
0.002727
0.007102
0.006801
0.000776
0.000000
0.000000
0.000000
0.019227
0.005007
0.005339
0.010648
0.012862
0.000370
0.000000
0.000000
0.000000
0.008164
0.000000
0.000000
0.000000
0.000000
0.000000
0.000000
0.000000
0.000000
0.044837
0.000000
0.000000
0.000000
0.000000
0.000000
0.000000
0.000000
0.000000
0.019227
0.005007
0.005339
0.010648
0.012862
0.000370
0.000000
0.000000
0.000000
0.015186
0.007828
0.011207
0.014417
0.024548
0.001081
0.000000
0.000000
0.000000
0.044837
0.000000
0.000000
0.000000
0.000000
0.000000
0.000000
0.000000
0.000000
0.028107
0.000000
0.000000
0.000000
0.000000
0.000000
0.000000
0.000000
0.000000
0.006960
0.000000
0.000000
0.000000
0.000000
0.000000
0.000000
0.000000
0.000000
0.008031
0.000000
0.000000
0.000000
0.000000
0.000000
0.000000
0.000000
0.000000
0.006960
0.000000
0.000000
0.000000
0.000000
0.000000
0.000000
0.000000
0.000000
0.008031
0.000000
0.000000
0.000000
0.000000
0.000000
0.000000
0.000000
0.000000
0.008031
0.000000
0.000000
0.000000
0.000000
0.000000
0.000000
0.000000
0.000000
0.032256
0.000000
0.000000
0.000000
0.000000
0.000000
0.000000
0.000000
0.000000
0.008031
0.000000
0.000000
0.000000
0.000000
0.000000
0.000000
0.000000
0.000000
0.032256
0.000000
0.000000
0.000000
0.000000
0.000000
0.000000
0.000000
0.000000
0.032256
0.000000
0.000000
0.000000
0.000000
0.000000
0.000000
0.000000
0.000000
0.029713
0.000000
0.000000
0.000000
0.000000
0.000000
0.000000
0.000000
0.000000
0.032256
0.000000
0.000000
0.000000
0.000000
0.000000
0.000000
0.000000
0.000000
0.029713
0.000000
0.000000
0.000000
0.000000
0.000000
0.000000
0.000000
0.000000
0.029713
0.000000
0.000000
0.000000
0.000000
0.000000
0.000000
0.000000
0.000000
0.030784
0.000000
0.000000
0.000000
0.000000
0.000000
0.000000
0.000000
0.000000
0.029713
0.000000
0.000000
0.000000
0.000000
0.000000
0.000000
0.000000
0.000000
0.030784
0.000000
0.000000
0.000000
0.000000
0.000000
0.000000
0.000000
0.000000
0.030784
0.000000
0.000000
0.000000
0.000000
0.000000
0.000000
0.000000
0.000000
0.027036
0.000000
0.000000
0.000000
0.000000
0.000000
0.000000
0.000000
0.000000
0.030784
0.000000
0.000000
0.000000
0.000000
0.000000
0.000000
0.000000
0.000000
0.027036
0.000000
0.000000
0.000000
0.000000
0.000000
0.000000
0.000000
0.000000
0.027036
0.000000
0.000000
0.000000
0.000000
0.000000
0.000000
0.000000
0.000000
0.032122
0.000000
0.000000
0.000000
0.000000
0.000000
0.000000
0.000000
0.000000
0.027036
0.000000
0.000000
0.000000
0.000000
0.000000
0.000000
0.000000
0.000000
0.032122
0.000000
0.000000
0.000000
0.000000
0.000000
0.000000
0.000000
0.000000
0.032122
0.000000
0.000000
0.000000
0.000000
0.000000
0.000000
0.000000
0.000000
0.037074
0.000000
0.000000
0.000000
0.000000
0.000000
0.000000
0.000000
0.000000
0.032122
0.000000
0.000000
0.000000
0.000000
0.000000
0.000000
0.000000
0.000000
0.037074
0.000000
0.000000
0.000000
0.000000
0.000000
0.000000
0.000000
0.000000
0.037074
0.000000
0.000000
0.000000
0.000000
0.000000
0.000000
0.000000
0.000000
0.013250
0.000000
0.000000
0.000000
0.000000
0.000000
0.000000
0.000000
0.000000
0.037074
0.000000
0.000000
0.000000
0.000000
0.000000
0.000000
0.000000
0.000000
0.013250
0.000000
0.000000
0.000000
0.000000
0.000000
0.000000
0.000000
0.000000
0.013250
0.000000
0.000000
0.000000
0.000000
0.000000
0.000000
0.000000
0.000000
0.008164
0.000000
0.000000
0.000000
0.000000
0.000000
0.000000
0.000000
0.000000
0.013250
0.000000
0.000000
0.000000
0.000000
0.000000
0.000000
0.000000
0.000000
0.008164
0.000000
0.000000
0.000000
0.000000
0.000000
0.000000
0.000000
0.000000
0.008164
0.000000
0.000000
0.000000
0.000000
0.000000
0.000000
0.000000
0.000000
0.044837
0.000000
0.000000
0.000000
0.000000
0.000000
0.000000
0.000000
0.000000
0.008164
0.000000
0.000000
0.000000
0.000000
0.000000
0.000000
0.000000
0.000000
0.044837
0.000000
0.000000
0.000000
0.000000
0.000000
0.000000
0.000000
0.000000
0.044837
0.000000
0.000000
0.000000
0.000000
0.000000
0.000000
0.000000
0.000000
0.028107
0.000000
0.000000
0.000000
0.000000
0.000000
0.000000
0.000000
0.000000
0.044837
0.000000
0.000000
0.000000
0.000000
0.000000
0.000000
0.000000
0.000000
0.028107
0.000000
0.000000
0.000000
0.000000
0.000000
0.000000
0.000000
0.000000
0.006960
0.000000
0.000000
0.000000
0.000000
0.000000
0.000000
0.000000
0.000000
0.008031
0.000000
0.000000
0.000000
0.000000
0.000000
0.000000
0.000000
0.000000
0.006090
0.000000
0.000000
0.000000
0.000000
0.000000
0.000000
0.000000
0.000000
0.007027
0.000000
0.000000
0.000000
0.000000
0.000000
0.000000
0.000000
0.000000
0.008031
0.000000
0.000000
0.000000
0.000000
0.000000
0.000000
0.000000
0.000000
0.032256
0.000000
0.000000
0.000000
0.000000
0.000000
0.000000
0.000000
0.000000
0.007027
0.000000
0.000000
0.000000
0.000000
0.000000
0.000000
0.000000
0.000000
0.028224
0.000000
0.000000
0.000000
0.000000
0.000000
0.000000
0.000000
0.000000
0.032256
0.000000
0.000000
0.000000
0.000000
0.000000
0.000000
0.000000
0.000000
0.029713
0.000000
0.000000
0.000000
0.000000
0.000000
0.000000
0.000000
0.000000
0.028224
0.000000
0.000000
0.000000
0.000000
0.000000
0.000000
0.000000
0.000000
0.025999
0.000000
0.000000
0.000000
0.000000
0.000000
0.000000
0.000000
0.000000
0.029713
0.000000
0.000000
0.000000
0.000000
0.000000
0.000000
0.000000
0.000000
0.030784
0.000000
0.000000
0.000000
0.000000
0.000000
0.000000
0.000000
0.000000
0.025999
0.000000
0.000000
0.000000
0.000000
0.000000
0.000000
0.000000
0.000000
0.026936
0.000000
0.000000
0.000000
0.000000
0.000000
0.000000
0.000000
0.000000
0.030784
0.000000
0.000000
0.000000
0.000000
0.000000
0.000000
0.000000
0.000000
0.027036
0.000000
0.000000
0.000000
0.000000
0.000000
0.000000
0.000000
0.000000
0.026936
0.000000
0.000000
0.000000
0.000000
0.000000
0.000000
0.000000
0.000000
0.023657
0.000000
0.000000
0.000000
0.000000
0.000000
0.000000
0.000000
0.000000
0.027036
0.000000
0.000000
0.000000
0.000000
0.000000
0.000000
0.000000
0.000000
0.032122
0.000000
0.000000
0.000000
0.000000
0.000000
0.000000
0.000000
0.000000
0.023657
0.000000
0.000000
0.000000
0.000000
0.000000
0.000000
0.000000
0.000000
0.028107
0.000000
0.000000
0.000000
0.000000
0.000000
0.000000
0.000000
0.000000
0.032122
0.000000
0.000000
0.000000
0.000000
0.000000
0.000000
0.000000
0.000000
0.037074
0.000000
0.000000
0.000000
0.000000
0.000000
0.000000
0.000000
0.000000
0.028107
0.000000
0.000000
0.000000
0.000000
0.000000
0.000000
0.000000
0.000000
0.032440
0.000000
0.000000
0.000000
0.000000
0.000000
0.000000
0.000000
0.000000
0.037074
0.000000
0.000000
0.000000
0.000000
0.000000
0.000000
0.000000
0.000000
0.013250
0.000000
0.000000
0.000000
0.000000
0.000000
0.000000
0.000000
0.000000
0.032440
0.000000
0.000000
0.000000
0.000000
0.000000
0.000000
0.000000
0.000000
0.011594
0.000000
0.000000
0.000000
0.000000
0.000000
0.000000
0.000000
0.000000
0.013250
0.000000
0.000000
0.000000
0.000000
0.000000
0.000000
0.000000
0.000000
0.008164
0.000000
0.000000
0.000000
0.000000
0.000000
0.000000
0.000000
0.000000
0.011594
0.000000
0.000000
0.000000
0.000000
0.000000
0.000000
0.000000
0.000000
0.007144
0.000000
0.000000
0.000000
0.000000
0.000000
0.000000
0.000000
0.000000
0.008164
0.000000
0.000000
0.000000
0.000000
0.000000
0.000000
0.000000
0.000000
0.044837
0.000000
0.000000
0.000000
0.000000
0.000000
0.000000
0.000000
0.000000
0.007144
0.000000
0.000000
0.000000
0.000000
0.000000
0.000000
0.000000
0.000000
0.039233
0.000000
0.000000
0.000000
0.000000
0.000000
0.000000
0.000000
0.000000
0.044837
0.000000
0.000000
0.000000
0.000000
0.000000
0.000000
0.000000
0.000000
0.028107
0.000000
0.000000
0.000000
0.000000
0.000000
0.000000
0.000000
0.000000
0.039233
0.000000
0.000000
0.000000
0.000000
0.000000
0.000000
0.000000
0.000000
0.024594
0.000000
0.000000
0.000000
0.000000
0.000000
0.000000
0.000000
0.000000
