0.001251
0.023313
0.037779
0.016425
0.016041
0.000441
0.000000
0.000000
0.000000
0.001678
0.004750
0.008165
0.011979
0.009593
0.000872
0.000000
0.000000
0.000000
0.022961
0.021221
0.009401
0.009655
0.010015
0.001965
0.000000
0.000000
0.000000
0.008208
0.009233
0.008135
0.010364
0.015029
0.002003
0.000000
0.000000
0.000000
0.001678
0.004750
0.008165
0.011979
0.009593
0.000872
0.000000
0.000000
0.000000
0.019439
0.014639
0.009404
0.016852
0.011640
0.000262
0.000000
0.000000
0.000000
0.008208
0.009233
0.008135
0.010364
0.015029
0.002003
0.000000
0.000000
0.000000
0.010262
0.019835
0.022373
0.020256
0.004308
0.000139
0.000000
0.000000
0.000000
0.019439
0.014639
0.009404
0.016852
0.011640
0.000262
0.000000
0.000000
0.000000
0.013402
0.013862
0.005634
0.007183
0.011056
0.000086
0.000000
0.000000
0.000000
0.010262
0.019835
0.022373
0.020256
0.004308
0.000139
0.000000
0.000000
0.000000
0.000711
0.006324
0.018861
0.019581
0.032093
0.004520
0.000000
0.000000
0.000000
0.013402
0.013862
0.005634
0.007183
0.011056
0.000086
0.000000
0.000000
0.000000
0.007849
0.011857
0.004843
0.022103
0.032457
0.003376
0.000000
0.000000
0.000000
0.000711
0.006324
0.018861
0.019581
0.032093
0.004520
0.000000
0.000000
0.000000
0.005832
0.028848
0.024852
0.014981
0.030114
0.002481
0.000000
0.000000
0.000000
0.007849
0.011857
0.004843
0.022103
0.032457
0.003376
0.000000
0.000000
0.000000
0.006961
0.028730
0.015583
0.015829
0.022682
0.001925
0.000000
0.000000
0.000000
0.005832
0.028848
0.024852
0.014981
0.030114
0.002481
0.000000
0.000000
0.000000
0.007645
0.011158
0.014954
0.008354
0.010806
0.002221
0.000000
0.000000
0.000000
0.006961
0.028730
0.015583
0.015829
0.022682
0.001925
0.000000
0.000000
0.000000
0.004690
0.006043
0.007502
0.013649
0.008864
0.000598
0.000000
0.000000
0.000000
0.007645
0.011158
0.014954
0.008354
0.010806
0.002221
0.000000
0.000000
0.000000
0.013737
0.011852
0.005926
0.004925
0.005459
0.000428
0.000000
0.000000
0.000000
0.004690
0.006043
0.007502
0.013649
0.008864
0.000598
0.000000
0.000000
0.000000
0.003255
0.002854
0.009172
0.013682
0.012109
0.001301
0.000000
0.000000
0.000000
0.013737
0.011852
0.005926
0.004925
0.005459
0.000428
0.000000
0.000000
0.000000
0.026908
0.016356
0.010131
0.009037
0.007910
0.000915
0.000000
0.000000
0.000000
0.003255
0.002854
0.009172
0.013682
0.012109
0.001301
0.000000
0.000000
0.000000
0.004202
0.004223
0.008850
0.011247
0.017170
0.002878
0.000000
0.000000
0.000000
0.026908
0.016356
0.010131
0.009037
0.007910
0.000915
0.000000
0.000000
0.000000
0.003188
0.006353
0.011630
0.017295
0.015039
0.002517
0.000000
0.000000
0.000000
0.004202
0.004223
0.008850
0.011247
0.017170
0.002878
0.000000
0.000000
0.000000
0.002345
0.004718
0.007327
0.010448
0.010403
0.002752
0.000000
0.000000
0.000000
0.003188
0.006353
0.011630
0.017295
0.015039
0.002517
0.000000
0.000000
0.000000
0.002751
0.010928
0.013815
0.010738
0.005795
0.000325
0.000000
0.000000
0.000000
0.002345
0.004718
0.007327
0.010448
0.010403
0.002752
0.000000
0.000000
0.000000
0.005072
0.019318
0.013765
0.007885
0.011733
0.001021
0.000000
0.000000
0.000000
0.002751
0.010928
0.013815
0.010738
0.005795
0.000325
0.000000
0.000000
0.000000
0.002851
0.009361
0.009964
0.007428
0.004366
0.000389
0.000000
0.000000
0.000000
0.005072
0.019318
0.013765
0.007885
0.011733
0.001021
0.000000
0.000000
0.000000
0.001715
0.004115
0.011195
0.009183
0.007394
0.001038
0.000000
0.000000
0.000000
0.002851
0.009361
0.009964
0.007428
0.004366
0.000389
0.000000
0.000000
0.000000
0.006111
0.005290
0.004048
0.007393
0.006980
0.001322
0.000000
0.000000
0.000000
0.022961
0.021221
0.009401
0.009655
0.010015
0.001965
0.000000
0.000000
0.000000
0.008208
0.009233
0.008135
0.010364
0.015029
0.002003
0.000000
0.000000
0.000000
0.005806
0.012068
0.018579
0.022078
0.006658
0.000268
0.000000
0.000000
0.000000
0.008775
0.037394
0.020004
0.010540
0.002146
0.000062
0.000000
0.000000
0.000000
0.008208
0.009233
0.008135
0.010364
0.015029
0.002003
0.000000
0.000000
0.000000
0.010262
0.019835
0.022373
0.020256
0.004308
0.000139
0.000000
0.000000
0.000000
0.008775
0.037394
0.020004
0.010540
0.002146
0.000062
0.000000
0.000000
0.000000
0.043745
0.032906
0.006654
0.005367
0.004970
0.000372
0.000000
0.000000
0.000000
0.010262
0.019835
0.022373
0.020256
0.004308
0.000139
0.000000
0.000000
0.000000
0.000711
0.006324
0.018861
0.019581
0.032093
0.004520
0.000000
0.000000
0.000000
0.043745
0.032906
0.006654
0.005367
0.004970
0.000372
0.000000
0.000000
0.000000
0.012494
0.027790
0.007671
0.008657
0.030320
0.006851
0.000000
0.000000
0.000000
0.000711
0.006324
0.018861
0.019581
0.032093
0.004520
0.000000
0.000000
0.000000
0.005832
0.028848
0.024852
0.014981
0.030114
0.002481
0.000000
0.000000
0.000000
0.012494
0.027790
0.007671
0.008657
0.030320
0.006851
0.000000
0.000000
0.000000
0.017545
0.020582
0.011377
0.012716
0.035681
0.004594
0.000000
0.000000
0.000000
0.005832
0.028848
0.024852
0.014981
0.030114
0.002481
0.000000
0.000000
0.000000
0.007645
0.011158
0.014954
0.008354
0.010806
0.002221
0.000000
0.000000
0.000000
0.017545
0.020582
0.011377
0.012716
0.035681
0.004594
0.000000
0.000000
0.000000
0.002915
0.006274
0.011918
0.011875
0.012867
0.001835
0.000000
0.000000
0.000000
0.007645
0.011158
0.014954
0.008354
0.010806
0.002221
0.000000
0.000000
0.000000
0.013737
0.011852
0.005926
0.004925
0.005459
0.000428
0.000000
0.000000
0.000000
0.002915
0.006274
0.011918
0.011875
0.012867
0.001835
0.000000
0.000000
0.000000
0.018110
0.035465
0.014713
0.009899
0.009875
0.000317
0.000000
0.000000
0.000000
0.013737
0.011852
0.005926
0.004925
0.005459
0.000428
0.000000
0.000000
0.000000
0.026908
0.016356
0.010131
0.009037
0.007910
0.000915
0.000000
0.000000
0.000000
0.018110
0.035465
0.014713
0.009899
0.009875
0.000317
0.000000
0.000000
0.000000
0.013943
0.010672
0.008376
0.006761
0.004810
0.000255
0.000000
0.000000
0.000000
0.026908
0.016356
0.010131
0.009037
0.007910
0.000915
0.000000
0.000000
0.000000
0.003188
0.006353
0.011630
0.017295
0.015039
0.002517
0.000000
0.000000
0.000000
0.013943
0.010672
0.008376
0.006761
0.004810
0.000255
0.000000
0.000000
0.000000
0.022754
0.023539
0.007338
0.003171
0.002985
0.000708
0.000000
0.000000
0.000000
0.003188
0.006353
0.011630
0.017295
0.015039
0.002517
0.000000
0.000000
0.000000
0.002751
0.010928
0.013815
0.010738
0.005795
0.000325
0.000000
0.000000
0.000000
0.022754
0.023539
0.007338
0.003171
0.002985
0.000708
0.000000
0.000000
0.000000
0.015079
0.018404
0.008782
0.003590
0.004040
0.000560
0.000000
0.000000
0.000000
0.002751
0.010928
0.013815
0.010738
0.005795
0.000325
0.000000
0.000000
0.000000
0.002851
0.009361
0.009964
0.007428
0.004366
0.000389
0.000000
0.000000
0.000000
0.015079
0.018404
0.008782
0.003590
0.004040
0.000560
0.000000
0.000000
0.000000
0.010577
0.008575
0.007280
0.005899
0.004689
0.000345
0.000000
0.000000
0.000000
0.002851
0.009361
0.009964
0.007428
0.004366
0.000389
0.000000
0.000000
0.000000
0.006111
0.005290
0.004048
0.007393
0.006980
0.001322
0.000000
0.000000
0.000000
0.010577
0.008575
0.007280
0.005899
0.004689
0.000345
0.000000
0.000000
0.000000
0.002767
0.009079
0.008615
0.007273
0.006229
0.001049
0.000000
0.000000
0.000000
0.005806
0.012068
0.018579
0.022078
0.006658
0.000268
0.000000
0.000000
0.000000
0.008775
0.037394
0.020004
0.010540
0.002146
0.000062
0.000000
0.000000
0.000000
0.002151
0.008514
0.008827
0.015947
0.013331
0.000823
0.000000
0.000000
0.000000
0.003866
0.006504
0.005387
0.011897
0.034796
0.007362
0.000000
0.000000
0.000000
0.008775
0.037394
0.020004
0.010540
0.002146
0.000062
0.000000
0.000000
0.000000
0.043745
0.032906
0.006654
0.005367
0.004970
0.000372
0.000000
0.000000
0.000000
0.003866
0.006504
0.005387
0.011897
0.034796
0.007362
0.000000
0.000000
0.000000
0.010058
0.014097
0.005533
0.010994
0.024488
0.007719
0.000000
0.000000
0.000000
0.043745
0.032906
0.006654
0.005367
0.004970
0.000372
0.000000
0.000000
0.000000
0.012494
0.027790
0.007671
0.008657
0.030320
0.006851
0.000000
0.000000
0.000000
0.010058
0.014097
0.005533
0.010994
0.024488
0.007719
0.000000
0.000000
0.000000
0.015820
0.025499
0.010396
0.010639
0.019163
0.003228
0.000000
0.000000
0.000000
0.012494
0.027790
0.007671
0.008657
0.030320
0.006851
0.000000
0.000000
0.000000
0.017545
0.020582
0.011377
0.012716
0.035681
0.004594
0.000000
0.000000
0.000000
0.015820
0.025499
0.010396
0.010639
0.019163
0.003228
0.000000
0.000000
0.000000
0.017693
0.018812
0.009836
0.008712
0.020565
0.004375
0.000000
0.000000
0.000000
0.017545
0.020582
0.011377
0.012716
0.035681
0.004594
0.000000
0.000000
0.000000
0.002915
0.006274
0.011918
0.011875
0.012867
0.001835
0.000000
0.000000
0.000000
0.017693
0.018812
0.009836
0.008712
0.020565
0.004375
0.000000
0.000000
0.000000
0.005216
0.006278
0.018997
0.023360
0.018928
0.002158
0.000000
0.000000
0.000000
0.002915
0.006274
0.011918
0.011875
0.012867
0.001835
0.000000
0.000000
0.000000
0.018110
0.035465
0.014713
0.009899
0.009875
0.000317
0.000000
0.000000
0.000000
0.005216
0.006278
0.018997
0.023360
0.018928
0.002158
0.000000
0.000000
0.000000
0.001053
0.004893
0.004455
0.030349
0.041774
0.009465
0.000000
0.000000
0.000000
0.018110
0.035465
0.014713
0.009899
0.009875
0.000317
0.000000
0.000000
0.000000
0.013943
0.010672
0.008376
0.006761
0.004810
0.000255
0.000000
0.000000
0.000000
0.001053
0.004893
0.004455
0.030349
0.041774
0.009465
0.000000
0.000000
0.000000
0.016597
0.037340
0.002807
0.021569
0.015579
0.000729
0.000000
0.000000
0.000000
0.013943
0.010672
0.008376
0.006761
0.004810
0.000255
0.000000
0.000000
0.000000
0.022754
0.023539
0.007338
0.003171
0.002985
0.000708
0.000000
0.000000
0.000000
0.016597
0.037340
0.002807
0.021569
0.015579
0.000729
0.000000
0.000000
0.000000
0.006560
0.018829
0.008316
0.011005
0.016880
0.002119
0.000000
0.000000
0.000000
0.022754
0.023539
0.007338
0.003171
0.002985
0.000708
0.000000
0.000000
0.000000
0.015079
0.018404
0.008782
0.003590
0.004040
0.000560
0.000000
0.000000
0.000000
0.006560
0.018829
0.008316
0.011005
0.016880
0.002119
0.000000
0.000000
0.000000
0.005380
0.014867
0.009985
0.011578
0.015960
0.002540
0.000000
0.000000
0.000000
0.015079
0.018404
0.008782
0.003590
0.004040
0.000560
0.000000
0.000000
0.000000
0.010577
0.008575
0.007280
0.005899
0.004689
0.000345
0.000000
0.000000
0.000000
0.005380
0.014867
0.009985
0.011578
0.015960
0.002540
0.000000
0.000000
0.000000
0.009924
0.008950
0.005492
0.003909
0.007446
0.001969
0.000000
0.000000
0.000000
0.010577
0.008575
0.007280
0.005899
0.004689
0.000345
0.000000
0.000000
0.000000
0.002767
0.009079
0.008615
0.007273
0.006229
0.001049
0.000000
0.000000
0.000000
0.009924
0.008950
0.005492
0.003909
0.007446
0.001969
0.000000
0.000000
0.000000
0.011465
0.013619
0.007783
0.005239
0.003847
0.000000
0.000000
0.000000
0.000000
0.002151
0.008514
0.008827
0.015947
0.013331
0.000823
0.000000
0.000000
0.000000
0.003866
0.006504
0.005387
0.011897
0.034796
0.007362
0.000000
0.000000
0.000000
0.004372
0.007209
0.006218
0.007352
0.020707
0.003689
0.000000
0.000000
0.000000
0.003618
0.015257
0.010984
0.011680
0.011666
0.001490
0.000000
0.000000
0.000000
0.003866
0.006504
0.005387
0.011897
0.034796
0.007362
0.000000
0.000000
0.000000
0.010058
0.014097
0.005533
0.010994
0.024488
0.007719
0.000000
0.000000
0.000000
0.003618
0.015257
0.010984
0.011680
0.011666
0.001490
0.000000
0.000000
0.000000
0.001390
0.003380
0.005282
0.012718
0.014641
0.002329
0.000000
0.000000
0.000000
0.010058
0.014097
0.005533
0.010994
0.024488
0.007719
0.000000
0.000000
0.000000
0.015820
0.025499
0.010396
0.010639
0.019163
0.003228
0.000000
0.000000
0.000000
0.001390
0.003380
0.005282
0.012718
0.014641
0.002329
0.000000
0.000000
0.000000
0.008448
0.005714
0.008381
0.012544
0.022043
0.005484
0.000000
0.000000
0.000000
0.015820
0.025499
0.010396
0.010639
0.019163
0.003228
0.000000
0.000000
0.000000
0.017693
0.018812
0.009836
0.008712
0.020565
0.004375
0.000000
0.000000
0.000000
0.008448
0.005714
0.008381
0.012544
0.022043
0.005484
0.000000
0.000000
0.000000
0.008538
0.010322
0.005593
0.008996
0.020357
0.001867
0.000000
0.000000
0.000000
0.017693
0.018812
0.009836
0.008712
0.020565
0.004375
0.000000
0.000000
0.000000
0.005216
0.006278
0.018997
0.023360
0.018928
0.002158
0.000000
0.000000
0.000000
0.008538
0.010322
0.005593
0.008996
0.020357
0.001867
0.000000
0.000000
0.000000
0.026522
0.059776
0.021320
0.005190
0.007631
0.000948
0.000000
0.000000
0.000000
0.005216
0.006278
0.018997
0.023360
0.018928
0.002158
0.000000
0.000000
0.000000
0.001053
0.004893
0.004455
0.030349
0.041774
0.009465
0.000000
0.000000
0.000000
0.026522
0.059776
0.021320
0.005190
0.007631
0.000948
0.000000
0.000000
0.000000
0.007324
0.048906
0.025005
0.023253
0.014997
0.000574
0.000000
0.000000
0.000000
0.001053
0.004893
0.004455
0.030349
0.041774
0.009465
0.000000
0.000000
0.000000
0.016597
0.037340
0.002807
0.021569
0.015579
0.000729
0.000000
0.000000
0.000000
0.007324
0.048906
0.025005
0.023253
0.014997
0.000574
0.000000
0.000000
0.000000
0.012797
0.022286
0.020309
0.022637
0.023355
0.001507
0.000000
0.000000
0.000000
0.016597
0.037340
0.002807
0.021569
0.015579
0.000729
0.000000
0.000000
0.000000
0.006560
0.018829
0.008316
0.011005
0.016880
0.002119
0.000000
0.000000
0.000000
0.012797
0.022286
0.020309
0.022637
0.023355
0.001507
0.000000
0.000000
0.000000
0.012596
0.016105
0.008035
0.014913
0.009403
0.000956
0.000000
0.000000
0.000000
0.006560
0.018829
0.008316
0.011005
0.016880
0.002119
0.000000
0.000000
0.000000
0.005380
0.014867
0.009985
0.011578
0.015960
0.002540
0.000000
0.000000
0.000000
0.012596
0.016105
0.008035
0.014913
0.009403
0.000956
0.000000
0.000000
0.000000
0.003274
0.005440
0.005501
0.005413
0.012600
0.000593
0.000000
0.000000
0.000000
0.005380
0.014867
0.009985
0.011578
0.015960
0.002540
0.000000
0.000000
0.000000
0.009924
0.008950
0.005492
0.003909
0.007446
0.001969
0.000000
0.000000
0.000000
0.003274
0.005440
0.005501
0.005413
0.012600
0.000593
0.000000
0.000000
0.000000
0.001875
0.004703
0.009158
0.009856
0.012790
0.002221
0.000000
0.000000
0.000000
0.009924
0.008950
0.005492
0.003909
0.007446
0.001969
0.000000
0.000000
0.000000
0.011465
0.013619
0.007783
0.005239
0.003847
0.000000
0.000000
0.000000
0.000000
0.001875
0.004703
0.009158
0.009856
0.012790
0.002221
0.000000
0.000000
0.000000
0.006751
0.005862
0.005598
0.008513
0.010806
0.001604
0.000000
0.000000
0.000000
0.004372
0.007209
0.006218
0.007352
0.020707
0.003689
0.000000
0.000000
0.000000
0.003618
0.015257
0.010984
0.011680
0.011666
0.001490
0.000000
0.000000
0.000000
0.006449
0.009227
0.006427
0.005687
0.011274
0.002143
0.000000
0.000000
0.000000
0.026161
0.018919
0.010918
0.005596
0.006822
0.000839
0.000000
0.000000
0.000000
0.003618
0.015257
0.010984
0.011680
0.011666
0.001490
0.000000
0.000000
0.000000
0.001390
0.003380
0.005282
0.012718
0.014641
0.002329
0.000000
0.000000
0.000000
0.026161
0.018919
0.010918
0.005596
0.006822
0.000839
0.000000
0.000000
0.000000
0.002901
0.005963
0.009165
0.007632
0.005812
0.000930
0.000000
0.000000
0.000000
0.001390
0.003380
0.005282
0.012718
0.014641
0.002329
0.000000
0.000000
0.000000
0.008448
0.005714
0.008381
0.012544
0.022043
0.005484
0.000000
0.000000
0.000000
0.002901
0.005963
0.009165
0.007632
0.005812
0.000930
0.000000
0.000000
0.000000
0.005352
0.011587
0.009859
0.004620
0.003771
0.000429
0.000000
0.000000
0.000000
0.008448
0.005714
0.008381
0.012544
0.022043
0.005484
0.000000
0.000000
0.000000
0.008538
0.010322
0.005593
0.008996
0.020357
0.001867
0.000000
0.000000
0.000000
0.005352
0.011587
0.009859
0.004620
0.003771
0.000429
0.000000
0.000000
0.000000
0.002143
0.007605
0.013631
0.020741
0.010753
0.000590
0.000000
0.000000
0.000000
0.008538
0.010322
0.005593
0.008996
0.020357
0.001867
0.000000
0.000000
0.000000
0.026522
0.059776
0.021320
0.005190
0.007631
0.000948
0.000000
0.000000
0.000000
0.002143
0.007605
0.013631
0.020741
0.010753
0.000590
0.000000
0.000000
0.000000
0.006560
0.021721
0.036856
0.037178
0.028124
0.002221
0.000000
0.000000
0.000000
0.026522
0.059776
0.021320
0.005190
0.007631
0.000948
0.000000
0.000000
0.000000
0.007324
0.048906
0.025005
0.023253
0.014997
0.000574
0.000000
0.000000
0.000000
0.006560
0.021721
0.036856
0.037178
0.028124
0.002221
0.000000
0.000000
0.000000
0.017180
0.034734
0.020832
0.013111
0.010995
0.001893
0.000000
0.000000
0.000000
0.007324
0.048906
0.025005
0.023253
0.014997
0.000574
0.000000
0.000000
0.000000
0.012797
0.022286
0.020309
0.022637
0.023355
0.001507
0.000000
0.000000
0.000000
0.017180
0.034734
0.020832
0.013111
0.010995
0.001893
0.000000
0.000000
0.000000
0.010371
0.019325
0.012935
0.019719
0.013365
0.001669
0.000000
0.000000
0.000000
0.012797
0.022286
0.020309
0.022637
0.023355
0.001507
0.000000
0.000000
0.000000
0.012596
0.016105
0.008035
0.014913
0.009403
0.000956
0.000000
0.000000
0.000000
0.010371
0.019325
0.012935
0.019719
0.013365
0.001669
0.000000
0.000000
0.000000
0.012297
0.014020
0.008151
0.008527
0.010951
0.002078
0.000000
0.000000
0.000000
0.012596
0.016105
0.008035
0.014913
0.009403
0.000956
0.000000
0.000000
0.000000
0.003274
0.005440
0.005501
0.005413
0.012600
0.000593
0.000000
0.000000
0.000000
0.012297
0.014020
0.008151
0.008527
0.010951
0.002078
0.000000
0.000000
0.000000
0.001277
0.001882
0.003941
0.010571
0.013471
0.002332
0.000000
0.000000
0.000000
0.003274
0.005440
0.005501
0.005413
0.012600
0.000593
0.000000
0.000000
0.000000
0.001875
0.004703
0.009158
0.009856
0.012790
0.002221
0.000000
0.000000
0.000000
0.001277
0.001882
0.003941
0.010571
0.013471
0.002332
0.000000
0.000000
0.000000
0.001946
0.002798
0.002244
0.006559
0.010615
0.001462
0.000000
0.000000
0.000000
0.001875
0.004703
0.009158
0.009856
0.012790
0.002221
0.000000
0.000000
0.000000
0.006751
0.005862
0.005598
0.008513
0.010806
0.001604
0.000000
0.000000
0.000000
0.001946
0.002798
0.002244
0.006559
0.010615
0.001462
0.000000
0.000000
0.000000
0.005426
0.009203
0.008813
0.005627
0.007614
0.001216
0.000000
0.000000
0.000000
0.006449
0.009227
0.006427
0.005687
0.011274
0.002143
0.000000
0.000000
0.000000
0.026161
0.018919
0.010918
0.005596
0.006822
0.000839
0.000000
0.000000
0.000000
0.025003
0.017782
0.011224
0.013750
0.007155
0.001164
0.000000
0.000000
0.000000
0.007992
0.012885
0.008634
0.005878
0.018496
0.004024
0.000000
0.000000
0.000000
0.026161
0.018919
0.010918
0.005596
0.006822
0.000839
0.000000
0.000000
0.000000
0.002901
0.005963
0.009165
0.007632
0.005812
0.000930
0.000000
0.000000
0.000000
0.007992
0.012885
0.008634
0.005878
0.018496
0.004024
0.000000
0.000000
0.000000
0.006961
0.019803
0.009180
0.009338
0.027546
0.004556
0.000000
0.000000
0.000000
0.002901
0.005963
0.009165
0.007632
0.005812
0.000930
0.000000
0.000000
0.000000
0.005352
0.011587
0.009859
0.004620
0.003771
0.000429
0.000000
0.000000
0.000000
0.006961
0.019803
0.009180
0.009338
0.027546
0.004556
0.000000
0.000000
0.000000
0.008532
0.014308
0.009216
0.005067
0.022941
0.007419
0.000000
0.000000
0.000000
0.005352
0.011587
0.009859
0.004620
0.003771
0.000429
0.000000
0.000000
0.000000
0.002143
0.007605
0.013631
0.020741
0.010753
0.000590
0.000000
0.000000
0.000000
0.008532
0.014308
0.009216
0.005067
0.022941
0.007419
0.000000
0.000000
0.000000
0.011174
0.018138
0.014260
0.019656
0.041727
0.009350
0.000000
0.000000
0.000000
0.002143
0.007605
0.013631
0.020741
0.010753
0.000590
0.000000
0.000000
0.000000
0.006560
0.021721
0.036856
0.037178
0.028124
0.002221
0.000000
0.000000
0.000000
0.011174
0.018138
0.014260
0.019656
0.041727
0.009350
0.000000
0.000000
0.000000
0.000509
0.006891
0.011646
0.026753
0.057698
0.002702
0.000000
0.000000
0.000000
0.006560
0.021721
0.036856
0.037178
0.028124
0.002221
0.000000
0.000000
0.000000
0.017180
0.034734
0.020832
0.013111
0.010995
0.001893
0.000000
0.000000
0.000000
0.000509
0.006891
0.011646
0.026753
0.057698
0.002702
0.000000
0.000000
0.000000
0.007893
0.011134
0.016245
0.025371
0.043913
0.009678
0.000000
0.000000
0.000000
0.017180
0.034734
0.020832
0.013111
0.010995
0.001893
0.000000
0.000000
0.000000
0.010371
0.019325
0.012935
0.019719
0.013365
0.001669
0.000000
0.000000
0.000000
0.007893
0.011134
0.016245
0.025371
0.043913
0.009678
0.000000
0.000000
0.000000
0.041197
0.023280
0.013357
0.013341
0.012410
0.001331
0.000000
0.000000
0.000000
0.010371
0.019325
0.012935
0.019719
0.013365
0.001669
0.000000
0.000000
0.000000
0.012297
0.014020
0.008151
0.008527
0.010951
0.002078
0.000000
0.000000
0.000000
0.041197
0.023280
0.013357
0.013341
0.012410
0.001331
0.000000
0.000000
0.000000
0.012165
0.011360
0.004195
0.004428
0.005900
0.000783
0.000000
0.000000
0.000000
0.012297
0.014020
0.008151
0.008527
0.010951
0.002078
0.000000
0.000000
0.000000
0.001277
0.001882
0.003941
0.010571
0.013471
0.002332
0.000000
0.000000
0.000000
0.012165
0.011360
0.004195
0.004428
0.005900
0.000783
0.000000
0.000000
0.000000
0.030160
0.022010
0.007622
0.005361
0.002285
0.000348
0.000000
0.000000
0.000000
0.001277
0.001882
0.003941
0.010571
0.013471
0.002332
0.000000
0.000000
0.000000
0.001946
0.002798
0.002244
0.006559
0.010615
0.001462
0.000000
0.000000
0.000000
0.030160
0.022010
0.007622
0.005361
0.002285
0.000348
0.000000
0.000000
0.000000
0.010771
0.008350
0.004707
0.003964
0.002256
0.000166
0.000000
0.000000
0.000000
0.001946
0.002798
0.002244
0.006559
0.010615
0.001462
0.000000
0.000000
0.000000
0.005426
0.009203
0.008813
0.005627
0.007614
0.001216
0.000000
0.000000
0.000000
0.010771
0.008350
0.004707
0.003964
0.002256
0.000166
0.000000
0.000000
0.000000
0.040020
0.021478
0.004450
0.002658
0.001080
0.000080
0.000000
0.000000
0.000000
0.025003
0.017782
0.011224
0.013750
0.007155
0.001164
0.000000
0.000000
0.000000
0.007992
0.012885
0.008634
0.005878
0.018496
0.004024
0.000000
0.000000
0.000000
0.003969
0.005524
0.007867
0.009471
0.031883
0.004903
0.000000
0.000000
0.000000
0.003015
0.007975
0.008443
0.011193
0.027817
0.003682
0.000000
0.000000
0.000000
0.007992
0.012885
0.008634
0.005878
0.018496
0.004024
0.000000
0.000000
0.000000
0.006961
0.019803
0.009180
0.009338
0.027546
0.004556
0.000000
0.000000
0.000000
0.003015
0.007975
0.008443
0.011193
0.027817
0.003682
0.000000
0.000000
0.000000
0.005944
0.011726
0.009640
0.018770
0.028209
0.005191
0.000000
0.000000
0.000000
0.006961
0.019803
0.009180
0.009338
0.027546
0.004556
0.000000
0.000000
0.000000
0.008532
0.014308
0.009216
0.005067
0.022941
0.007419
0.000000
0.000000
0.000000
0.005944
0.011726
0.009640
0.018770
0.028209
0.005191
0.000000
0.000000
0.000000
0.011741
0.016629
0.007990
0.016901
0.030393
0.005516
0.000000
0.000000
0.000000
0.008532
0.014308
0.009216
0.005067
0.022941
0.007419
0.000000
0.000000
0.000000
0.011174
0.018138
0.014260
0.019656
0.041727
0.009350
0.000000
0.000000
0.000000
0.011741
0.016629
0.007990
0.016901
0.030393
0.005516
0.000000
0.000000
0.000000
0.022294
0.013820
0.008550
0.013603
0.003099
0.000247
0.000000
0.000000
0.000000
0.011174
0.018138
0.014260
0.019656
0.041727
0.009350
0.000000
0.000000
0.000000
0.000509
0.006891
0.011646
0.026753
0.057698
0.002702
0.000000
0.000000
0.000000
0.022294
0.013820
0.008550
0.013603
0.003099
0.000247
0.000000
0.000000
0.000000
0.004090
0.010820
0.019275
0.013570
0.006527
0.000274
0.000000
0.000000
0.000000
0.000509
0.006891
0.011646
0.026753
0.057698
0.002702
0.000000
0.000000
0.000000
0.007893
0.011134
0.016245
0.025371
0.043913
0.009678
0.000000
0.000000
0.000000
0.004090
0.010820
0.019275
0.013570
0.006527
0.000274
0.000000
0.000000
0.000000
0.009669
0.013402
0.013677
0.005478
0.002080
0.000069
0.000000
0.000000
0.000000
0.007893
0.011134
0.016245
0.025371
0.043913
0.009678
0.000000
0.000000
0.000000
0.041197
0.023280
0.013357
0.013341
0.012410
0.001331
0.000000
0.000000
0.000000
0.009669
0.013402
0.013677
0.005478
0.002080
0.000069
0.000000
0.000000
0.000000
0.042362
0.035290
0.011056
0.003883
0.009130
0.001590
0.000000
0.000000
0.000000
0.041197
0.023280
0.013357
0.013341
0.012410
0.001331
0.000000
0.000000
0.000000
0.012165
0.011360
0.004195
0.004428
0.005900
0.000783
0.000000
0.000000
0.000000
0.042362
0.035290
0.011056
0.003883
0.009130
0.001590
0.000000
0.000000
0.000000
0.008166
0.006998
0.005918
0.005997
0.015211
0.001690
0.000000
0.000000
0.000000
0.012165
0.011360
0.004195
0.004428
0.005900
0.000783
0.000000
0.000000
0.000000
0.030160
0.022010
0.007622
0.005361
0.002285
0.000348
0.000000
0.000000
0.000000
0.008166
0.006998
0.005918
0.005997
0.015211
0.001690
0.000000
0.000000
0.000000
0.004043
0.005649
0.002968
0.006352
0.027287
0.004203
0.000000
0.000000
0.000000
0.030160
0.022010
0.007622
0.005361
0.002285
0.000348
0.000000
0.000000
0.000000
0.010771
0.008350
0.004707
0.003964
0.002256
0.000166
0.000000
0.000000
0.000000
0.004043
0.005649
0.002968
0.006352
0.027287
0.004203
0.000000
0.000000
0.000000
0.003910
0.007353
0.007051
0.012258
0.018350
0.001068
0.000000
0.000000
0.000000
0.010771
0.008350
0.004707
0.003964
0.002256
0.000166
0.000000
0.000000
0.000000
0.040020
0.021478
0.004450
0.002658
0.001080
0.000080
0.000000
0.000000
0.000000
0.003910
0.007353
0.007051
0.012258
0.018350
0.001068
0.000000
0.000000
0.000000
0.008067
0.007827
0.007122
0.012085
0.020644
0.003027
0.000000
0.000000
0.000000
0.003969
0.005524
0.007867
0.009471
0.031883
0.004903
0.000000
0.000000
0.000000
0.003015
0.007975
0.008443
0.011193
0.027817
0.003682
0.000000
0.000000
0.000000
0.007030
0.004777
0.005233
0.007846
0.011452
0.002004
0.000000
0.000000
0.000000
0.007462
0.007472
0.009747
0.004933
0.015303
0.004886
0.000000
0.000000
0.000000
0.003015
0.007975
0.008443
0.011193
0.027817
0.003682
0.000000
0.000000
0.000000
0.005944
0.011726
0.009640
0.018770
0.028209
0.005191
0.000000
0.000000
0.000000
0.007462
0.007472
0.009747
0.004933
0.015303
0.004886
0.000000
0.000000
0.000000
0.012772
0.017898
0.004298
0.006843
0.020650
0.008330
0.000000
0.000000
0.000000
0.005944
0.011726
0.009640
0.018770
0.028209
0.005191
0.000000
0.000000
0.000000
0.011741
0.016629
0.007990
0.016901
0.030393
0.005516
0.000000
0.000000
0.000000
0.012772
0.017898
0.004298
0.006843
0.020650
0.008330
0.000000
0.000000
0.000000
0.016142
0.018926
0.009722
0.010931
0.017049
0.003612
0.000000
0.000000
0.000000
0.011741
0.016629
0.007990
0.016901
0.030393
0.005516
0.000000
0.000000
0.000000
0.022294
0.013820
0.008550
0.013603
0.003099
0.000247
0.000000
0.000000
0.000000
0.016142
0.018926
0.009722
0.010931
0.017049
0.003612
0.000000
0.000000
0.000000
0.019496
0.023716
0.004984
0.004131
0.003172
0.000477
0.000000
0.000000
0.000000
0.022294
0.013820
0.008550
0.013603
0.003099
0.000247
0.000000
0.000000
0.000000
0.004090
0.010820
0.019275
0.013570
0.006527
0.000274
0.000000
0.000000
0.000000
0.019496
0.023716
0.004984
0.004131
0.003172
0.000477
0.000000
0.000000
0.000000
0.001351
0.006153
0.007628
0.009021
0.002211
0.000215
0.000000
0.000000
0.000000
0.004090
0.010820
0.019275
0.013570
0.006527
0.000274
0.000000
0.000000
0.000000
0.009669
0.013402
0.013677
0.005478
0.002080
0.000069
0.000000
0.000000
0.000000
0.001351
0.006153
0.007628
0.009021
0.002211
0.000215
0.000000
0.000000
0.000000
0.006892
0.019104
0.011872
0.002082
0.000419
0.000000
0.000000
0.000000
0.000000
0.009669
0.013402
0.013677
0.005478
0.002080
0.000069
0.000000
0.000000
0.000000
0.042362
0.035290
0.011056
0.003883
0.009130
0.001590
0.000000
0.000000
0.000000
0.006892
0.019104
0.011872
0.002082
0.000419
0.000000
0.000000
0.000000
0.000000
0.057301
0.028354
0.007000
0.004203
0.004300
0.000615
0.000000
0.000000
0.000000
0.042362
0.035290
0.011056
0.003883
0.009130
0.001590
0.000000
0.000000
0.000000
0.008166
0.006998
0.005918
0.005997
0.015211
0.001690
0.000000
0.000000
0.000000
0.057301
0.028354
0.007000
0.004203
0.004300
0.000615
0.000000
0.000000
0.000000
0.008485
0.010094
0.009301
0.007641
0.018679
0.003081
0.000000
0.000000
0.000000
0.008166
0.006998
0.005918
0.005997
0.015211
0.001690
0.000000
0.000000
0.000000
0.004043
0.005649
0.002968
0.006352
0.027287
0.004203
0.000000
0.000000
0.000000
0.008485
0.010094
0.009301
0.007641
0.018679
0.003081
0.000000
0.000000
0.000000
0.002126
0.002867
0.007789
0.008092
0.012362
0.001496
0.000000
0.000000
0.000000
0.004043
0.005649
0.002968
0.006352
0.027287
0.004203
0.000000
0.000000
0.000000
0.003910
0.007353
0.007051
0.012258
0.018350
0.001068
0.000000
0.000000
0.000000
0.002126
0.002867
0.007789
0.008092
0.012362
0.001496
0.000000
0.000000
0.000000
0.004697
0.006081
0.007243
0.009900
0.011871
0.002090
0.000000
0.000000
0.000000
0.003910
0.007353
0.007051
0.012258
0.018350
0.001068
0.000000
0.000000
0.000000
0.008067
0.007827
0.007122
0.012085
0.020644
0.003027
0.000000
0.000000
0.000000
0.004697
0.006081
0.007243
0.009900
0.011871
0.002090
0.000000
0.000000
0.000000
0.003686
0.004440
0.004649
0.007118
0.012162
0.000952
0.000000
0.000000
0.000000
0.007030
0.004777
0.005233
0.007846
0.011452
0.002004
0.000000
0.000000
0.000000
0.007462
0.007472
0.009747
0.004933
0.015303
0.004886
0.000000
0.000000
0.000000
0.003802
0.007042
0.010704
0.010896
0.027435
0.006813
0.000000
0.000000
0.000000
0.004642
0.015118
0.015792
0.016984
0.029708
0.003246
0.000000
0.000000
0.000000
0.007462
0.007472
0.009747
0.004933
0.015303
0.004886
0.000000
0.000000
0.000000
0.012772
0.017898
0.004298
0.006843
0.020650
0.008330
0.000000
0.000000
0.000000
0.004642
0.015118
0.015792
0.016984
0.029708
0.003246
0.000000
0.000000
0.000000
0.002740
0.002768
0.008248
0.014963
0.024317
0.004757
0.000000
0.000000
0.000000
0.012772
0.017898
0.004298
0.006843
0.020650
0.008330
0.000000
0.000000
0.000000
0.016142
0.018926
0.009722
0.010931
0.017049
0.003612
0.000000
0.000000
0.000000
0.002740
0.002768
0.008248
0.014963
0.024317
0.004757
0.000000
0.000000
0.000000
0.026871
0.024465
0.009727
0.011108
0.010765
0.001552
0.000000
0.000000
0.000000
0.016142
0.018926
0.009722
0.010931
0.017049
0.003612
0.000000
0.000000
0.000000
0.019496
0.023716
0.004984
0.004131
0.003172
0.000477
0.000000
0.000000
0.000000
0.026871
0.024465
0.009727
0.011108
0.010765
0.001552
0.000000
0.000000
0.000000
0.004482
0.013524
0.006352
0.002411
0.001034
0.000011
0.000000
0.000000
0.000000
0.019496
0.023716
0.004984
0.004131
0.003172
0.000477
0.000000
0.000000
0.000000
0.001351
0.006153
0.007628
0.009021
0.002211
0.000215
0.000000
0.000000
0.000000
0.004482
0.013524
0.006352
0.002411
0.001034
0.000011
0.000000
0.000000
0.000000
0.001956
0.004002
0.002999
0.002043
0.000890
0.000059
0.000000
0.000000
0.000000
0.001351
0.006153
0.007628
0.009021
0.002211
0.000215
0.000000
0.000000
0.000000
0.006892
0.019104
0.011872
0.002082
0.000419
0.000000
0.000000
0.000000
0.000000
0.001956
0.004002
0.002999
0.002043
0.000890
0.000059
0.000000
0.000000
0.000000
0.012830
0.010903
0.001048
0.001187
0.000331
0.000000
0.000000
0.000000
0.000000
0.006892
0.019104
0.011872
0.002082
0.000419
0.000000
0.000000
0.000000
0.000000
0.057301
0.028354
0.007000
0.004203
0.004300
0.000615
0.000000
0.000000
0.000000
0.012830
0.010903
0.001048
0.001187
0.000331
0.000000
0.000000
0.000000
0.000000
0.031636
0.045406
0.010160
0.009923
0.002994
0.000000
0.000000
0.000000
0.000000
0.057301
0.028354
0.007000
0.004203
0.004300
0.000615
0.000000
0.000000
0.000000
0.008485
0.010094
0.009301
0.007641
0.018679
0.003081
0.000000
0.000000
0.000000
0.031636
0.045406
0.010160
0.009923
0.002994
0.000000
0.000000
0.000000
0.000000
0.006187
0.009409
0.006579
0.005028
0.017193
0.004429
0.000000
0.000000
0.000000
0.008485
0.010094
0.009301
0.007641
0.018679
0.003081
0.000000
0.000000
0.000000
0.002126
0.002867
0.007789
0.008092
0.012362
0.001496
0.000000
0.000000
0.000000
0.006187
0.009409
0.006579
0.005028
0.017193
0.004429
0.000000
0.000000
0.000000
0.006194
0.011921
0.007021
0.003808
0.010956
0.002286
0.000000
0.000000
0.000000
0.002126
0.002867
0.007789
0.008092
0.012362
0.001496
0.000000
0.000000
0.000000
0.004697
0.006081
0.007243
0.009900
0.011871
0.002090
0.000000
0.000000
0.000000
0.006194
0.011921
0.007021
0.003808
0.010956
0.002286
0.000000
0.000000
0.000000
0.020498
0.013635
0.004687
0.005186
0.006282
0.000306
0.000000
0.000000
0.000000
0.004697
0.006081
0.007243
0.009900
0.011871
0.002090
0.000000
0.000000
0.000000
0.003686
0.004440
0.004649
0.007118
0.012162
0.000952
0.000000
0.000000
0.000000
0.020498
0.013635
0.004687
0.005186
0.006282
0.000306
0.000000
0.000000
0.000000
0.002289
0.006390
0.005646
0.005470
0.006945
0.000959
0.000000
0.000000
0.000000
0.003802
0.007042
0.010704
0.010896
0.027435
0.006813
0.000000
0.000000
0.000000
0.004642
0.015118
0.015792
0.016984
0.029708
0.003246
0.000000
0.000000
0.000000
0.002003
0.004162
0.005378
0.009683
0.037850
0.008291
0.000000
0.000000
0.000000
0.001048
0.001897
0.012879
0.014803
0.046587
0.007996
0.000000
0.000000
0.000000
0.004642
0.015118
0.015792
0.016984
0.029708
0.003246
0.000000
0.000000
0.000000
0.002740
0.002768
0.008248
0.014963
0.024317
0.004757
0.000000
0.000000
0.000000
0.001048
0.001897
0.012879
0.014803
0.046587
0.007996
0.000000
0.000000
0.000000
0.000419
0.003909
0.006086
0.011314
0.037352
0.008240
0.000000
0.000000
0.000000
0.002740
0.002768
0.008248
0.014963
0.024317
0.004757
0.000000
0.000000
0.000000
0.026871
0.024465
0.009727
0.011108
0.010765
0.001552
0.000000
0.000000
0.000000
0.000419
0.003909
0.006086
0.011314
0.037352
0.008240
0.000000
0.000000
0.000000
0.022435
0.021969
0.011713
0.009268
0.028853
0.010213
0.000000
0.000000
0.000000
0.026871
0.024465
0.009727
0.011108
0.010765
0.001552
0.000000
0.000000
0.000000
0.004482
0.013524
0.006352
0.002411
0.001034
0.000011
0.000000
0.000000
0.000000
0.022435
0.021969
0.011713
0.009268
0.028853
0.010213
0.000000
0.000000
0.000000
0.012617
0.010078
0.002393
0.000995
0.001057
0.000022
0.000000
0.000000
0.000000
0.004482
0.013524
0.006352
0.002411
0.001034
0.000011
0.000000
0.000000
0.000000
0.001956
0.004002
0.002999
0.002043
0.000890
0.000059
0.000000
0.000000
0.000000
0.012617
0.010078
0.002393
0.000995
0.001057
0.000022
0.000000
0.000000
0.000000
0.001602
0.003233
0.003775
0.006749
0.006256
0.000562
0.000000
0.000000
0.000000
0.001956
0.004002
0.002999
0.002043
0.000890
0.000059
0.000000
0.000000
0.000000
0.012830
0.010903
0.001048
0.001187
0.000331
0.000000
0.000000
0.000000
0.000000
0.001602
0.003233
0.003775
0.006749
0.006256
0.000562
0.000000
0.000000
0.000000
0.014138
0.015711
0.019094
0.016765
0.003938
0.000330
0.000000
0.000000
0.000000
0.012830
0.010903
0.001048
0.001187
0.000331
0.000000
0.000000
0.000000
0.000000
0.031636
0.045406
0.010160
0.009923
0.002994
0.000000
0.000000
0.000000
0.000000
0.014138
0.015711
0.019094
0.016765
0.003938
0.000330
0.000000
0.000000
0.000000
0.011195
0.017143
0.017033
0.036697
0.040272
0.006385
0.000000
0.000000
0.000000
0.031636
0.045406
0.010160
0.009923
0.002994
0.000000
0.000000
0.000000
0.000000
0.006187
0.009409
0.006579
0.005028
0.017193
0.004429
0.000000
0.000000
0.000000
0.011195
0.017143
0.017033
0.036697
0.040272
0.006385
0.000000
0.000000
0.000000
0.001333
0.003109
0.003934
0.008628
0.039865
0.011523
0.000000
0.000000
0.000000
0.006187
0.009409
0.006579
0.005028
0.017193
0.004429
0.000000
0.000000
0.000000
0.006194
0.011921
0.007021
0.003808
0.010956
0.002286
0.000000
0.000000
0.000000
0.001333
0.003109
0.003934
0.008628
0.039865
0.011523
0.000000
0.000000
0.000000
0.000978
0.000432
0.005004
0.016993
0.043519
0.007546
0.000000
0.000000
0.000000
0.006194
0.011921
0.007021
0.003808
0.010956
0.002286
0.000000
0.000000
0.000000
0.020498
0.013635
0.004687
0.005186
0.006282
0.000306
0.000000
0.000000
0.000000
0.000978
0.000432
0.005004
0.016993
0.043519
0.007546
0.000000
0.000000
0.000000
0.001776
0.003815
0.004570
0.017272
0.037097
0.005236
0.000000
0.000000
0.000000
0.020498
0.013635
0.004687
0.005186
0.006282
0.000306
0.000000
0.000000
0.000000
0.002289
0.006390
0.005646
0.005470
0.006945
0.000959
0.000000
0.000000
0.000000
0.001776
0.003815
0.004570
0.017272
0.037097
0.005236
0.000000
0.000000
0.000000
0.003344
0.004642
0.006208
0.011094
0.026044
0.006391
0.000000
0.000000
0.000000
0.002003
0.004162
0.005378
0.009683
0.037850
0.008291
0.000000
0.000000
0.000000
0.001048
0.001897
0.012879
0.014803
0.046587
0.007996
0.000000
0.000000
0.000000
0.002254
0.009962
0.011464
0.006665
0.004508
0.000392
0.000000
0.000000
0.000000
0.004750
0.018033
0.016726
0.007598
0.007461
0.001385
0.000000
0.000000
0.000000
0.001048
0.001897
0.012879
0.014803
0.046587
0.007996
0.000000
0.000000
0.000000
0.000419
0.003909
0.006086
0.011314
0.037352
0.008240
0.000000
0.000000
0.000000
0.004750
0.018033
0.016726
0.007598
0.007461
0.001385
0.000000
0.000000
0.000000
0.006216
0.013178
0.011496
0.007149
0.008499
0.001284
0.000000
0.000000
0.000000
0.000419
0.003909
0.006086
0.011314
0.037352
0.008240
0.000000
0.000000
0.000000
0.022435
0.021969
0.011713
0.009268
0.028853
0.010213
0.000000
0.000000
0.000000
0.006216
0.013178
0.011496
0.007149
0.008499
0.001284
0.000000
0.000000
0.000000
0.002529
0.009280
0.009645
0.009723
0.008921
0.001854
0.000000
0.000000
0.000000
0.022435
0.021969
0.011713
0.009268
0.028853
0.010213
0.000000
0.000000
0.000000
0.012617
0.010078
0.002393
0.000995
0.001057
0.000022
0.000000
0.000000
0.000000
0.002529
0.009280
0.009645
0.009723
0.008921
0.001854
0.000000
0.000000
0.000000
0.021849
0.039816
0.011547
0.026049
0.019011
0.002066
0.000000
0.000000
0.000000
0.012617
0.010078
0.002393
0.000995
0.001057
0.000022
0.000000
0.000000
0.000000
0.001602
0.003233
0.003775
0.006749
0.006256
0.000562
0.000000
0.000000
0.000000
0.021849
0.039816
0.011547
0.026049
0.019011
0.002066
0.000000
0.000000
0.000000
0.015196
0.036763
0.037720
0.018200
0.062010
0.016163
0.000000
0.000000
0.000000
0.001602
0.003233
0.003775
0.006749
0.006256
0.000562
0.000000
0.000000
0.000000
0.014138
0.015711
0.019094
0.016765
0.003938
0.000330
0.000000
0.000000
0.000000
0.015196
0.036763
0.037720
0.018200
0.062010
0.016163
0.000000
0.000000
0.000000
0.042504
0.052850
0.049617
0.008614
0.020125
0.000788
0.000000
0.000000
0.000000
0.014138
0.015711
0.019094
0.016765
0.003938
0.000330
0.000000
0.000000
0.000000
0.011195
0.017143
0.017033
0.036697
0.040272
0.006385
0.000000
0.000000
0.000000
0.042504
0.052850
0.049617
0.008614
0.020125
0.000788
0.000000
0.000000
0.000000
0.004038
0.007317
0.007368
0.005606
0.008626
0.000869
0.000000
0.000000
0.000000
0.011195
0.017143
0.017033
0.036697
0.040272
0.006385
0.000000
0.000000
0.000000
0.001333
0.003109
0.003934
0.008628
0.039865
0.011523
0.000000
0.000000
0.000000
0.004038
0.007317
0.007368
0.005606
0.008626
0.000869
0.000000
0.000000
0.000000
0.012211
0.013650
0.002405
0.005680
0.003948
0.000286
0.000000
0.000000
0.000000
0.001333
0.003109
0.003934
0.008628
0.039865
0.011523
0.000000
0.000000
0.000000
0.000978
0.000432
0.005004
0.016993
0.043519
0.007546
0.000000
0.000000
0.000000
0.012211
0.013650
0.002405
0.005680
0.003948
0.000286
0.000000
0.000000
0.000000
0.004536
0.012405
0.005294
0.002352
0.008934
0.002259
0.000000
0.000000
0.000000
0.000978
0.000432
0.005004
0.016993
0.043519
0.007546
0.000000
0.000000
0.000000
0.001776
0.003815
0.004570
0.017272
0.037097
0.005236
0.000000
0.000000
0.000000
0.004536
0.012405
0.005294
0.002352
0.008934
0.002259
0.000000
0.000000
0.000000
0.008922
0.005365
0.001975
0.003674
0.012095
0.003774
0.000000
0.000000
0.000000
0.001776
0.003815
0.004570
0.017272
0.037097
0.005236
0.000000
0.000000
0.000000
0.003344
0.004642
0.006208
0.011094
0.026044
0.006391
0.000000
0.000000
0.000000
0.008922
0.005365
0.001975
0.003674
0.012095
0.003774
0.000000
0.000000
0.000000
0.006742
0.005208
0.002039
0.003178
0.013105
0.001780
0.000000
0.000000
0.000000
0.002254
0.009962
0.011464
0.006665
0.004508
0.000392
0.000000
0.000000
0.000000
0.004750
0.018033
0.016726
0.007598
0.007461
0.001385
0.000000
0.000000
0.000000
0.003601
0.000728
0.001506
0.006925
0.014691
0.004157
0.000000
0.000000
0.000000
0.002492
0.000008
0.000852
0.008990
0.033176
0.004541
0.000000
0.000000
0.000000
0.004750
0.018033
0.016726
0.007598
0.007461
0.001385
0.000000
0.000000
0.000000
0.006216
0.013178
0.011496
0.007149
0.008499
0.001284
0.000000
0.000000
0.000000
0.002492
0.000008
0.000852
0.008990
0.033176
0.004541
0.000000
0.000000
0.000000
0.004263
0.000428
0.001145
0.005095
0.026333
0.009417
0.000000
0.000000
0.000000
0.006216
0.013178
0.011496
0.007149
0.008499
0.001284
0.000000
0.000000
0.000000
0.002529
0.009280
0.009645
0.009723
0.008921
0.001854
0.000000
0.000000
0.000000
0.004263
0.000428
0.001145
0.005095
0.026333
0.009417
0.000000
0.000000
0.000000
0.003564
0.000622
0.001237
0.002858
0.028117
0.008654
0.000000
0.000000
0.000000
0.002529
0.009280
0.009645
0.009723
0.008921
0.001854
0.000000
0.000000
0.000000
0.021849
0.039816
0.011547
0.026049
0.019011
0.002066
0.000000
0.000000
0.000000
0.003564
0.000622
0.001237
0.002858
0.028117
0.008654
0.000000
0.000000
0.000000
0.002873
0.015712
0.003541
0.010647
0.018949
0.002414
0.000000
0.000000
0.000000
0.021849
0.039816
0.011547
0.026049
0.019011
0.002066
0.000000
0.000000
0.000000
0.015196
0.036763
0.037720
0.018200
0.062010
0.016163
0.000000
0.000000
0.000000
0.002873
0.015712
0.003541
0.010647
0.018949
0.002414
0.000000
0.000000
0.000000
0.050672
0.033490
0.013119
0.019132
0.065494
0.024738
0.000000
0.000000
0.000000
0.015196
0.036763
0.037720
0.018200
0.062010
0.016163
0.000000
0.000000
0.000000
0.042504
0.052850
0.049617
0.008614
0.020125
0.000788
0.000000
0.000000
0.000000
0.050672
0.033490
0.013119
0.019132
0.065494
0.024738
0.000000
0.000000
0.000000
0.051917
0.053845
0.023373
0.017453
0.015293
0.002623
0.000000
0.000000
0.000000
0.042504
0.052850
0.049617
0.008614
0.020125
0.000788
0.000000
0.000000
0.000000
0.004038
0.007317
0.007368
0.005606
0.008626
0.000869
0.000000
0.000000
0.000000
0.051917
0.053845
0.023373
0.017453
0.015293
0.002623
0.000000
0.000000
0.000000
0.000438
0.000646
0.000705
0.010934
0.034151
0.005213
0.000000
0.000000
0.000000
0.004038
0.007317
0.007368
0.005606
0.008626
0.000869
0.000000
0.000000
0.000000
0.012211
0.013650
0.002405
0.005680
0.003948
0.000286
0.000000
0.000000
0.000000
0.000438
0.000646
0.000705
0.010934
0.034151
0.005213
0.000000
0.000000
0.000000
0.002374
0.000903
0.000858
0.004158
0.030619
0.003670
0.000000
0.000000
0.000000
0.012211
0.013650
0.002405
0.005680
0.003948
0.000286
0.000000
0.000000
0.000000
0.004536
0.012405
0.005294
0.002352
0.008934
0.002259
0.000000
0.000000
0.000000
0.002374
0.000903
0.000858
0.004158
0.030619
0.003670
0.000000
0.000000
0.000000
0.002982
0.000802
0.003515
0.006413
0.021791
0.003586
0.000000
0.000000
0.000000
0.004536
0.012405
0.005294
0.002352
0.008934
0.002259
0.000000
0.000000
0.000000
0.008922
0.005365
0.001975
0.003674
0.012095
0.003774
0.000000
0.000000
0.000000
0.002982
0.000802
0.003515
0.006413
0.021791
0.003586
0.000000
0.000000
0.000000
0.002958
0.000715
0.001088
0.008827
0.023402
0.004776
0.000000
0.000000
0.000000
0.008922
0.005365
0.001975
0.003674
0.012095
0.003774
0.000000
0.000000
0.000000
0.006742
0.005208
0.002039
0.003178
0.013105
0.001780
0.000000
0.000000
0.000000
0.002958
0.000715
0.001088
0.008827
0.023402
0.004776
0.000000
0.000000
0.000000
0.001734
0.000629
0.002149
0.007195
0.019164
0.002487
0.000000
0.000000
0.000000
0.003601
0.000728
0.001506
0.006925
0.014691
0.004157
0.000000
0.000000
0.000000
0.002492
0.000008
0.000852
0.008990
0.033176
0.004541
0.000000
0.000000
0.000000
0.003049
0.005237
0.003873
0.006533
0.011449
0.001841
0.000000
0.000000
0.000000
0.002216
0.005815
0.013988
0.015042
0.007718
0.000947
0.000000
0.000000
0.000000
0.002492
0.000008
0.000852
0.008990
0.033176
0.004541
0.000000
0.000000
0.000000
0.004263
0.000428
0.001145
0.005095
0.026333
0.009417
0.000000
0.000000
0.000000
0.002216
0.005815
0.013988
0.015042
0.007718
0.000947
0.000000
0.000000
0.000000
0.002930
0.005975
0.007922
0.007256
0.006883
0.000621
0.000000
0.000000
0.000000
0.004263
0.000428
0.001145
0.005095
0.026333
0.009417
0.000000
0.000000
0.000000
0.003564
0.000622
0.001237
0.002858
0.028117
0.008654
0.000000
0.000000
0.000000
0.002930
0.005975
0.007922
0.007256
0.006883
0.000621
0.000000
0.000000
0.000000
0.001474
0.004342
0.008642
0.010850
0.019676
0.002094
0.000000
0.000000
0.000000
0.003564
0.000622
0.001237
0.002858
0.028117
0.008654
0.000000
0.000000
0.000000
0.002873
0.015712
0.003541
0.010647
0.018949
0.002414
0.000000
0.000000
0.000000
0.001474
0.004342
0.008642
0.010850
0.019676
0.002094
0.000000
0.000000
0.000000
0.024114
0.010900
0.007328
0.004980
0.010506
0.001596
0.000000
0.000000
0.000000
0.002873
0.015712
0.003541
0.010647
0.018949
0.002414
0.000000
0.000000
0.000000
0.050672
0.033490
0.013119
0.019132
0.065494
0.024738
0.000000
0.000000
0.000000
0.024114
0.010900
0.007328
0.004980
0.010506
0.001596
0.000000
0.000000
0.000000
0.058752
0.012482
0.002062
0.000966
0.000444
0.000000
0.000000
0.000000
0.000000
0.050672
0.033490
0.013119
0.019132
0.065494
0.024738
0.000000
0.000000
0.000000
0.051917
0.053845
0.023373
0.017453
0.015293
0.002623
0.000000
0.000000
0.000000
0.058752
0.012482
0.002062
0.000966
0.000444
0.000000
0.000000
0.000000
0.000000
0.057488
0.041534
0.005123
0.005171
0.007870
0.000893
0.000000
0.000000
0.000000
0.051917
0.053845
0.023373
0.017453
0.015293
0.002623
0.000000
0.000000
0.000000
0.000438
0.000646
0.000705
0.010934
0.034151
0.005213
0.000000
0.000000
0.000000
0.057488
0.041534
0.005123
0.005171
0.007870
0.000893
0.000000
0.000000
0.000000
0.001210
0.004900
0.007876
0.013631
0.006257
0.000578
0.000000
0.000000
0.000000
0.000438
0.000646
0.000705
0.010934
0.034151
0.005213
0.000000
0.000000
0.000000
0.002374
0.000903
0.000858
0.004158
0.030619
0.003670
0.000000
0.000000
0.000000
0.001210
0.004900
0.007876
0.013631
0.006257
0.000578
0.000000
0.000000
0.000000
0.002615
0.003042
0.003824
0.008720
0.017749
0.002812
0.000000
0.000000
0.000000
0.002374
0.000903
0.000858
0.004158
0.030619
0.003670
0.000000
0.000000
0.000000
0.002982
0.000802
0.003515
0.006413
0.021791
0.003586
0.000000
0.000000
0.000000
0.002615
0.003042
0.003824
0.008720
0.017749
0.002812
0.000000
0.000000
0.000000
0.003229
0.005002
0.005786
0.013450
0.017327
0.001585
0.000000
0.000000
0.000000
0.002982
0.000802
0.003515
0.006413
0.021791
0.003586
0.000000
0.000000
0.000000
0.002958
0.000715
0.001088
0.008827
0.023402
0.004776
0.000000
0.000000
0.000000
0.003229
0.005002
0.005786
0.013450
0.017327
0.001585
0.000000
0.000000
0.000000
0.002201
0.004523
0.008648
0.015867
0.013915
0.001388
0.000000
0.000000
0.000000
0.002958
0.000715
0.001088
0.008827
0.023402
0.004776
0.000000
0.000000
0.000000
0.001734
0.000629
0.002149
0.007195
0.019164
0.002487
0.000000
0.000000
0.000000
0.002201
0.004523
0.008648
0.015867
0.013915
0.001388
0.000000
0.000000
0.000000
0.001751
0.004692
0.007684
0.010727
0.005266
0.000257
0.000000
0.000000
0.000000
0.003049
0.005237
0.003873
0.006533
0.011449
0.001841
0.000000
0.000000
0.000000
0.002216
0.005815
0.013988
0.015042
0.007718
0.000947
0.000000
0.000000
0.000000
0.001598
0.005830
0.006303
0.011766
0.016995
0.001628
0.000000
0.000000
0.000000
0.001058
0.003759
0.009938
0.016778
0.012295
0.001246
0.000000
0.000000
0.000000
0.002216
0.005815
0.013988
0.015042
0.007718
0.000947
0.000000
0.000000
0.000000
0.002930
0.005975
0.007922
0.007256
0.006883
0.000621
0.000000
0.000000
0.000000
0.001058
0.003759
0.009938
0.016778
0.012295
0.001246
0.000000
0.000000
0.000000
0.001821
0.003467
0.007647
0.013955
0.012241
0.001378
0.000000
0.000000
0.000000
0.002930
0.005975
0.007922
0.007256
0.006883
0.000621
0.000000
0.000000
0.000000
0.001474
0.004342
0.008642
0.010850
0.019676
0.002094
0.000000
0.000000
0.000000
0.001821
0.003467
0.007647
0.013955
0.012241
0.001378
0.000000
0.000000
0.000000
0.002683
0.004705
0.005889
0.007716
0.007138
0.000660
0.000000
0.000000
0.000000
0.001474
0.004342
0.008642
0.010850
0.019676
0.002094
0.000000
0.000000
0.000000
0.024114
0.010900
0.007328
0.004980
0.010506
0.001596
0.000000
0.000000
0.000000
0.002683
0.004705
0.005889
0.007716
0.007138
0.000660
0.000000
0.000000
0.000000
0.014855
0.013887
0.004642
0.006922
0.008842
0.001284
0.000000
0.000000
0.000000
0.024114
0.010900
0.007328
0.004980
0.010506
0.001596
0.000000
0.000000
0.000000
0.058752
0.012482
0.002062
0.000966
0.000444
0.000000
0.000000
0.000000
0.000000
0.014855
0.013887
0.004642
0.006922
0.008842
0.001284
0.000000
0.000000
0.000000
0.055541
0.055385
0.020271
0.003783
0.001199
0.000000
0.000000
0.000000
0.000000
0.058752
0.012482
0.002062
0.000966
0.000444
0.000000
0.000000
0.000000
0.000000
0.057488
0.041534
0.005123
0.005171
0.007870
0.000893
0.000000
0.000000
0.000000
0.055541
0.055385
0.020271
0.003783
0.001199
0.000000
0.000000
0.000000
0.000000
0.021997
0.043710
0.023649
0.008554
0.013851
0.002638
0.000000
0.000000
0.000000
0.057488
0.041534
0.005123
0.005171
0.007870
0.000893
0.000000
0.000000
0.000000
0.001210
0.004900
0.007876
0.013631
0.006257
0.000578
0.000000
0.000000
0.000000
0.021997
0.043710
0.023649
0.008554
0.013851
0.002638
0.000000
0.000000
0.000000
0.003093
0.003302
0.009142
0.015951
0.015908
0.001638
0.000000
0.000000
0.000000
0.001210
0.004900
0.007876
0.013631
0.006257
0.000578
0.000000
0.000000
0.000000
0.002615
0.003042
0.003824
0.008720
0.017749
0.002812
0.000000
0.000000
0.000000
0.003093
0.003302
0.009142
0.015951
0.015908
0.001638
0.000000
0.000000
0.000000
0.000691
0.002878
0.005701
0.009056
0.016954
0.001548
0.000000
0.000000
0.000000
0.002615
0.003042
0.003824
0.008720
0.017749
0.002812
0.000000
0.000000
0.000000
0.003229
0.005002
0.005786
0.013450
0.017327
0.001585
0.000000
0.000000
0.000000
0.000691
0.002878
0.005701
0.009056
0.016954
0.001548
0.000000
0.000000
0.000000
0.002909
0.007928
0.006671
0.014205
0.013654
0.001758
0.000000
0.000000
0.000000
0.003229
0.005002
0.005786
0.013450
0.017327
0.001585
0.000000
0.000000
0.000000
0.002201
0.004523
0.008648
0.015867
0.013915
0.001388
0.000000
0.000000
0.000000
0.002909
0.007928
0.006671
0.014205
0.013654
0.001758
0.000000
0.000000
0.000000
0.003626
0.003030
0.006903
0.005944
0.009135
0.002133
0.000000
0.000000
0.000000
0.002201
0.004523
0.008648
0.015867
0.013915
0.001388
0.000000
0.000000
0.000000
0.001751
0.004692
0.007684
0.010727
0.005266
0.000257
0.000000
0.000000
0.000000
0.003626
0.003030
0.006903
0.005944
0.009135
0.002133
0.000000
0.000000
0.000000
0.001715
0.003209
0.007324
0.018686
0.015175
0.002016
0.000000
0.000000
0.000000
0.001598
0.005830
0.006303
0.011766
0.016995
0.001628
0.000000
0.000000
0.000000
0.001058
0.003759
0.009938
0.016778
0.012295
0.001246
0.000000
0.000000
0.000000
0.003530
0.007046
0.005596
0.011022
0.012973
0.000761
0.000000
0.000000
0.000000
0.002771
0.004726
0.006927
0.007631
0.009295
0.000470
0.000000
0.000000
0.000000
0.001058
0.003759
0.009938
0.016778
0.012295
0.001246
0.000000
0.000000
0.000000
0.001821
0.003467
0.007647
0.013955
0.012241
0.001378
0.000000
0.000000
0.000000
0.002771
0.004726
0.006927
0.007631
0.009295
0.000470
0.000000
0.000000
0.000000
0.001083
0.005406
0.012278
0.017327
0.021148
0.002903
0.000000
0.000000
0.000000
0.001821
0.003467
0.007647
0.013955
0.012241
0.001378
0.000000
0.000000
0.000000
0.002683
0.004705
0.005889
0.007716
0.007138
0.000660
0.000000
0.000000
0.000000
0.001083
0.005406
0.012278
0.017327
0.021148
0.002903
0.000000
0.000000
0.000000
0.003013
0.005524
0.008314
0.016786
0.014686
0.001364
0.000000
0.000000
0.000000
0.002683
0.004705
0.005889
0.007716
0.007138
0.000660
0.000000
0.000000
0.000000
0.014855
0.013887
0.004642
0.006922
0.008842
0.001284
0.000000
0.000000
0.000000
0.003013
0.005524
0.008314
0.016786
0.014686
0.001364
0.000000
0.000000
0.000000
0.002093
0.004240
0.005231
0.012204
0.027650
0.004884
0.000000
0.000000
0.000000
0.014855
0.013887
0.004642
0.006922
0.008842
0.001284
0.000000
0.000000
0.000000
0.055541
0.055385
0.020271
0.003783
0.001199
0.000000
0.000000
0.000000
0.000000
0.002093
0.004240
0.005231
0.012204
0.027650
0.004884
0.000000
0.000000
0.000000
0.007715
0.020753
0.024737
0.026449
0.020776
0.002718
0.000000
0.000000
0.000000
0.055541
0.055385
0.020271
0.003783
0.001199
0.000000
0.000000
0.000000
0.000000
0.021997
0.043710
0.023649
0.008554
0.013851
0.002638
0.000000
0.000000
0.000000
0.007715
0.020753
0.024737
0.026449
0.020776
0.002718
0.000000
0.000000
0.000000
0.005188
0.007669
0.004753
0.017502
0.033950
0.006527
0.000000
0.000000
0.000000
0.021997
0.043710
0.023649
0.008554
0.013851
0.002638
0.000000
0.000000
0.000000
0.003093
0.003302
0.009142
0.015951
0.015908
0.001638
0.000000
0.000000
0.000000
0.005188
0.007669
0.004753
0.017502
0.033950
0.006527
0.000000
0.000000
0.000000
0.005124
0.011812
0.007440
0.015540
0.021768
0.004192
0.000000
0.000000
0.000000
0.003093
0.003302
0.009142
0.015951
0.015908
0.001638
0.000000
0.000000
0.000000
0.000691
0.002878
0.005701
0.009056
0.016954
0.001548
0.000000
0.000000
0.000000
0.005124
0.011812
0.007440
0.015540
0.021768
0.004192
0.000000
0.000000
0.000000
0.002880
0.003586
0.006059
0.011507
0.029690
0.004747
0.000000
0.000000
0.000000
0.000691
0.002878
0.005701
0.009056
0.016954
0.001548
0.000000
0.000000
0.000000
0.002909
0.007928
0.006671
0.014205
0.013654
0.001758
0.000000
0.000000
0.000000
0.002880
0.003586
0.006059
0.011507
0.029690
0.004747
0.000000
0.000000
0.000000
0.003179
0.007546
0.010041
0.021631
0.019694
0.001248
0.000000
0.000000
0.000000
0.002909
0.007928
0.006671
0.014205
0.013654
0.001758
0.000000
0.000000
0.000000
0.003626
0.003030
0.006903
0.005944
0.009135
0.002133
0.000000
0.000000
0.000000
0.003179
0.007546
0.010041
0.021631
0.019694
0.001248
0.000000
0.000000
0.000000
0.002446
0.001031
0.005438
0.018112
0.040847
0.006667
0.000000
0.000000
0.000000
0.003626
0.003030
0.006903
0.005944
0.009135
0.002133
0.000000
0.000000
0.000000
0.001715
0.003209
0.007324
0.018686
0.015175
0.002016
0.000000
0.000000
0.000000
0.002446
0.001031
0.005438
0.018112
0.040847
0.006667
0.000000
0.000000
0.000000
0.000225
0.000603
0.002094
0.013635
0.028931
0.006714
0.000000
0.000000
0.000000
0.003530
0.007046
0.005596
0.011022
0.012973
0.000761
0.000000
0.000000
0.000000
0.002771
0.004726
0.006927
0.007631
0.009295
0.000470
0.000000
0.000000
0.000000
0.003794
0.010021
0.011225
0.017142
0.010765
0.001050
0.000000
0.000000
0.000000
0.004318
0.005909
0.006087
0.015127
0.020941
0.002547
0.000000
0.000000
0.000000
0.002771
0.004726
0.006927
0.007631
0.009295
0.000470
0.000000
0.000000
0.000000
0.001083
0.005406
0.012278
0.017327
0.021148
0.002903
0.000000
0.000000
0.000000
0.004318
0.005909
0.006087
0.015127
0.020941
0.002547
0.000000
0.000000
0.000000
0.000764
0.000978
0.002584
0.021311
0.038142
0.003589
0.000000
0.000000
0.000000
0.001083
0.005406
0.012278
0.017327
0.021148
0.002903
0.000000
0.000000
0.000000
0.003013
0.005524
0.008314
0.016786
0.014686
0.001364
0.000000
0.000000
0.000000
0.000764
0.000978
0.002584
0.021311
0.038142
0.003589
0.000000
0.000000
0.000000
0.002458
0.004815
0.009042
0.017051
0.022239
0.001419
0.000000
0.000000
0.000000
0.003013
0.005524
0.008314
0.016786
0.014686
0.001364
0.000000
0.000000
0.000000
0.002093
0.004240
0.005231
0.012204
0.027650
0.004884
0.000000
0.000000
0.000000
0.002458
0.004815
0.009042
0.017051
0.022239
0.001419
0.000000
0.000000
0.000000
0.001269
0.000792
0.004543
0.012826
0.024193
0.003081
0.000000
0.000000
0.000000
0.002093
0.004240
0.005231
0.012204
0.027650
0.004884
0.000000
0.000000
0.000000
0.007715
0.020753
0.024737
0.026449
0.020776
0.002718
0.000000
0.000000
0.000000
0.001269
0.000792
0.004543
0.012826
0.024193
0.003081
0.000000
0.000000
0.000000
0.003162
0.002704
0.007112
0.009479
0.018606
0.001075
0.000000
0.000000
0.000000
0.007715
0.020753
0.024737
0.026449
0.020776
0.002718
0.000000
0.000000
0.000000
0.005188
0.007669
0.004753
0.017502
0.033950
0.006527
0.000000
0.000000
0.000000
0.003162
0.002704
0.007112
0.009479
0.018606
0.001075
0.000000
0.000000
0.000000
0.003033
0.007832
0.009539
0.009556
0.003436
0.000148
0.000000
0.000000
0.000000
0.005188
0.007669
0.004753
0.017502
0.033950
0.006527
0.000000
0.000000
0.000000
0.005124
0.011812
0.007440
0.015540
0.021768
0.004192
0.000000
0.000000
0.000000
0.003033
0.007832
0.009539
0.009556
0.003436
0.000148
0.000000
0.000000
0.000000
0.001654
0.005556
0.005125
0.009610
0.008927
0.000785
0.000000
0.000000
0.000000
0.005124
0.011812
0.007440
0.015540
0.021768
0.004192
0.000000
0.000000
0.000000
0.002880
0.003586
0.006059
0.011507
0.029690
0.004747
0.000000
0.000000
0.000000
0.001654
0.005556
0.005125
0.009610
0.008927
0.000785
0.000000
0.000000
0.000000
0.003234
0.005526
0.006326
0.013063
0.012379
0.000819
0.000000
0.000000
0.000000
0.002880
0.003586
0.006059
0.011507
0.029690
0.004747
0.000000
0.000000
0.000000
0.003179
0.007546
0.010041
0.021631
0.019694
0.001248
0.000000
0.000000
0.000000
0.003234
0.005526
0.006326
0.013063
0.012379
0.000819
0.000000
0.000000
0.000000
0.000965
0.003053
0.004174
0.016960
0.024591
0.002856
0.000000
0.000000
0.000000
0.003179
0.007546
0.010041
0.021631
0.019694
0.001248
0.000000
0.000000
0.000000
0.002446
0.001031
0.005438
0.018112
0.040847
0.006667
0.000000
0.000000
0.000000
0.000965
0.003053
0.004174
0.016960
0.024591
0.002856
0.000000
0.000000
0.000000
0.002259
0.004221
0.012365
0.014361
0.020482
0.003640
0.000000
0.000000
0.000000
0.002446
0.001031
0.005438
0.018112
0.040847
0.006667
0.000000
0.000000
0.000000
0.000225
0.000603
0.002094
0.013635
0.028931
0.006714
0.000000
0.000000
0.000000
0.002259
0.004221
0.012365
0.014361
0.020482
0.003640
0.000000
0.000000
0.000000
0.004086
0.003665
0.002164
0.003830
0.015070
0.002935
0.000000
0.000000
0.000000
0.003794
0.010021
0.011225
0.017142
0.010765
0.001050
0.000000
0.000000
0.000000
0.004318
0.005909
0.006087
0.015127
0.020941
0.002547
0.000000
0.000000
0.000000
0.002027
0.004519
0.008820
0.014220
0.017943
0.002764
0.000000
0.000000
0.000000
0.003471
0.006315
0.010094
0.018634
0.012095
0.000359
0.000000
0.000000
0.000000
0.004318
0.005909
0.006087
0.015127
0.020941
0.002547
0.000000
0.000000
0.000000
0.000764
0.000978
0.002584
0.021311
0.038142
0.003589
0.000000
0.000000
0.000000
0.003471
0.006315
0.010094
0.018634
0.012095
0.000359
0.000000
0.000000
0.000000
0.003154
0.003594
0.005993
0.016347
0.017239
0.002101
0.000000
0.000000
0.000000
0.000764
0.000978
0.002584
0.021311
0.038142
0.003589
0.000000
0.000000
0.000000
0.002458
0.004815
0.009042
0.017051
0.022239
0.001419
0.000000
0.000000
0.000000
0.003154
0.003594
0.005993
0.016347
0.017239
0.002101
0.000000
0.000000
0.000000
0.000763
0.003038
0.006445
0.015505
0.027290
0.001794
0.000000
0.000000
0.000000
0.002458
0.004815
0.009042
0.017051
0.022239
0.001419
0.000000
0.000000
0.000000
0.001269
0.000792
0.004543
0.012826
0.024193
0.003081
0.000000
0.000000
0.000000
0.000763
0.003038
0.006445
0.015505
0.027290
0.001794
0.000000
0.000000
0.000000
0.008940
0.003963
0.010339
0.017064
0.016398
0.000926
0.000000
0.000000
0.000000
0.001269
0.000792
0.004543
0.012826
0.024193
0.003081
0.000000
0.000000
0.000000
0.003162
0.002704
0.007112
0.009479
0.018606
0.001075
0.000000
0.000000
0.000000
0.008940
0.003963
0.010339
0.017064
0.016398
0.000926
0.000000
0.000000
0.000000
0.002215
0.003634
0.010659
0.017928
0.012871
0.001821
0.000000
0.000000
0.000000
0.003162
0.002704
0.007112
0.009479
0.018606
0.001075
0.000000
0.000000
0.000000
0.003033
0.007832
0.009539
0.009556
0.003436
0.000148
0.000000
0.000000
0.000000
0.002215
0.003634
0.010659
0.017928
0.012871
0.001821
0.000000
0.000000
0.000000
0.003473
0.004913
0.007661
0.012391
0.016232
0.002711
0.000000
0.000000
0.000000
0.003033
0.007832
0.009539
0.009556
0.003436
0.000148
0.000000
0.000000
0.000000
0.001654
0.005556
0.005125
0.009610
0.008927
0.000785
0.000000
0.000000
0.000000
0.003473
0.004913
0.007661
0.012391
0.016232
0.002711
0.000000
0.000000
0.000000
0.002168
0.002934
0.007940
0.014256
0.016471
0.001282
0.000000
0.000000
0.000000
0.001654
0.005556
0.005125
0.009610
0.008927
0.000785
0.000000
0.000000
0.000000
0.003234
0.005526
0.006326
0.013063
0.012379
0.000819
0.000000
0.000000
0.000000
0.002168
0.002934
0.007940
0.014256
0.016471
0.001282
0.000000
0.000000
0.000000
0.006235
0.010776
0.009555
0.009171
0.008370
0.000106
0.000000
0.000000
0.000000
0.003234
0.005526
0.006326
0.013063
0.012379
0.000819
0.000000
0.000000
0.000000
0.000965
0.003053
0.004174
0.016960
0.024591
0.002856
0.000000
0.000000
0.000000
0.006235
0.010776
0.009555
0.009171
0.008370
0.000106
0.000000
0.000000
0.000000
0.002325
0.003603
0.006413
0.013725
0.017578
0.001267
0.000000
0.000000
0.000000
0.000965
0.003053
0.004174
0.016960
0.024591
0.002856
0.000000
0.000000
0.000000
0.002259
0.004221
0.012365
0.014361
0.020482
0.003640
0.000000
0.000000
0.000000
0.002325
0.003603
0.006413
0.013725
0.017578
0.001267
0.000000
0.000000
0.000000
0.002194
0.005449
0.008082
0.013958
0.013491
0.000642
0.000000
0.000000
0.000000
0.002259
0.004221
0.012365
0.014361
0.020482
0.003640
0.000000
0.000000
0.000000
0.004086
0.003665
0.002164
0.003830
0.015070
0.002935
0.000000
0.000000
0.000000
0.002194
0.005449
0.008082
0.013958
0.013491
0.000642
0.000000
0.000000
0.000000
0.002204
0.005566
0.008013
0.011085
0.002868
0.000011
0.000000
0.000000
0.000000
0.002027
0.004519
0.008820
0.014220
0.017943
0.002764
0.000000
0.000000
0.000000
0.003471
0.006315
0.010094
0.018634
0.012095
0.000359
0.000000
0.000000
0.000000
0.004201
0.003414
0.010737
0.018637
0.010940
0.000685
0.000000
0.000000
0.000000
0.002874
0.007023
0.005451
0.010808
0.014680
0.000744
0.000000
0.000000
0.000000
0.003471
0.006315
0.010094
0.018634
0.012095
0.000359
0.000000
0.000000
0.000000
0.003154
0.003594
0.005993
0.016347
0.017239
0.002101
0.000000
0.000000
0.000000
0.002874
0.007023
0.005451
0.010808
0.014680
0.000744
0.000000
0.000000
0.000000
0.001065
0.004629
0.009875
0.014499
0.012703
0.000486
0.000000
0.000000
0.000000
0.003154
0.003594
0.005993
0.016347
0.017239
0.002101
0.000000
0.000000
0.000000
0.000763
0.003038
0.006445
0.015505
0.027290
0.001794
0.000000
0.000000
0.000000
0.001065
0.004629
0.009875
0.014499
0.012703
0.000486
0.000000
0.000000
0.000000
0.003344
0.005606
0.004820
0.010171
0.013805
0.001319
0.000000
0.000000
0.000000
0.000763
0.003038
0.006445
0.015505
0.027290
0.001794
0.000000
0.000000
0.000000
0.008940
0.003963
0.010339
0.017064
0.016398
0.000926
0.000000
0.000000
0.000000
0.003344
0.005606
0.004820
0.010171
0.013805
0.001319
0.000000
0.000000
0.000000
0.001404
0.005662
0.006737
0.013349
0.009496
0.000809
0.000000
0.000000
0.000000
0.008940
0.003963
0.010339
0.017064
0.016398
0.000926
0.000000
0.000000
0.000000
0.002215
0.003634
0.010659
0.017928
0.012871
0.001821
0.000000
0.000000
0.000000
0.001404
0.005662
0.006737
0.013349
0.009496
0.000809
0.000000
0.000000
0.000000
0.002528
0.010577
0.012921
0.019172
0.015108
0.001214
0.000000
0.000000
0.000000
0.002215
0.003634
0.010659
0.017928
0.012871
0.001821
0.000000
0.000000
0.000000
0.003473
0.004913
0.007661
0.012391
0.016232
0.002711
0.000000
0.000000
0.000000
0.002528
0.010577
0.012921
0.019172
0.015108
0.001214
0.000000
0.000000
0.000000
0.002028
0.004623
0.006369
0.018444
0.017535
0.001805
0.000000
0.000000
0.000000
0.003473
0.004913
0.007661
0.012391
0.016232
0.002711
0.000000
0.000000
0.000000
0.002168
0.002934
0.007940
0.014256
0.016471
0.001282
0.000000
0.000000
0.000000
0.002028
0.004623
0.006369
0.018444
0.017535
0.001805
0.000000
0.000000
0.000000
0.003121
0.002559
0.007788
0.013207
0.021486
0.003575
0.000000
0.000000
0.000000
0.002168
0.002934
0.007940
0.014256
0.016471
0.001282
0.000000
0.000000
0.000000
0.006235
0.010776
0.009555
0.009171
0.008370
0.000106
0.000000
0.000000
0.000000
0.003121
0.002559
0.007788
0.013207
0.021486
0.003575
0.000000
0.000000
0.000000
0.003786
0.003036
0.008771
0.013097
0.020568
0.004085
0.000000
0.000000
0.000000
0.006235
0.010776
0.009555
0.009171
0.008370
0.000106
0.000000
0.000000
0.000000
0.002325
0.003603
0.006413
0.013725
0.017578
0.001267
0.000000
0.000000
0.000000
0.003786
0.003036
0.008771
0.013097
0.020568
0.004085
0.000000
0.000000
0.000000
0.002459
0.003910
0.003750
0.009024
0.020546
0.002310
0.000000
0.000000
0.000000
0.002325
0.003603
0.006413
0.013725
0.017578
0.001267
0.000000
0.000000
0.000000
0.002194
0.005449
0.008082
0.013958
0.013491
0.000642
0.000000
0.000000
0.000000
0.002459
0.003910
0.003750
0.009024
0.020546
0.002310
0.000000
0.000000
0.000000
0.003096
0.005478
0.010586
0.013929
0.014672
0.000621
0.000000
0.000000
0.000000
0.002194
0.005449
0.008082
0.013958
0.013491
0.000642
0.000000
0.000000
0.000000
0.002204
0.005566
0.008013
0.011085
0.002868
0.000011
0.000000
0.000000
0.000000
0.003096
0.005478
0.010586
0.013929
0.014672
0.000621
0.000000
0.000000
0.000000
0.001268
0.002396
0.007049
0.013320
0.011320
0.001033
0.000000
0.000000
0.000000
0.004201
0.003414
0.010737
0.018637
0.010940
0.000685
0.000000
0.000000
0.000000
0.002874
0.007023
0.005451
0.010808
0.014680
0.000744
0.000000
0.000000
0.000000
0.005982
0.013841
0.008467
0.007022
0.011430
0.002247
0.000000
0.000000
0.000000
0.004580
0.002505
0.005718
0.007661
0.014646
0.001299
0.000000
0.000000
0.000000
0.002874
0.007023
0.005451
0.010808
0.014680
0.000744
0.000000
0.000000
0.000000
0.001065
0.004629
0.009875
0.014499
0.012703
0.000486
0.000000
0.000000
0.000000
0.004580
0.002505
0.005718
0.007661
0.014646
0.001299
0.000000
0.000000
0.000000
0.006039
0.003683
0.007052
0.007948
0.006803
0.000762
0.000000
0.000000
0.000000
0.001065
0.004629
0.009875
0.014499
0.012703
0.000486
0.000000
0.000000
0.000000
0.003344
0.005606
0.004820
0.010171
0.013805
0.001319
0.000000
0.000000
0.000000
0.006039
0.003683
0.007052
0.007948
0.006803
0.000762
0.000000
0.000000
0.000000
0.011610
0.008306
0.008962
0.008054
0.004549
0.000378
0.000000
0.000000
0.000000
0.003344
0.005606
0.004820
0.010171
0.013805
0.001319
0.000000
0.000000
0.000000
0.001404
0.005662
0.006737
0.013349
0.009496
0.000809
0.000000
0.000000
0.000000
0.011610
0.008306
0.008962
0.008054
0.004549
0.000378
0.000000
0.000000
0.000000
0.001879
0.004304
0.007323
0.004191
0.005327
0.000642
0.000000
0.000000
0.000000
0.001404
0.005662
0.006737
0.013349
0.009496
0.000809
0.000000
0.000000
0.000000
0.002528
0.010577
0.012921
0.019172
0.015108
0.001214
0.000000
0.000000
0.000000
0.001879
0.004304
0.007323
0.004191
0.005327
0.000642
0.000000
0.000000
0.000000
0.010015
0.008361
0.005754
0.009676
0.009909
0.000987
0.000000
0.000000
0.000000
0.002528
0.010577
0.012921
0.019172
0.015108
0.001214
0.000000
0.000000
0.000000
0.002028
0.004623
0.006369
0.018444
0.017535
0.001805
0.000000
0.000000
0.000000
0.010015
0.008361
0.005754
0.009676
0.009909
0.000987
0.000000
0.000000
0.000000
0.002358
0.002436
0.008448
0.008430
0.008194
0.000673
0.000000
0.000000
0.000000
0.002028
0.004623
0.006369
0.018444
0.017535
0.001805
0.000000
0.000000
0.000000
0.003121
0.002559
0.007788
0.013207
0.021486
0.003575
0.000000
0.000000
0.000000
0.002358
0.002436
0.008448
0.008430
0.008194
0.000673
0.000000
0.000000
0.000000
0.008339
0.006216
0.010048
0.011590
0.008257
0.000298
0.000000
0.000000
0.000000
0.003121
0.002559
0.007788
0.013207
0.021486
0.003575
0.000000
0.000000
0.000000
0.003786
0.003036
0.008771
0.013097
0.020568
0.004085
0.000000
0.000000
0.000000
0.008339
0.006216
0.010048
0.011590
0.008257
0.000298
0.000000
0.000000
0.000000
0.002314
0.002563
0.002934
0.008008
0.014274
0.002123
0.000000
0.000000
0.000000
0.003786
0.003036
0.008771
0.013097
0.020568
0.004085
0.000000
0.000000
0.000000
0.002459
0.003910
0.003750
0.009024
0.020546
0.002310
0.000000
0.000000
0.000000
0.002314
0.002563
0.002934
0.008008
0.014274
0.002123
0.000000
0.000000
0.000000
0.008714
0.004295
0.008340
0.008362
0.008920
0.000900
0.000000
0.000000
0.000000
0.002459
0.003910
0.003750
0.009024
0.020546
0.002310
0.000000
0.000000
0.000000
0.003096
0.005478
0.010586
0.013929
0.014672
0.000621
0.000000
0.000000
0.000000
0.008714
0.004295
0.008340
0.008362
0.008920
0.000900
0.000000
0.000000
0.000000
0.008673
0.006973
0.005636
0.006781
0.011166
0.000931
0.000000
0.000000
0.000000
0.003096
0.005478
0.010586
0.013929
0.014672
0.000621
0.000000
0.000000
0.000000
0.001268
0.002396
0.007049
0.013320
0.011320
0.001033
0.000000
0.000000
0.000000
0.008673
0.006973
0.005636
0.006781
0.011166
0.000931
0.000000
0.000000
0.000000
0.009725
0.010939
0.009869
0.006798
0.004983
0.000339
0.000000
0.000000
0.000000
