0.023564
0.021617
0.014699
0.003867
0.005747
0.002623
0.000000
0.000000
0.000000
0.000398
0.000399
0.001399
0.004481
0.026247
0.004816
0.000000
0.000000
0.000000
0.016005
0.016864
0.004591
0.002519
0.001069
0.000000
0.000000
0.000000
0.000000
0.009431
0.005936
0.005183
0.002794
0.012348
0.003601
0.000000
0.000000
0.000000
0.000398
0.000399
0.001399
0.004481
0.026247
0.004816
0.000000
0.000000
0.000000
0.000153
0.000097
0.000228
0.007804
0.026548
0.002983
0.000000
0.000000
0.000000
0.009431
0.005936
0.005183
0.002794
0.012348
0.003601
0.000000
0.000000
0.000000
0.034350
0.029816
0.008690
0.007579
0.008213
0.001580
0.000000
0.000000
0.000000
0.000153
0.000097
0.000228
0.007804
0.026548
0.002983
0.000000
0.000000
0.000000
0.000331
0.000141
0.001080
0.006831
0.015400
0.003005
0.000000
0.000000
0.000000
0.034350
0.029816
0.008690
0.007579
0.008213
0.001580
0.000000
0.000000
0.000000
0.005615
0.006462
0.004384
0.004405
0.019396
0.004924
0.000000
0.000000
0.000000
0.000331
0.000141
0.001080
0.006831
0.015400
0.003005
0.000000
0.000000
0.000000
0.012248
0.013585
0.015873
0.011089
0.024523
0.012403
0.000000
0.000000
0.000000
0.005615
0.006462
0.004384
0.004405
0.019396
0.004924
0.000000
0.000000
0.000000
0.013721
0.017730
0.012330
0.009834
0.006926
0.000387
0.000000
0.000000
0.000000
0.012248
0.013585
0.015873
0.011089
0.024523
0.012403
0.000000
0.000000
0.000000
0.006646
0.008315
0.014175
0.013545
0.030303
0.018257
0.000000
0.000000
0.000000
0.013721
0.017730
0.012330
0.009834
0.006926
0.000387
0.000000
0.000000
0.000000
0.010725
0.014409
0.006401
0.013602
0.014594
0.001578
0.000000
0.000000
0.000000
0.006646
0.008315
0.014175
0.013545
0.030303
0.018257
0.000000
0.000000
0.000000
0.006184
0.005537
0.003919
0.003679
0.003773
0.000567
0.000000
0.000000
0.000000
0.010725
0.014409
0.006401
0.013602
0.014594
0.001578
0.000000
0.000000
0.000000
0.025278
0.020188
0.003980
0.001435
0.001986
0.000380
0.000000
0.000000
0.000000
0.006184
0.005537
0.003919
0.003679
0.003773
0.000567
0.000000
0.000000
0.000000
0.009374
0.013173
0.010320
0.005908
0.038063
0.005419
0.000000
0.000000
0.000000
0.025278
0.020188
0.003980
0.001435
0.001986
0.000380
0.000000
0.000000
0.000000
0.006169
0.010605
0.008737
0.030301
0.016529
0.002289
0.000000
0.000000
0.000000
0.009374
0.013173
0.010320
0.005908
0.038063
0.005419
0.000000
0.000000
0.000000
0.005977
0.014690
0.008946
0.015593
0.031768
0.001109
0.000000
0.000000
0.000000
0.006169
0.010605
0.008737
0.030301
0.016529
0.002289
0.000000
0.000000
0.000000
0.004471
0.007199
0.010395
0.016703
0.020427
0.002060
0.000000
0.000000
0.000000
0.005977
0.014690
0.008946
0.015593
0.031768
0.001109
0.000000
0.000000
0.000000
0.007928
0.006552
0.008918
0.008207
0.003025
0.000091
0.000000
0.000000
0.000000
0.004471
0.007199
0.010395
0.016703
0.020427
0.002060
0.000000
0.000000
0.000000
0.008801
0.007549
0.008062
0.010224
0.004044
0.000000
0.000000
0.000000
0.000000
0.007928
0.006552
0.008918
0.008207
0.003025
0.000091
0.000000
0.000000
0.000000
0.008820
0.000000
0.000000
0.000000
0.000000
0.000000
0.000000
0.000000
0.000000
0.008801
0.007549
0.008062
0.010224
0.004044
0.000000
0.000000
0.000000
0.000000
0.009688
0.000000
0.000000
0.000000
0.000000
0.000000
0.000000
0.000000
0.000000
0.008820
0.000000
0.000000
0.000000
0.000000
0.000000
0.000000
0.000000
0.000000
0.007718
0.000000
0.000000
0.000000
0.000000
0.000000
0.000000
0.000000
0.000000
0.009688
0.000000
0.000000
0.000000
0.000000
0.000000
0.000000
0.000000
0.000000
0.008477
0.000000
0.000000
0.000000
0.000000
0.000000
0.000000
0.000000
0.000000
0.016005
0.016864
0.004591
0.002519
0.001069
0.000000
0.000000
0.000000
0.000000
0.009431
0.005936
0.005183
0.002794
0.012348
0.003601
0.000000
0.000000
0.000000
0.015020
0.011385
0.004542
0.001817
0.002522
0.000124
0.000000
0.000000
0.000000
0.015354
0.013320
0.007944
0.003892
0.001305
0.000117
0.000000
0.000000
0.000000
0.009431
0.005936
0.005183
0.002794
0.012348
0.003601
0.000000
0.000000
0.000000
0.034350
0.029816
0.008690
0.007579
0.008213
0.001580
0.000000
0.000000
0.000000
0.015354
0.013320
0.007944
0.003892
0.001305
0.000117
0.000000
0.000000
0.000000
0.034401
0.025732
0.010316
0.001912
0.000643
0.000000
0.000000
0.000000
0.000000
0.034350
0.029816
0.008690
0.007579
0.008213
0.001580
0.000000
0.000000
0.000000
0.005615
0.006462
0.004384
0.004405
0.019396
0.004924
0.000000
0.000000
0.000000
0.034401
0.025732
0.010316
0.001912
0.000643
0.000000
0.000000
0.000000
0.000000
0.014176
0.007501
0.002208
0.001313
0.000999
0.000029
0.000000
0.000000
0.000000
0.005615
0.006462
0.004384
0.004405
0.019396
0.004924
0.000000
0.000000
0.000000
0.013721
0.017730
0.012330
0.009834
0.006926
0.000387
0.000000
0.000000
0.000000
0.014176
0.007501
0.002208
0.001313
0.000999
0.000029
0.000000
0.000000
0.000000
0.032537
0.020448
0.007713
0.007667
0.000879
0.000018
0.000000
0.000000
0.000000
0.013721
0.017730
0.012330
0.009834
0.006926
0.000387
0.000000
0.000000
0.000000
0.010725
0.014409
0.006401
0.013602
0.014594
0.001578
0.000000
0.000000
0.000000
0.032537
0.020448
0.007713
0.007667
0.000879
0.000018
0.000000
0.000000
0.000000
0.019721
0.018941
0.017333
0.013204
0.008160
0.000597
0.000000
0.000000
0.000000
0.010725
0.014409
0.006401
0.013602
0.014594
0.001578
0.000000
0.000000
0.000000
0.025278
0.020188
0.003980
0.001435
0.001986
0.000380
0.000000
0.000000
0.000000
0.019721
0.018941
0.017333
0.013204
0.008160
0.000597
0.000000
0.000000
0.000000
0.031707
0.026871
0.015871
0.010504
0.010175
0.002710
0.000000
0.000000
0.000000
0.025278
0.020188
0.003980
0.001435
0.001986
0.000380
0.000000
0.000000
0.000000
0.006169
0.010605
0.008737
0.030301
0.016529
0.002289
0.000000
0.000000
0.000000
0.031707
0.026871
0.015871
0.010504
0.010175
0.002710
0.000000
0.000000
0.000000
0.006830
0.017122
0.018236
0.027335
0.020453
0.001283
0.000000
0.000000
0.000000
0.006169
0.010605
0.008737
0.030301
0.016529
0.002289
0.000000
0.000000
0.000000
0.004471
0.007199
0.010395
0.016703
0.020427
0.002060
0.000000
0.000000
0.000000
0.006830
0.017122
0.018236
0.027335
0.020453
0.001283
0.000000
0.000000
0.000000
0.000996
0.007093
0.006938
0.007946
0.011925
0.000998
0.000000
0.000000
0.000000
0.004471
0.007199
0.010395
0.016703
0.020427
0.002060
0.000000
0.000000
0.000000
0.008801
0.007549
0.008062
0.010224
0.004044
0.000000
0.000000
0.000000
0.000000
0.000996
0.007093
0.006938
0.007946
0.011925
0.000998
0.000000
0.000000
0.000000
0.004151
0.008553
0.009723
0.013469
0.003569
0.000751
0.000000
0.000000
0.000000
0.008801
0.007549
0.008062
0.010224
0.004044
0.000000
0.000000
0.000000
0.000000
0.009688
0.000000
0.000000
0.000000
0.000000
0.000000
0.000000
0.000000
0.000000
0.004151
0.008553
0.009723
0.013469
0.003569
0.000751
0.000000
0.000000
0.000000
0.003615
0.000000
0.000000
0.000000
0.000000
0.000000
0.000000
0.000000
0.000000
0.009688
0.000000
0.000000
0.000000
0.000000
0.000000
0.000000
0.000000
0.000000
0.008477
0.000000
0.000000
0.000000
0.000000
0.000000
0.000000
0.000000
0.000000
0.003615
0.000000
0.000000
0.000000
0.000000
0.000000
0.000000
0.000000
0.000000
0.003163
0.000000
0.000000
0.000000
0.000000
0.000000
0.000000
0.000000
0.000000
0.015020
0.011385
0.004542
0.001817
0.002522
0.000124
0.000000
0.000000
0.000000
0.015354
0.013320
0.007944
0.003892
0.001305
0.000117
0.000000
0.000000
0.000000
0.016762
0.005766
0.002878
0.002242
0.004943
0.000450
0.000000
0.000000
0.000000
0.043143
0.024069
0.004063
0.011647
0.012032
0.000732
0.000000
0.000000
0.000000
0.015354
0.013320
0.007944
0.003892
0.001305
0.000117
0.000000
0.000000
0.000000
0.034401
0.025732
0.010316
0.001912
0.000643
0.000000
0.000000
0.000000
0.000000
0.043143
0.024069
0.004063
0.011647
0.012032
0.000732
0.000000
0.000000
0.000000
0.031467
0.024687
0.007742
0.005313
0.002914
0.000211
0.000000
0.000000
0.000000
0.034401
0.025732
0.010316
0.001912
0.000643
0.000000
0.000000
0.000000
0.000000
0.014176
0.007501
0.002208
0.001313
0.000999
0.000029
0.000000
0.000000
0.000000
0.031467
0.024687
0.007742
0.005313
0.002914
0.000211
0.000000
0.000000
0.000000
0.008737
0.019652
0.015443
0.008421
0.016254
0.003394
0.000000
0.000000
0.000000
0.014176
0.007501
0.002208
0.001313
0.000999
0.000029
0.000000
0.000000
0.000000
0.032537
0.020448
0.007713
0.007667
0.000879
0.000018
0.000000
0.000000
0.000000
0.008737
0.019652
0.015443
0.008421
0.016254
0.003394
0.000000
0.000000
0.000000
0.057833
0.037704
0.013429
0.006773
0.004931
0.001115
0.000000
0.000000
0.000000
0.032537
0.020448
0.007713
0.007667
0.000879
0.000018
0.000000
0.000000
0.000000
0.019721
0.018941
0.017333
0.013204
0.008160
0.000597
0.000000
0.000000
0.000000
0.057833
0.037704
0.013429
0.006773
0.004931
0.001115
0.000000
0.000000
0.000000
0.028557
0.013341
0.005295
0.003386
0.000559
0.000048
0.000000
0.000000
0.000000
0.019721
0.018941
0.017333
0.013204
0.008160
0.000597
0.000000
0.000000
0.000000
0.031707
0.026871
0.015871
0.010504
0.010175
0.002710
0.000000
0.000000
0.000000
0.028557
0.013341
0.005295
0.003386
0.000559
0.000048
0.000000
0.000000
0.000000
0.017760
0.021907
0.018777
0.011084
0.007223
0.000861
0.000000
0.000000
0.000000
0.031707
0.026871
0.015871
0.010504
0.010175
0.002710
0.000000
0.000000
0.000000
0.006830
0.017122
0.018236
0.027335
0.020453
0.001283
0.000000
0.000000
0.000000
0.017760
0.021907
0.018777
0.011084
0.007223
0.000861
0.000000
0.000000
0.000000
0.011216
0.013722
0.032137
0.016356
0.016796
0.002804
0.000000
0.000000
0.000000
0.006830
0.017122
0.018236
0.027335
0.020453
0.001283
0.000000
0.000000
0.000000
0.000996
0.007093
0.006938
0.007946
0.011925
0.000998
0.000000
0.000000
0.000000
0.011216
0.013722
0.032137
0.016356
0.016796
0.002804
0.000000
0.000000
0.000000
0.031783
0.023575
0.006461
0.005661
0.012546
0.001924
0.000000
0.000000
0.000000
0.000996
0.007093
0.006938
0.007946
0.011925
0.000998
0.000000
0.000000
0.000000
0.004151
0.008553
0.009723
0.013469
0.003569
0.000751
0.000000
0.000000
0.000000
0.031783
0.023575
0.006461
0.005661
0.012546
0.001924
0.000000
0.000000
0.000000
0.007616
0.010955
0.009359
0.008610
0.002852
0.000191
0.000000
0.000000
0.000000
0.004151
0.008553
0.009723
0.013469
0.003569
0.000751
0.000000
0.000000
0.000000
0.003615
0.000000
0.000000
0.000000
0.000000
0.000000
0.000000
0.000000
0.000000
0.007616
0.010955
0.009359
0.008610
0.002852
0.000191
0.000000
0.000000
0.000000
0.004772
0.000000
0.000000
0.000000
0.000000
0.000000
0.000000
0.000000
0.000000
0.003615
0.000000
0.000000
0.000000
0.000000
0.000000
0.000000
0.000000
0.000000
0.003163
0.000000
0.000000
0.000000
0.000000
0.000000
0.000000
0.000000
0.000000
0.004772
0.000000
0.000000
0.000000
0.000000
0.000000
0.000000
0.000000
0.000000
0.004175
0.000000
0.000000
0.000000
0.000000
0.000000
0.000000
0.000000
0.000000
0.016762
0.005766
0.002878
0.002242
0.004943
0.000450
0.000000
0.000000
0.000000
0.043143
0.024069
0.004063
0.011647
0.012032
0.000732
0.000000
0.000000
0.000000
0.015219
0.008276
0.003718
0.006148
0.004773
0.000221
0.000000
0.000000
0.000000
0.024363
0.014711
0.012784
0.015797
0.028245
0.005822
0.000000
0.000000
0.000000
0.043143
0.024069
0.004063
0.011647
0.012032
0.000732
0.000000
0.000000
0.000000
0.031467
0.024687
0.007742
0.005313
0.002914
0.000211
0.000000
0.000000
0.000000
0.024363
0.014711
0.012784
0.015797
0.028245
0.005822
0.000000
0.000000
0.000000
0.018364
0.029253
0.021652
0.012967
0.009509
0.001159
0.000000
0.000000
0.000000
0.031467
0.024687
0.007742
0.005313
0.002914
0.000211
0.000000
0.000000
0.000000
0.008737
0.019652
0.015443
0.008421
0.016254
0.003394
0.000000
0.000000
0.000000
0.018364
0.029253
0.021652
0.012967
0.009509
0.001159
0.000000
0.000000
0.000000
0.020654
0.019866
0.016776
0.006520
0.007113
0.000576
0.000000
0.000000
0.000000
0.008737
0.019652
0.015443
0.008421
0.016254
0.003394
0.000000
0.000000
0.000000
0.057833
0.037704
0.013429
0.006773
0.004931
0.001115
0.000000
0.000000
0.000000
0.020654
0.019866
0.016776
0.006520
0.007113
0.000576
0.000000
0.000000
0.000000
0.039713
0.030910
0.016801
0.004888
0.002265
0.000151
0.000000
0.000000
0.000000
0.057833
0.037704
0.013429
0.006773
0.004931
0.001115
0.000000
0.000000
0.000000
0.028557
0.013341
0.005295
0.003386
0.000559
0.000048
0.000000
0.000000
0.000000
0.039713
0.030910
0.016801
0.004888
0.002265
0.000151
0.000000
0.000000
0.000000
0.010402
0.012043
0.010112
0.026816
0.055617
0.009237
0.000000
0.000000
0.000000
0.028557
0.013341
0.005295
0.003386
0.000559
0.000048
0.000000
0.000000
0.000000
0.017760
0.021907
0.018777
0.011084
0.007223
0.000861
0.000000
0.000000
0.000000
0.010402
0.012043
0.010112
0.026816
0.055617
0.009237
0.000000
0.000000
0.000000
0.013417
0.025257
0.024808
0.020761
0.013089
0.000867
0.000000
0.000000
0.000000
0.017760
0.021907
0.018777
0.011084
0.007223
0.000861
0.000000
0.000000
0.000000
0.011216
0.013722
0.032137
0.016356
0.016796
0.002804
0.000000
0.000000
0.000000
0.013417
0.025257
0.024808
0.020761
0.013089
0.000867
0.000000
0.000000
0.000000
0.010511
0.015672
0.008070
0.005196
0.016744
0.003236
0.000000
0.000000
0.000000
0.011216
0.013722
0.032137
0.016356
0.016796
0.002804
0.000000
0.000000
0.000000
0.031783
0.023575
0.006461
0.005661
0.012546
0.001924
0.000000
0.000000
0.000000
0.010511
0.015672
0.008070
0.005196
0.016744
0.003236
0.000000
0.000000
0.000000
0.033878
0.031017
0.012122
0.010643
0.006625
0.001547
0.000000
0.000000
0.000000
0.031783
0.023575
0.006461
0.005661
0.012546
0.001924
0.000000
0.000000
0.000000
0.007616
0.010955
0.009359
0.008610
0.002852
0.000191
0.000000
0.000000
0.000000
0.033878
0.031017
0.012122
0.010643
0.006625
0.001547
0.000000
0.000000
0.000000
0.022157
0.025614
0.027159
0.013802
0.008187
0.000829
0.000000
0.000000
0.000000
0.007616
0.010955
0.009359
0.008610
0.002852
0.000191
0.000000
0.000000
0.000000
0.004772
0.000000
0.000000
0.000000
0.000000
0.000000
0.000000
0.000000
0.000000
0.022157
0.025614
0.027159
0.013802
0.008187
0.000829
0.000000
0.000000
0.000000
0.048729
0.000000
0.000000
0.000000
0.000000
0.000000
0.000000
0.000000
0.000000
0.004772
0.000000
0.000000
0.000000
0.000000
0.000000
0.000000
0.000000
0.000000
0.004175
0.000000
0.000000
0.000000
0.000000
0.000000
0.000000
0.000000
0.000000
0.048729
0.000000
0.000000
0.000000
0.000000
0.000000
0.000000
0.000000
0.000000
0.042638
0.000000
0.000000
0.000000
0.000000
0.000000
0.000000
0.000000
0.000000
0.015219
0.008276
0.003718
0.006148
0.004773
0.000221
0.000000
0.000000
0.000000
0.024363
0.014711
0.012784
0.015797
0.028245
0.005822
0.000000
0.000000
0.000000
0.027600
0.022229
0.008499
0.005952
0.003561
0.000426
0.000000
0.000000
0.000000
0.012607
0.017647
0.009277
0.020091
0.008884
0.001751
0.000000
0.000000
0.000000
0.024363
0.014711
0.012784
0.015797
0.028245
0.005822
0.000000
0.000000
0.000000
0.018364
0.029253
0.021652
0.012967
0.009509
0.001159
0.000000
0.000000
0.000000
0.012607
0.017647
0.009277
0.020091
0.008884
0.001751
0.000000
0.000000
0.000000
0.020855
0.028345
0.030252
0.027190
0.006761
0.001155
0.000000
0.000000
0.000000
0.018364
0.029253
0.021652
0.012967
0.009509
0.001159
0.000000
0.000000
0.000000
0.020654
0.019866
0.016776
0.006520
0.007113
0.000576
0.000000
0.000000
0.000000
0.020855
0.028345
0.030252
0.027190
0.006761
0.001155
0.000000
0.000000
0.000000
0.019800
0.017924
0.008850
0.019796
0.018068
0.003549
0.000000
0.000000
0.000000
0.020654
0.019866
0.016776
0.006520
0.007113
0.000576
0.000000
0.000000
0.000000
0.039713
0.030910
0.016801
0.004888
0.002265
0.000151
0.000000
0.000000
0.000000
0.019800
0.017924
0.008850
0.019796
0.018068
0.003549
0.000000
0.000000
0.000000
0.004788
0.009463
0.011134
0.014868
0.022116
0.007381
0.000000
0.000000
0.000000
0.039713
0.030910
0.016801
0.004888
0.002265
0.000151
0.000000
0.000000
0.000000
0.010402
0.012043
0.010112
0.026816
0.055617
0.009237
0.000000
0.000000
0.000000
0.004788
0.009463
0.011134
0.014868
0.022116
0.007381
0.000000
0.000000
0.000000
0.010076
0.011228
0.019554
0.028307
0.011096
0.000640
0.000000
0.000000
0.000000
0.010402
0.012043
0.010112
0.026816
0.055617
0.009237
0.000000
0.000000
0.000000
0.013417
0.025257
0.024808
0.020761
0.013089
0.000867
0.000000
0.000000
0.000000
0.010076
0.011228
0.019554
0.028307
0.011096
0.000640
0.000000
0.000000
0.000000
0.009301
0.042585
0.026459
0.035078
0.014029
0.001276
0.000000
0.000000
0.000000
0.013417
0.025257
0.024808
0.020761
0.013089
0.000867
0.000000
0.000000
0.000000
0.010511
0.015672
0.008070
0.005196
0.016744
0.003236
0.000000
0.000000
0.000000
0.009301
0.042585
0.026459
0.035078
0.014029
0.001276
0.000000
0.000000
0.000000
0.001214
0.007840
0.010617
0.030432
0.030985
0.002759
0.000000
0.000000
0.000000
0.010511
0.015672
0.008070
0.005196
0.016744
0.003236
0.000000
0.000000
0.000000
0.033878
0.031017
0.012122
0.010643
0.006625
0.001547
0.000000
0.000000
0.000000
0.001214
0.007840
0.010617
0.030432
0.030985
0.002759
0.000000
0.000000
0.000000
0.006183
0.005940
0.003580
0.020657
0.071041
0.014530
0.000000
0.000000
0.000000
0.033878
0.031017
0.012122
0.010643
0.006625
0.001547
0.000000
0.000000
0.000000
0.022157
0.025614
0.027159
0.013802
0.008187
0.000829
0.000000
0.000000
0.000000
0.006183
0.005940
0.003580
0.020657
0.071041
0.014530
0.000000
0.000000
0.000000
0.030355
0.006276
0.006903
0.010457
0.040201
0.006302
0.000000
0.000000
0.000000
0.022157
0.025614
0.027159
0.013802
0.008187
0.000829
0.000000
0.000000
0.000000
0.048729
0.000000
0.000000
0.000000
0.000000
0.000000
0.000000
0.000000
0.000000
0.030355
0.006276
0.006903
0.010457
0.040201
0.006302
0.000000
0.000000
0.000000
0.077648
0.000000
0.000000
0.000000
0.000000
0.000000
0.000000
0.000000
0.000000
0.048729
0.000000
0.000000
0.000000
0.000000
0.000000
0.000000
0.000000
0.000000
0.042638
0.000000
0.000000
0.000000
0.000000
0.000000
0.000000
0.000000
0.000000
0.077648
0.000000
0.000000
0.000000
0.000000
0.000000
0.000000
0.000000
0.000000
0.067942
0.000000
0.000000
0.000000
0.000000
0.000000
0.000000
0.000000
0.000000
0.027600
0.022229
0.008499
0.005952
0.003561
0.000426
0.000000
0.000000
0.000000
0.012607
0.017647
0.009277
0.020091
0.008884
0.001751
0.000000
0.000000
0.000000
0.022770
0.023192
0.012313
0.006757
0.010220
0.000842
0.000000
0.000000
0.000000
0.010311
0.013929
0.034280
0.054453
0.022408
0.002419
0.000000
0.000000
0.000000
0.012607
0.017647
0.009277
0.020091
0.008884
0.001751
0.000000
0.000000
0.000000
0.020855
0.028345
0.030252
0.027190
0.006761
0.001155
0.000000
0.000000
0.000000
0.010311
0.013929
0.034280
0.054453
0.022408
0.002419
0.000000
0.000000
0.000000
0.006601
0.011207
0.014523
0.023555
0.024686
0.002481
0.000000
0.000000
0.000000
0.020855
0.028345
0.030252
0.027190
0.006761
0.001155
0.000000
0.000000
0.000000
0.019800
0.017924
0.008850
0.019796
0.018068
0.003549
0.000000
0.000000
0.000000
0.006601
0.011207
0.014523
0.023555
0.024686
0.002481
0.000000
0.000000
0.000000
0.003773
0.008075
0.011385
0.016160
0.010131
0.000994
0.000000
0.000000
0.000000
0.019800
0.017924
0.008850
0.019796
0.018068
0.003549
0.000000
0.000000
0.000000
0.004788
0.009463
0.011134
0.014868
0.022116
0.007381
0.000000
0.000000
0.000000
0.003773
0.008075
0.011385
0.016160
0.010131
0.000994
0.000000
0.000000
0.000000
0.004031
0.014172
0.028976
0.018689
0.008560
0.000563
0.000000
0.000000
0.000000
0.004788
0.009463
0.011134
0.014868
0.022116
0.007381
0.000000
0.000000
0.000000
0.010076
0.011228
0.019554
0.028307
0.011096
0.000640
0.000000
0.000000
0.000000
0.004031
0.014172
0.028976
0.018689
0.008560
0.000563
0.000000
0.000000
0.000000
0.014046
0.031154
0.019111
0.011551
0.004064
0.000000
0.000000
0.000000
0.000000
0.010076
0.011228
0.019554
0.028307
0.011096
0.000640
0.000000
0.000000
0.000000
0.009301
0.042585
0.026459
0.035078
0.014029
0.001276
0.000000
0.000000
0.000000
0.014046
0.031154
0.019111
0.011551
0.004064
0.000000
0.000000
0.000000
0.000000
0.001410
0.017264
0.014079
0.009850
0.007244
0.000744
0.000000
0.000000
0.000000
0.009301
0.042585
0.026459
0.035078
0.014029
0.001276
0.000000
0.000000
0.000000
0.001214
0.007840
0.010617
0.030432
0.030985
0.002759
0.000000
0.000000
0.000000
0.001410
0.017264
0.014079
0.009850
0.007244
0.000744
0.000000
0.000000
0.000000
0.010234
0.032048
0.014251
0.005837
0.009709
0.000906
0.000000
0.000000
0.000000
0.001214
0.007840
0.010617
0.030432
0.030985
0.002759
0.000000
0.000000
0.000000
0.006183
0.005940
0.003580
0.020657
0.071041
0.014530
0.000000
0.000000
0.000000
0.010234
0.032048
0.014251
0.005837
0.009709
0.000906
0.000000
0.000000
0.000000
0.006949
0.010387
0.011485
0.009257
0.007644
0.001218
0.000000
0.000000
0.000000
0.006183
0.005940
0.003580
0.020657
0.071041
0.014530
0.000000
0.000000
0.000000
0.030355
0.006276
0.006903
0.010457
0.040201
0.006302
0.000000
0.000000
0.000000
0.006949
0.010387
0.011485
0.009257
0.007644
0.001218
0.000000
0.000000
0.000000
0.018665
0.002207
0.006297
0.005764
0.012659
0.002287
0.000000
0.000000
0.000000
0.030355
0.006276
0.006903
0.010457
0.040201
0.006302
0.000000
0.000000
0.000000
0.077648
0.000000
0.000000
0.000000
0.000000
0.000000
0.000000
0.000000
0.000000
0.018665
0.002207
0.006297
0.005764
0.012659
0.002287
0.000000
0.000000
0.000000
0.048729
0.000000
0.000000
0.000000
0.000000
0.000000
0.000000
0.000000
0.000000
0.077648
0.000000
0.000000
0.000000
0.000000
0.000000
0.000000
0.000000
0.000000
0.067942
0.000000
0.000000
0.000000
0.000000
0.000000
0.000000
0.000000
0.000000
0.048729
0.000000
0.000000
0.000000
0.000000
0.000000
0.000000
0.000000
0.000000
0.042638
0.000000
0.000000
0.000000
0.000000
0.000000
0.000000
0.000000
0.000000
0.022770
0.023192
0.012313
0.006757
0.010220
0.000842
0.000000
0.000000
0.000000
0.010311
0.013929
0.034280
0.054453
0.022408
0.002419
0.000000
0.000000
0.000000
0.001272
0.002784
0.006326
0.010651
0.015963
0.003780
0.000000
0.000000
0.000000
0.000676
0.002053
0.004395
0.010079
0.055030
0.012880
0.000000
0.000000
0.000000
0.010311
0.013929
0.034280
0.054453
0.022408
0.002419
0.000000
0.000000
0.000000
0.006601
0.011207
0.014523
0.023555
0.024686
0.002481
0.000000
0.000000
0.000000
0.000676
0.002053
0.004395
0.010079
0.055030
0.012880
0.000000
0.000000
0.000000
0.000014
0.001012
0.003088
0.008405
0.061772
0.013444
0.000000
0.000000
0.000000
0.006601
0.011207
0.014523
0.023555
0.024686
0.002481
0.000000
0.000000
0.000000
0.003773
0.008075
0.011385
0.016160
0.010131
0.000994
0.000000
0.000000
0.000000
0.000014
0.001012
0.003088
0.008405
0.061772
0.013444
0.000000
0.000000
0.000000
0.001302
0.003226
0.008354
0.022255
0.036424
0.005798
0.000000
0.000000
0.000000
0.003773
0.008075
0.011385
0.016160
0.010131
0.000994
0.000000
0.000000
0.000000
0.004031
0.014172
0.028976
0.018689
0.008560
0.000563
0.000000
0.000000
0.000000
0.001302
0.003226
0.008354
0.022255
0.036424
0.005798
0.000000
0.000000
0.000000
0.006458
0.019447
0.015280
0.019189
0.025057
0.003207
0.000000
0.000000
0.000000
0.004031
0.014172
0.028976
0.018689
0.008560
0.000563
0.000000
0.000000
0.000000
0.014046
0.031154
0.019111
0.011551
0.004064
0.000000
0.000000
0.000000
0.000000
0.006458
0.019447
0.015280
0.019189
0.025057
0.003207
0.000000
0.000000
0.000000
0.021173
0.038775
0.017548
0.006677
0.002339
0.000554
0.000000
0.000000
0.000000
0.014046
0.031154
0.019111
0.011551
0.004064
0.000000
0.000000
0.000000
0.000000
0.001410
0.017264
0.014079
0.009850
0.007244
0.000744
0.000000
0.000000
0.000000
0.021173
0.038775
0.017548
0.006677
0.002339
0.000554
0.000000
0.000000
0.000000
0.004303
0.011618
0.012605
0.017275
0.012973
0.001053
0.000000
0.000000
0.000000
0.001410
0.017264
0.014079
0.009850
0.007244
0.000744
0.000000
0.000000
0.000000
0.010234
0.032048
0.014251
0.005837
0.009709
0.000906
0.000000
0.000000
0.000000
0.004303
0.011618
0.012605
0.017275
0.012973
0.001053
0.000000
0.000000
0.000000
0.040451
0.020612
0.006616
0.011840
0.007296
0.000702
0.000000
0.000000
0.000000
0.010234
0.032048
0.014251
0.005837
0.009709
0.000906
0.000000
0.000000
0.000000
0.006949
0.010387
0.011485
0.009257
0.007644
0.001218
0.000000
0.000000
0.000000
0.040451
0.020612
0.006616
0.011840
0.007296
0.000702
0.000000
0.000000
0.000000
0.004047
0.005656
0.005708
0.009123
0.011512
0.002869
0.000000
0.000000
0.000000
0.006949
0.010387
0.011485
0.009257
0.007644
0.001218
0.000000
0.000000
0.000000
0.018665
0.002207
0.006297
0.005764
0.012659
0.002287
0.000000
0.000000
0.000000
0.004047
0.005656
0.005708
0.009123
0.011512
0.002869
0.000000
0.000000
0.000000
0.018707
0.000188
0.000633
0.002878
0.020774
0.008314
0.000000
0.000000
0.000000
0.018665
0.002207
0.006297
0.005764
0.012659
0.002287
0.000000
0.000000
0.000000
0.048729
0.000000
0.000000
0.000000
0.000000
0.000000
0.000000
0.000000
0.000000
0.018707
0.000188
0.000633
0.002878
0.020774
0.008314
0.000000
0.000000
0.000000
0.048295
0.000000
0.000000
0.000000
0.000000
0.000000
0.000000
0.000000
0.000000
0.048729
0.000000
0.000000
0.000000
0.000000
0.000000
0.000000
0.000000
0.000000
0.042638
0.000000
0.000000
0.000000
0.000000
0.000000
0.000000
0.000000
0.000000
0.048295
0.000000
0.000000
0.000000
0.000000
0.000000
0.000000
0.000000
0.000000
0.042258
0.000000
0.000000
0.000000
0.000000
0.000000
0.000000
0.000000
0.000000
0.001272
0.002784
0.006326
0.010651
0.015963
0.003780
0.000000
0.000000
0.000000
0.000676
0.002053
0.004395
0.010079
0.055030
0.012880
0.000000
0.000000
0.000000
0.010461
0.012973
0.011046
0.032637
0.049348
0.005665
0.000000
0.000000
0.000000
0.005920
0.006417
0.006690
0.011919
0.038959
0.015099
0.000000
0.000000
0.000000
0.000676
0.002053
0.004395
0.010079
0.055030
0.012880
0.000000
0.000000
0.000000
0.000014
0.001012
0.003088
0.008405
0.061772
0.013444
0.000000
0.000000
0.000000
0.005920
0.006417
0.006690
0.011919
0.038959
0.015099
0.000000
0.000000
0.000000
0.000189
0.000176
0.000547
0.007461
0.053822
0.017749
0.000000
0.000000
0.000000
0.000014
0.001012
0.003088
0.008405
0.061772
0.013444
0.000000
0.000000
0.000000
0.001302
0.003226
0.008354
0.022255
0.036424
0.005798
0.000000
0.000000
0.000000
0.000189
0.000176
0.000547
0.007461
0.053822
0.017749
0.000000
0.000000
0.000000
0.002287
0.005258
0.006511
0.012740
0.033861
0.009436
0.000000
0.000000
0.000000
0.001302
0.003226
0.008354
0.022255
0.036424
0.005798
0.000000
0.000000
0.000000
0.006458
0.019447
0.015280
0.019189
0.025057
0.003207
0.000000
0.000000
0.000000
0.002287
0.005258
0.006511
0.012740
0.033861
0.009436
0.000000
0.000000
0.000000
0.003050
0.008511
0.014626
0.010616
0.016462
0.004681
0.000000
0.000000
0.000000
0.006458
0.019447
0.015280
0.019189
0.025057
0.003207
0.000000
0.000000
0.000000
0.021173
0.038775
0.017548
0.006677
0.002339
0.000554
0.000000
0.000000
0.000000
0.003050
0.008511
0.014626
0.010616
0.016462
0.004681
0.000000
0.000000
0.000000
0.021422
0.043979
0.019136
0.016717
0.010316
0.000367
0.000000
0.000000
0.000000
0.021173
0.038775
0.017548
0.006677
0.002339
0.000554
0.000000
0.000000
0.000000
0.004303
0.011618
0.012605
0.017275
0.012973
0.001053
0.000000
0.000000
0.000000
0.021422
0.043979
0.019136
0.016717
0.010316
0.000367
0.000000
0.000000
0.000000
0.007140
0.006388
0.008506
0.014902
0.014473
0.000537
0.000000
0.000000
0.000000
0.004303
0.011618
0.012605
0.017275
0.012973
0.001053
0.000000
0.000000
0.000000
0.040451
0.020612
0.006616
0.011840
0.007296
0.000702
0.000000
0.000000
0.000000
0.007140
0.006388
0.008506
0.014902
0.014473
0.000537
0.000000
0.000000
0.000000
0.037580
0.024102
0.003491
0.002056
0.000881
0.000031
0.000000
0.000000
0.000000
0.040451
0.020612
0.006616
0.011840
0.007296
0.000702
0.000000
0.000000
0.000000
0.004047
0.005656
0.005708
0.009123
0.011512
0.002869
0.000000
0.000000
0.000000
0.037580
0.024102
0.003491
0.002056
0.000881
0.000031
0.000000
0.000000
0.000000
0.002993
0.005064
0.002528
0.003511
0.005875
0.001502
0.000000
0.000000
0.000000
0.004047
0.005656
0.005708
0.009123
0.011512
0.002869
0.000000
0.000000
0.000000
0.018707
0.000188
0.000633
0.002878
0.020774
0.008314
0.000000
0.000000
0.000000
0.002993
0.005064
0.002528
0.003511
0.005875
0.001502
0.000000
0.000000
0.000000
0.017840
0.000044
0.000080
0.000232
0.016619
0.008330
0.000000
0.000000
0.000000
0.018707
0.000188
0.000633
0.002878
0.020774
0.008314
0.000000
0.000000
0.000000
0.048295
0.000000
0.000000
0.000000
0.000000
0.000000
0.000000
0.000000
0.000000
0.017840
0.000044
0.000080
0.000232
0.016619
0.008330
0.000000
0.000000
0.000000
0.043668
0.000000
0.000000
0.000000
0.000000
0.000000
0.000000
0.000000
0.000000
0.048295
0.000000
0.000000
0.000000
0.000000
0.000000
0.000000
0.000000
0.000000
0.042258
0.000000
0.000000
0.000000
0.000000
0.000000
0.000000
0.000000
0.000000
0.043668
0.000000
0.000000
0.000000
0.000000
0.000000
0.000000
0.000000
0.000000
0.038210
0.000000
0.000000
0.000000
0.000000
0.000000
0.000000
0.000000
0.000000
0.010461
0.012973
0.011046
0.032637
0.049348
0.005665
0.000000
0.000000
0.000000
0.005920
0.006417
0.006690
0.011919
0.038959
0.015099
0.000000
0.000000
0.000000
0.000615
0.000707
0.000633
0.006277
0.038094
0.003850
0.000000
0.000000
0.000000
0.013505
0.022154
0.022008
0.012886
0.013062
0.002293
0.000000
0.000000
0.000000
0.005920
0.006417
0.006690
0.011919
0.038959
0.015099
0.000000
0.000000
0.000000
0.000189
0.000176
0.000547
0.007461
0.053822
0.017749
0.000000
0.000000
0.000000
0.013505
0.022154
0.022008
0.012886
0.013062
0.002293
0.000000
0.000000
0.000000
0.006083
0.011721
0.019913
0.034779
0.048494
0.008605
0.000000
0.000000
0.000000
0.000189
0.000176
0.000547
0.007461
0.053822
0.017749
0.000000
0.000000
0.000000
0.002287
0.005258
0.006511
0.012740
0.033861
0.009436
0.000000
0.000000
0.000000
0.006083
0.011721
0.019913
0.034779
0.048494
0.008605
0.000000
0.000000
0.000000
0.013878
0.013511
0.011435
0.003109
0.001666
0.000053
0.000000
0.000000
0.000000
0.002287
0.005258
0.006511
0.012740
0.033861
0.009436
0.000000
0.000000
0.000000
0.003050
0.008511
0.014626
0.010616
0.016462
0.004681
0.000000
0.000000
0.000000
0.013878
0.013511
0.011435
0.003109
0.001666
0.000053
0.000000
0.000000
0.000000
0.011126
0.023192
0.010872
0.006174
0.003493
0.000524
0.000000
0.000000
0.000000
0.003050
0.008511
0.014626
0.010616
0.016462
0.004681
0.000000
0.000000
0.000000
0.021422
0.043979
0.019136
0.016717
0.010316
0.000367
0.000000
0.000000
0.000000
0.011126
0.023192
0.010872
0.006174
0.003493
0.000524
0.000000
0.000000
0.000000
0.024787
0.029038
0.017641
0.008086
0.003149
0.000279
0.000000
0.000000
0.000000
0.021422
0.043979
0.019136
0.016717
0.010316
0.000367
0.000000
0.000000
0.000000
0.007140
0.006388
0.008506
0.014902
0.014473
0.000537
0.000000
0.000000
0.000000
0.024787
0.029038
0.017641
0.008086
0.003149
0.000279
0.000000
0.000000
0.000000
0.000698
0.005561
0.011959
0.005461
0.001676
0.000003
0.000000
0.000000
0.000000
0.007140
0.006388
0.008506
0.014902
0.014473
0.000537
0.000000
0.000000
0.000000
0.037580
0.024102
0.003491
0.002056
0.000881
0.000031
0.000000
0.000000
0.000000
0.000698
0.005561
0.011959
0.005461
0.001676
0.000003
0.000000
0.000000
0.000000
0.046502
0.010595
0.001889
0.001827
0.000586
0.000000
0.000000
0.000000
0.000000
0.037580
0.024102
0.003491
0.002056
0.000881
0.000031
0.000000
0.000000
0.000000
0.002993
0.005064
0.002528
0.003511
0.005875
0.001502
0.000000
0.000000
0.000000
0.046502
0.010595
0.001889
0.001827
0.000586
0.000000
0.000000
0.000000
0.000000
0.002837
0.003631
0.001821
0.000926
0.002099
0.000000
0.000000
0.000000
0.000000
0.002993
0.005064
0.002528
0.003511
0.005875
0.001502
0.000000
0.000000
0.000000
0.017840
0.000044
0.000080
0.000232
0.016619
0.008330
0.000000
0.000000
0.000000
0.002837
0.003631
0.001821
0.000926
0.002099
0.000000
0.000000
0.000000
0.000000
0.009001
0.000006
0.000115
0.001346
0.011738
0.003984
0.000000
0.000000
0.000000
0.017840
0.000044
0.000080
0.000232
0.016619
0.008330
0.000000
0.000000
0.000000
0.043668
0.000000
0.000000
0.000000
0.000000
0.000000
0.000000
0.000000
0.000000
0.009001
0.000006
0.000115
0.001346
0.011738
0.003984
0.000000
0.000000
0.000000
0.024003
0.000000
0.000000
0.000000
0.000000
0.000000
0.000000
0.000000
0.000000
0.043668
0.000000
0.000000
0.000000
0.000000
0.000000
0.000000
0.000000
0.000000
0.038210
0.000000
0.000000
0.000000
0.000000
0.000000
0.000000
0.000000
0.000000
0.024003
0.000000
0.000000
0.000000
0.000000
0.000000
0.000000
0.000000
0.000000
0.021003
0.000000
0.000000
0.000000
0.000000
0.000000
0.000000
0.000000
0.000000
0.000615
0.000707
0.000633
0.006277
0.038094
0.003850
0.000000
0.000000
0.000000
0.013505
0.022154
0.022008
0.012886
0.013062
0.002293
0.000000
0.000000
0.000000
0.001216
0.001399
0.002546
0.006436
0.050691
0.014185
0.000000
0.000000
0.000000
0.004389
0.016365
0.023889
0.013556
0.015454
0.009687
0.000000
0.000000
0.000000
0.013505
0.022154
0.022008
0.012886
0.013062
0.002293
0.000000
0.000000
0.000000
0.006083
0.011721
0.019913
0.034779
0.048494
0.008605
0.000000
0.000000
0.000000
0.004389
0.016365
0.023889
0.013556
0.015454
0.009687
0.000000
0.000000
0.000000
0.003467
0.005852
0.010354
0.027533
0.041056
0.012487
0.000000
0.000000
0.000000
0.006083
0.011721
0.019913
0.034779
0.048494
0.008605
0.000000
0.000000
0.000000
0.013878
0.013511
0.011435
0.003109
0.001666
0.000053
0.000000
0.000000
0.000000
0.003467
0.005852
0.010354
0.027533
0.041056
0.012487
0.000000
0.000000
0.000000
0.005623
0.007392
0.010529
0.009401
0.029807
0.015023
0.000000
0.000000
0.000000
0.013878
0.013511
0.011435
0.003109
0.001666
0.000053
0.000000
0.000000
0.000000
0.011126
0.023192
0.010872
0.006174
0.003493
0.000524
0.000000
0.000000
0.000000
0.005623
0.007392
0.010529
0.009401
0.029807
0.015023
0.000000
0.000000
0.000000
0.002617
0.007876
0.004803
0.003355
0.055597
0.026158
0.000000
0.000000
0.000000
0.011126
0.023192
0.010872
0.006174
0.003493
0.000524
0.000000
0.000000
0.000000
0.024787
0.029038
0.017641
0.008086
0.003149
0.000279
0.000000
0.000000
0.000000
0.002617
0.007876
0.004803
0.003355
0.055597
0.026158
0.000000
0.000000
0.000000
0.003247
0.003862
0.015110
0.010816
0.029303
0.006905
0.000000
0.000000
0.000000
0.024787
0.029038
0.017641
0.008086
0.003149
0.000279
0.000000
0.000000
0.000000
0.000698
0.005561
0.011959
0.005461
0.001676
0.000003
0.000000
0.000000
0.000000
0.003247
0.003862
0.015110
0.010816
0.029303
0.006905
0.000000
0.000000
0.000000
0.000983
0.001271
0.002210
0.003169
0.036927
0.011906
0.000000
0.000000
0.000000
0.000698
0.005561
0.011959
0.005461
0.001676
0.000003
0.000000
0.000000
0.000000
0.046502
0.010595
0.001889
0.001827
0.000586
0.000000
0.000000
0.000000
0.000000
0.000983
0.001271
0.002210
0.003169
0.036927
0.011906
0.000000
0.000000
0.000000
0.029722
0.014712
0.009138
0.008439
0.014428
0.005023
0.000000
0.000000
0.000000
0.046502
0.010595
0.001889
0.001827
0.000586
0.000000
0.000000
0.000000
0.000000
0.002837
0.003631
0.001821
0.000926
0.002099
0.000000
0.000000
0.000000
0.000000
0.029722
0.014712
0.009138
0.008439
0.014428
0.005023
0.000000
0.000000
0.000000
0.002167
0.005120
0.009761
0.020029
0.012558
0.002708
0.000000
0.000000
0.000000
0.002837
0.003631
0.001821
0.000926
0.002099
0.000000
0.000000
0.000000
0.000000
0.009001
0.000006
0.000115
0.001346
0.011738
0.003984
0.000000
0.000000
0.000000
0.002167
0.005120
0.009761
0.020029
0.012558
0.002708
0.000000
0.000000
0.000000
0.051675
0.000000
0.000000
0.001708
0.049016
0.020742
0.000000
0.000000
0.000000
0.009001
0.000006
0.000115
0.001346
0.011738
0.003984
0.000000
0.000000
0.000000
0.024003
0.000000
0.000000
0.000000
0.000000
0.000000
0.000000
0.000000
0.000000
0.051675
0.000000
0.000000
0.001708
0.049016
0.020742
0.000000
0.000000
0.000000
0.118714
0.000000
0.000000
0.000000
0.000000
0.000000
0.000000
0.000000
0.000000
0.024003
0.000000
0.000000
0.000000
0.000000
0.000000
0.000000
0.000000
0.000000
0.021003
0.000000
0.000000
0.000000
0.000000
0.000000
0.000000
0.000000
0.000000
0.118714
0.000000
0.000000
0.000000
0.000000
0.000000
0.000000
0.000000
0.000000
0.103875
0.000000
0.000000
0.000000
0.000000
0.000000
0.000000
0.000000
0.000000
0.001216
0.001399
0.002546
0.006436
0.050691
0.014185
0.000000
0.000000
0.000000
0.004389
0.016365
0.023889
0.013556
0.015454
0.009687
0.000000
0.000000
0.000000
0.000705
0.000763
0.000520
0.003264
0.023034
0.009979
0.000000
0.000000
0.000000
0.001157
0.000000
0.000091
0.002601
0.026302
0.015451
0.000000
0.000000
0.000000
0.004389
0.016365
0.023889
0.013556
0.015454
0.009687
0.000000
0.000000
0.000000
0.003467
0.005852
0.010354
0.027533
0.041056
0.012487
0.000000
0.000000
0.000000
0.001157
0.000000
0.000091
0.002601
0.026302
0.015451
0.000000
0.000000
0.000000
0.003470
0.000000
0.000183
0.002848
0.023919
0.014133
0.000000
0.000000
0.000000
0.003467
0.005852
0.010354
0.027533
0.041056
0.012487
0.000000
0.000000
0.000000
0.005623
0.007392
0.010529
0.009401
0.029807
0.015023
0.000000
0.000000
0.000000
0.003470
0.000000
0.000183
0.002848
0.023919
0.014133
0.000000
0.000000
0.000000
0.001737
0.000221
0.000150
0.001613
0.021764
0.010266
0.000000
0.000000
0.000000
0.005623
0.007392
0.010529
0.009401
0.029807
0.015023
0.000000
0.000000
0.000000
0.002617
0.007876
0.004803
0.003355
0.055597
0.026158
0.000000
0.000000
0.000000
0.001737
0.000221
0.000150
0.001613
0.021764
0.010266
0.000000
0.000000
0.000000
0.007521
0.016256
0.010308
0.005722
0.012585
0.004074
0.000000
0.000000
0.000000
0.002617
0.007876
0.004803
0.003355
0.055597
0.026158
0.000000
0.000000
0.000000
0.003247
0.003862
0.015110
0.010816
0.029303
0.006905
0.000000
0.000000
0.000000
0.007521
0.016256
0.010308
0.005722
0.012585
0.004074
0.000000
0.000000
0.000000
0.005619
0.015913
0.009172
0.011698
0.005579
0.000351
0.000000
0.000000
0.000000
0.003247
0.003862
0.015110
0.010816
0.029303
0.006905
0.000000
0.000000
0.000000
0.000983
0.001271
0.002210
0.003169
0.036927
0.011906
0.000000
0.000000
0.000000
0.005619
0.015913
0.009172
0.011698
0.005579
0.000351
0.000000
0.000000
0.000000
0.002345
0.010680
0.012950
0.012899
0.001504
0.000000
0.000000
0.000000
0.000000
0.000983
0.001271
0.002210
0.003169
0.036927
0.011906
0.000000
0.000000
0.000000
0.029722
0.014712
0.009138
0.008439
0.014428
0.005023
0.000000
0.000000
0.000000
0.002345
0.010680
0.012950
0.012899
0.001504
0.000000
0.000000
0.000000
0.000000
0.025413
0.034771
0.013339
0.011545
0.008685
0.000036
0.000000
0.000000
0.000000
0.029722
0.014712
0.009138
0.008439
0.014428
0.005023
0.000000
0.000000
0.000000
0.002167
0.005120
0.009761
0.020029
0.012558
0.002708
0.000000
0.000000
0.000000
0.025413
0.034771
0.013339
0.011545
0.008685
0.000036
0.000000
0.000000
0.000000
0.000201
0.000166
0.005920
0.021441
0.023202
0.001451
0.000000
0.000000
0.000000
0.002167
0.005120
0.009761
0.020029
0.012558
0.002708
0.000000
0.000000
0.000000
0.051675
0.000000
0.000000
0.001708
0.049016
0.020742
0.000000
0.000000
0.000000
0.000201
0.000166
0.005920
0.021441
0.023202
0.001451
0.000000
0.000000
0.000000
0.008789
0.000068
0.000291
0.001593
0.007845
0.001874
0.000000
0.000000
0.000000
0.051675
0.000000
0.000000
0.001708
0.049016
0.020742
0.000000
0.000000
0.000000
0.118714
0.000000
0.000000
0.000000
0.000000
0.000000
0.000000
0.000000
0.000000
0.008789
0.000068
0.000291
0.001593
0.007845
0.001874
0.000000
0.000000
0.000000
0.021689
0.000000
0.000000
0.000000
0.000000
0.000000
0.000000
0.000000
0.000000
0.118714
0.000000
0.000000
0.000000
0.000000
0.000000
0.000000
0.000000
0.000000
0.103875
0.000000
0.000000
0.000000
0.000000
0.000000
0.000000
0.000000
0.000000
0.021689
0.000000
0.000000
0.000000
0.000000
0.000000
0.000000
0.000000
0.000000
0.018978
0.000000
0.000000
0.000000
0.000000
0.000000
0.000000
0.000000
0.000000
0.000705
0.000763
0.000520
0.003264
0.023034
0.009979
0.000000
0.000000
0.000000
0.001157
0.000000
0.000091
0.002601
0.026302
0.015451
0.000000
0.000000
0.000000
0.000279
0.000152
0.000433
0.001095
0.001413
0.000098
0.000000
0.000000
0.000000
0.000518
0.000252
0.000478
0.001030
0.002358
0.000425
0.000000
0.000000
0.000000
0.001157
0.000000
0.000091
0.002601
0.026302
0.015451
0.000000
0.000000
0.000000
0.003470
0.000000
0.000183
0.002848
0.023919
0.014133
0.000000
0.000000
0.000000
0.000518
0.000252
0.000478
0.001030
0.002358
0.000425
0.000000
0.000000
0.000000
0.000512
0.000327
0.001106
0.001096
0.001750
0.000126
0.000000
0.000000
0.000000
0.003470
0.000000
0.000183
0.002848
0.023919
0.014133
0.000000
0.000000
0.000000
0.001737
0.000221
0.000150
0.001613
0.021764
0.010266
0.000000
0.000000
0.000000
0.000512
0.000327
0.001106
0.001096
0.001750
0.000126
0.000000
0.000000
0.000000
0.000336
0.000429
0.000681
0.001792
0.001951
0.000053
0.000000
0.000000
0.000000
0.001737
0.000221
0.000150
0.001613
0.021764
0.010266
0.000000
0.000000
0.000000
0.007521
0.016256
0.010308
0.005722
0.012585
0.004074
0.000000
0.000000
0.000000
0.000336
0.000429
0.000681
0.001792
0.001951
0.000053
0.000000
0.000000
0.000000
0.013172
0.029853
0.002005
0.002903
0.003699
0.000550
0.000000
0.000000
0.000000
0.007521
0.016256
0.010308
0.005722
0.012585
0.004074
0.000000
0.000000
0.000000
0.005619
0.015913
0.009172
0.011698
0.005579
0.000351
0.000000
0.000000
0.000000
0.013172
0.029853
0.002005
0.002903
0.003699
0.000550
0.000000
0.000000
0.000000
0.025986
0.029770
0.004977
0.001638
0.001425
0.000207
0.000000
0.000000
0.000000
0.005619
0.015913
0.009172
0.011698
0.005579
0.000351
0.000000
0.000000
0.000000
0.002345
0.010680
0.012950
0.012899
0.001504
0.000000
0.000000
0.000000
0.000000
0.025986
0.029770
0.004977
0.001638
0.001425
0.000207
0.000000
0.000000
0.000000
0.006382
0.041701
0.015292
0.006179
0.005718
0.000695
0.000000
0.000000
0.000000
0.002345
0.010680
0.012950
0.012899
0.001504
0.000000
0.000000
0.000000
0.000000
0.025413
0.034771
0.013339
0.011545
0.008685
0.000036
0.000000
0.000000
0.000000
0.006382
0.041701
0.015292
0.006179
0.005718
0.000695
0.000000
0.000000
0.000000
0.044997
0.037910
0.013795
0.002575
0.000718
0.000047
0.000000
0.000000
0.000000
0.025413
0.034771
0.013339
0.011545
0.008685
0.000036
0.000000
0.000000
0.000000
0.000201
0.000166
0.005920
0.021441
0.023202
0.001451
0.000000
0.000000
0.000000
0.044997
0.037910
0.013795
0.002575
0.000718
0.000047
0.000000
0.000000
0.000000
0.000217
0.000379
0.002834
0.004760
0.001571
0.000126
0.000000
0.000000
0.000000
0.000201
0.000166
0.005920
0.021441
0.023202
0.001451
0.000000
0.000000
0.000000
0.008789
0.000068
0.000291
0.001593
0.007845
0.001874
0.000000
0.000000
0.000000
0.000217
0.000379
0.002834
0.004760
0.001571
0.000126
0.000000
0.000000
0.000000
0.001661
0.000235
0.000207
0.000739
0.002025
0.000248
0.000000
0.000000
0.000000
0.008789
0.000068
0.000291
0.001593
0.007845
0.001874
0.000000
0.000000
0.000000
0.021689
0.000000
0.000000
0.000000
0.000000
0.000000
0.000000
0.000000
0.000000
0.001661
0.000235
0.000207
0.000739
0.002025
0.000248
0.000000
0.000000
0.000000
0.003760
0.000000
0.000000
0.000000
0.000000
0.000000
0.000000
0.000000
0.000000
0.021689
0.000000
0.000000
0.000000
0.000000
0.000000
0.000000
0.000000
0.000000
0.018978
0.000000
0.000000
0.000000
0.000000
0.000000
0.000000
0.000000
0.000000
0.003760
0.000000
0.000000
0.000000
0.000000
0.000000
0.000000
0.000000
0.000000
0.003290
0.000000
0.000000
0.000000
0.000000
0.000000
0.000000
0.000000
0.000000
0.000279
0.000152
0.000433
0.001095
0.001413
0.000098
0.000000
0.000000
0.000000
0.000518
0.000252
0.000478
0.001030
0.002358
0.000425
0.000000
0.000000
0.000000
0.000145
0.000693
0.001227
0.002186
0.003510
0.000661
0.000000
0.000000
0.000000
0.000116
0.000674
0.000925
0.001288
0.004210
0.001010
0.000000
0.000000
0.000000
0.000518
0.000252
0.000478
0.001030
0.002358
0.000425
0.000000
0.000000
0.000000
0.000512
0.000327
0.001106
0.001096
0.001750
0.000126
0.000000
0.000000
0.000000
0.000116
0.000674
0.000925
0.001288
0.004210
0.001010
0.000000
0.000000
0.000000
0.000509
0.000482
0.000988
0.001301
0.002968
0.000349
0.000000
0.000000
0.000000
0.000512
0.000327
0.001106
0.001096
0.001750
0.000126
0.000000
0.000000
0.000000
0.000336
0.000429
0.000681
0.001792
0.001951
0.000053
0.000000
0.000000
0.000000
0.000509
0.000482
0.000988
0.001301
0.002968
0.000349
0.000000
0.000000
0.000000
0.002137
0.004942
0.001593
0.001507
0.002046
0.000173
0.000000
0.000000
0.000000
0.000336
0.000429
0.000681
0.001792
0.001951
0.000053
0.000000
0.000000
0.000000
0.013172
0.029853
0.002005
0.002903
0.003699
0.000550
0.000000
0.000000
0.000000
0.002137
0.004942
0.001593
0.001507
0.002046
0.000173
0.000000
0.000000
0.000000
0.012337
0.028570
0.003418
0.000810
0.000122
0.000038
0.000000
0.000000
0.000000
0.013172
0.029853
0.002005
0.002903
0.003699
0.000550
0.000000
0.000000
0.000000
0.025986
0.029770
0.004977
0.001638
0.001425
0.000207
0.000000
0.000000
0.000000
0.012337
0.028570
0.003418
0.000810
0.000122
0.000038
0.000000
0.000000
0.000000
0.028414
0.026716
0.001444
0.000298
0.000301
0.000015
0.000000
0.000000
0.000000
0.025986
0.029770
0.004977
0.001638
0.001425
0.000207
0.000000
0.000000
0.000000
0.006382
0.041701
0.015292
0.006179
0.005718
0.000695
0.000000
0.000000
0.000000
0.028414
0.026716
0.001444
0.000298
0.000301
0.000015
0.000000
0.000000
0.000000
0.028453
0.021187
0.005396
0.003378
0.000564
0.000000
0.000000
0.000000
0.000000
0.006382
0.041701
0.015292
0.006179
0.005718
0.000695
0.000000
0.000000
0.000000
0.044997
0.037910
0.013795
0.002575
0.000718
0.000047
0.000000
0.000000
0.000000
0.028453
0.021187
0.005396
0.003378
0.000564
0.000000
0.000000
0.000000
0.000000
0.013752
0.015983
0.010925
0.005892
0.003283
0.000214
0.000000
0.000000
0.000000
0.044997
0.037910
0.013795
0.002575
0.000718
0.000047
0.000000
0.000000
0.000000
0.000217
0.000379
0.002834
0.004760
0.001571
0.000126
0.000000
0.000000
0.000000
0.013752
0.015983
0.010925
0.005892
0.003283
0.000214
0.000000
0.000000
0.000000
0.006122
0.028534
0.040160
0.006999
0.001136
0.000084
0.000000
0.000000
0.000000
0.000217
0.000379
0.002834
0.004760
0.001571
0.000126
0.000000
0.000000
0.000000
0.001661
0.000235
0.000207
0.000739
0.002025
0.000248
0.000000
0.000000
0.000000
0.006122
0.028534
0.040160
0.006999
0.001136
0.000084
0.000000
0.000000
0.000000
0.001934
0.000171
0.000304
0.000504
0.001226
0.000090
0.000000
0.000000
0.000000
0.001661
0.000235
0.000207
0.000739
0.002025
0.000248
0.000000
0.000000
0.000000
0.003760
0.000000
0.000000
0.000000
0.000000
0.000000
0.000000
0.000000
0.000000
0.001934
0.000171
0.000304
0.000504
0.001226
0.000090
0.000000
0.000000
0.000000
0.003904
0.000000
0.000000
0.000000
0.000000
0.000000
0.000000
0.000000
0.000000
0.003760
0.000000
0.000000
0.000000
0.000000
0.000000
0.000000
0.000000
0.000000
0.003290
0.000000
0.000000
0.000000
0.000000
0.000000
0.000000
0.000000
0.000000
0.003904
0.000000
0.000000
0.000000
0.000000
0.000000
0.000000
0.000000
0.000000
0.003416
0.000000
0.000000
0.000000
0.000000
0.000000
0.000000
0.000000
0.000000
0.000145
0.000693
0.001227
0.002186
0.003510
0.000661
0.000000
0.000000
0.000000
0.000116
0.000674
0.000925
0.001288
0.004210
0.001010
0.000000
0.000000
0.000000
0.000969
0.002076
0.005601
0.007951
0.005911
0.000176
0.000000
0.000000
0.000000
0.001813
0.000338
0.000512
0.001537
0.010550
0.002891
0.000000
0.000000
0.000000
0.000116
0.000674
0.000925
0.001288
0.004210
0.001010
0.000000
0.000000
0.000000
0.000509
0.000482
0.000988
0.001301
0.002968
0.000349
0.000000
0.000000
0.000000
0.001813
0.000338
0.000512
0.001537
0.010550
0.002891
0.000000
0.000000
0.000000
0.001017
0.001063
0.003692
0.006328
0.012098
0.002209
0.000000
0.000000
0.000000
0.000509
0.000482
0.000988
0.001301
0.002968
0.000349
0.000000
0.000000
0.000000
0.002137
0.004942
0.001593
0.001507
0.002046
0.000173
0.000000
0.000000
0.000000
0.001017
0.001063
0.003692
0.006328
0.012098
0.002209
0.000000
0.000000
0.000000
0.005505
0.009326
0.012425
0.011592
0.009372
0.002696
0.000000
0.000000
0.000000
0.002137
0.004942
0.001593
0.001507
0.002046
0.000173
0.000000
0.000000
0.000000
0.012337
0.028570
0.003418
0.000810
0.000122
0.000038
0.000000
0.000000
0.000000
0.005505
0.009326
0.012425
0.011592
0.009372
0.002696
0.000000
0.000000
0.000000
0.004203
0.008424
0.017023
0.018408
0.017357
0.002474
0.000000
0.000000
0.000000
0.012337
0.028570
0.003418
0.000810
0.000122
0.000038
0.000000
0.000000
0.000000
0.028414
0.026716
0.001444
0.000298
0.000301
0.000015
0.000000
0.000000
0.000000
0.004203
0.008424
0.017023
0.018408
0.017357
0.002474
0.000000
0.000000
0.000000
0.021962
0.024877
0.007684
0.006569
0.005597
0.001741
0.000000
0.000000
0.000000
0.028414
0.026716
0.001444
0.000298
0.000301
0.000015
0.000000
0.000000
0.000000
0.028453
0.021187
0.005396
0.003378
0.000564
0.000000
0.000000
0.000000
0.000000
0.021962
0.024877
0.007684
0.006569
0.005597
0.001741
0.000000
0.000000
0.000000
0.007581
0.010193
0.015634
0.030017
0.019922
0.001368
0.000000
0.000000
0.000000
0.028453
0.021187
0.005396
0.003378
0.000564
0.000000
0.000000
0.000000
0.000000
0.013752
0.015983
0.010925
0.005892
0.003283
0.000214
0.000000
0.000000
0.000000
0.007581
0.010193
0.015634
0.030017
0.019922
0.001368
0.000000
0.000000
0.000000
0.013225
0.020718
0.013947
0.011031
0.013128
0.001244
0.000000
0.000000
0.000000
0.013752
0.015983
0.010925
0.005892
0.003283
0.000214
0.000000
0.000000
0.000000
0.006122
0.028534
0.040160
0.006999
0.001136
0.000084
0.000000
0.000000
0.000000
0.013225
0.020718
0.013947
0.011031
0.013128
0.001244
0.000000
0.000000
0.000000
0.002096
0.006302
0.018874
0.032083
0.011152
0.001340
0.000000
0.000000
0.000000
0.006122
0.028534
0.040160
0.006999
0.001136
0.000084
0.000000
0.000000
0.000000
0.001934
0.000171
0.000304
0.000504
0.001226
0.000090
0.000000
0.000000
0.000000
0.002096
0.006302
0.018874
0.032083
0.011152
0.001340
0.000000
0.000000
0.000000
0.002054
0.000569
0.001465
0.002308
0.003515
0.000319
0.000000
0.000000
0.000000
0.001934
0.000171
0.000304
0.000504
0.001226
0.000090
0.000000
0.000000
0.000000
0.003904
0.000000
0.000000
0.000000
0.000000
0.000000
0.000000
0.000000
0.000000
0.002054
0.000569
0.001465
0.002308
0.003515
0.000319
0.000000
0.000000
0.000000
0.005061
0.000000
0.000000
0.000000
0.000000
0.000000
0.000000
0.000000
0.000000
0.003904
0.000000
0.000000
0.000000
0.000000
0.000000
0.000000
0.000000
0.000000
0.003416
0.000000
0.000000
0.000000
0.000000
0.000000
0.000000
0.000000
0.000000
0.005061
0.000000
0.000000
0.000000
0.000000
0.000000
0.000000
0.000000
0.000000
0.004428
0.000000
0.000000
0.000000
0.000000
0.000000
0.000000
0.000000
0.000000
0.000969
0.002076
0.005601
0.007951
0.005911
0.000176
0.000000
0.000000
0.000000
0.001813
0.000338
0.000512
0.001537
0.010550
0.002891
0.000000
0.000000
0.000000
0.000836
0.000165
0.001085
0.004505
0.004744
0.000811
0.000000
0.000000
0.000000
0.000111
0.001632
0.001859
0.006741
0.006900
0.000832
0.000000
0.000000
0.000000
0.001813
0.000338
0.000512
0.001537
0.010550
0.002891
0.000000
0.000000
0.000000
0.001017
0.001063
0.003692
0.006328
0.012098
0.002209
0.000000
0.000000
0.000000
0.000111
0.001632
0.001859
0.006741
0.006900
0.000832
0.000000
0.000000
0.000000
0.001807
0.000730
0.000654
0.002680
0.006033
0.000875
0.000000
0.000000
0.000000
0.001017
0.001063
0.003692
0.006328
0.012098
0.002209
0.000000
0.000000
0.000000
0.005505
0.009326
0.012425
0.011592
0.009372
0.002696
0.000000
0.000000
0.000000
0.001807
0.000730
0.000654
0.002680
0.006033
0.000875
0.000000
0.000000
0.000000
0.000949
0.002551
0.003399
0.008227
0.007042
0.000299
0.000000
0.000000
0.000000
0.005505
0.009326
0.012425
0.011592
0.009372
0.002696
0.000000
0.000000
0.000000
0.004203
0.008424
0.017023
0.018408
0.017357
0.002474
0.000000
0.000000
0.000000
0.000949
0.002551
0.003399
0.008227
0.007042
0.000299
0.000000
0.000000
0.000000
0.000764
0.001357
0.004830
0.014933
0.026969
0.004611
0.000000
0.000000
0.000000
0.004203
0.008424
0.017023
0.018408
0.017357
0.002474
0.000000
0.000000
0.000000
0.021962
0.024877
0.007684
0.006569
0.005597
0.001741
0.000000
0.000000
0.000000
0.000764
0.001357
0.004830
0.014933
0.026969
0.004611
0.000000
0.000000
0.000000
0.000106
0.002069
0.003090
0.008441
0.016821
0.003237
0.000000
0.000000
0.000000
0.021962
0.024877
0.007684
0.006569
0.005597
0.001741
0.000000
0.000000
0.000000
0.007581
0.010193
0.015634
0.030017
0.019922
0.001368
0.000000
0.000000
0.000000
0.000106
0.002069
0.003090
0.008441
0.016821
0.003237
0.000000
0.000000
0.000000
0.001121
0.000183
0.002387
0.007811
0.044642
0.008509
0.000000
0.000000
0.000000
0.007581
0.010193
0.015634
0.030017
0.019922
0.001368
0.000000
0.000000
0.000000
0.013225
0.020718
0.013947
0.011031
0.013128
0.001244
0.000000
0.000000
0.000000
0.001121
0.000183
0.002387
0.007811
0.044642
0.008509
0.000000
0.000000
0.000000
0.001273
0.005010
0.007184
0.014988
0.030688
0.011167
0.000000
0.000000
0.000000
0.013225
0.020718
0.013947
0.011031
0.013128
0.001244
0.000000
0.000000
0.000000
0.002096
0.006302
0.018874
0.032083
0.011152
0.001340
0.000000
0.000000
0.000000
0.001273
0.005010
0.007184
0.014988
0.030688
0.011167
0.000000
0.000000
0.000000
0.001266
0.000794
0.002589
0.004849
0.010089
0.001814
0.000000
0.000000
0.000000
0.002096
0.006302
0.018874
0.032083
0.011152
0.001340
0.000000
0.000000
0.000000
0.002054
0.000569
0.001465
0.002308
0.003515
0.000319
0.000000
0.000000
0.000000
0.001266
0.000794
0.002589
0.004849
0.010089
0.001814
0.000000
0.000000
0.000000
0.004599
0.000277
0.000477
0.001510
0.006781
0.001538
0.000000
0.000000
0.000000
0.002054
0.000569
0.001465
0.002308
0.003515
0.000319
0.000000
0.000000
0.000000
0.005061
0.000000
0.000000
0.000000
0.000000
0.000000
0.000000
0.000000
0.000000
0.004599
0.000277
0.000477
0.001510
0.006781
0.001538
0.000000
0.000000
0.000000
0.011134
0.000000
0.000000
0.000000
0.000000
0.000000
0.000000
0.000000
0.000000
0.005061
0.000000
0.000000
0.000000
0.000000
0.000000
0.000000
0.000000
0.000000
0.004428
0.000000
0.000000
0.000000
0.000000
0.000000
0.000000
0.000000
0.000000
0.011134
0.000000
0.000000
0.000000
0.000000
0.000000
0.000000
0.000000
0.000000
0.009742
0.000000
0.000000
0.000000
0.000000
0.000000
0.000000
0.000000
0.000000
0.000836
0.000165
0.001085
0.004505
0.004744
0.000811
0.000000
0.000000
0.000000
0.000111
0.001632
0.001859
0.006741
0.006900
0.000832
0.000000
0.000000
0.000000
0.000499
0.000454
0.002507
0.006948
0.004285
0.000453
0.000000
0.000000
0.000000
0.000670
0.000362
0.001169
0.002651
0.003186
0.000476
0.000000
0.000000
0.000000
0.000111
0.001632
0.001859
0.006741
0.006900
0.000832
0.000000
0.000000
0.000000
0.001807
0.000730
0.000654
0.002680
0.006033
0.000875
0.000000
0.000000
0.000000
0.000670
0.000362
0.001169
0.002651
0.003186
0.000476
0.000000
0.000000
0.000000
0.000405
0.000599
0.001835
0.003719
0.002830
0.000300
0.000000
0.000000
0.000000
0.001807
0.000730
0.000654
0.002680
0.006033
0.000875
0.000000
0.000000
0.000000
0.000949
0.002551
0.003399
0.008227
0.007042
0.000299
0.000000
0.000000
0.000000
0.000405
0.000599
0.001835
0.003719
0.002830
0.000300
0.000000
0.000000
0.000000
0.000422
0.002263
0.005832
0.008714
0.004249
0.000461
0.000000
0.000000
0.000000
0.000949
0.002551
0.003399
0.008227
0.007042
0.000299
0.000000
0.000000
0.000000
0.000764
0.001357
0.004830
0.014933
0.026969
0.004611
0.000000
0.000000
0.000000
0.000422
0.002263
0.005832
0.008714
0.004249
0.000461
0.000000
0.000000
0.000000
0.001541
0.000500
0.000542
0.002382
0.003893
0.000305
0.000000
0.000000
0.000000
0.000764
0.001357
0.004830
0.014933
0.026969
0.004611
0.000000
0.000000
0.000000
0.000106
0.002069
0.003090
0.008441
0.016821
0.003237
0.000000
0.000000
0.000000
0.001541
0.000500
0.000542
0.002382
0.003893
0.000305
0.000000
0.000000
0.000000
0.000742
0.000666
0.001697
0.002873
0.001616
0.000052
0.000000
0.000000
0.000000
0.000106
0.002069
0.003090
0.008441
0.016821
0.003237
0.000000
0.000000
0.000000
0.001121
0.000183
0.002387
0.007811
0.044642
0.008509
0.000000
0.000000
0.000000
0.000742
0.000666
0.001697
0.002873
0.001616
0.000052
0.000000
0.000000
0.000000
0.001522
0.004459
0.003993
0.004124
0.006020
0.000507
0.000000
0.000000
0.000000
0.001121
0.000183
0.002387
0.007811
0.044642
0.008509
0.000000
0.000000
0.000000
0.001273
0.005010
0.007184
0.014988
0.030688
0.011167
0.000000
0.000000
0.000000
0.001522
0.004459
0.003993
0.004124
0.006020
0.000507
0.000000
0.000000
0.000000
0.001212
0.002004
0.001654
0.003717
0.008861
0.001657
0.000000
0.000000
0.000000
0.001273
0.005010
0.007184
0.014988
0.030688
0.011167
0.000000
0.000000
0.000000
0.001266
0.000794
0.002589
0.004849
0.010089
0.001814
0.000000
0.000000
0.000000
0.001212
0.002004
0.001654
0.003717
0.008861
0.001657
0.000000
0.000000
0.000000
0.001490
0.000396
0.000579
0.001682
0.007850
0.001668
0.000000
0.000000
0.000000
0.001266
0.000794
0.002589
0.004849
0.010089
0.001814
0.000000
0.000000
0.000000
0.004599
0.000277
0.000477
0.001510
0.006781
0.001538
0.000000
0.000000
0.000000
0.001490
0.000396
0.000579
0.001682
0.007850
0.001668
0.000000
0.000000
0.000000
0.005025
0.000145
0.000775
0.002647
0.005926
0.001081
0.000000
0.000000
0.000000
0.004599
0.000277
0.000477
0.001510
0.006781
0.001538
0.000000
0.000000
0.000000
0.011134
0.000000
0.000000
0.000000
0.000000
0.000000
0.000000
0.000000
0.000000
0.005025
0.000145
0.000775
0.002647
0.005926
0.001081
0.000000
0.000000
0.000000
0.012002
0.000000
0.000000
0.000000
0.000000
0.000000
0.000000
0.000000
0.000000
0.011134
0.000000
0.000000
0.000000
0.000000
0.000000
0.000000
0.000000
0.000000
0.009742
0.000000
0.000000
0.000000
0.000000
0.000000
0.000000
0.000000
0.000000
0.012002
0.000000
0.000000
0.000000
0.000000
0.000000
0.000000
0.000000
0.000000
0.010501
0.000000
0.000000
0.000000
0.000000
0.000000
0.000000
0.000000
0.000000
0.000499
0.000454
0.002507
0.006948
0.004285
0.000453
0.000000
0.000000
0.000000
0.000670
0.000362
0.001169
0.002651
0.003186
0.000476
0.000000
0.000000
0.000000
0.000980
0.000217
0.000296
0.001821
0.006105
0.000973
0.000000
0.000000
0.000000
0.000656
0.000659
0.001984
0.002974
0.010765
0.003314
0.000000
0.000000
0.000000
0.000670
0.000362
0.001169
0.002651
0.003186
0.000476
0.000000
0.000000
0.000000
0.000405
0.000599
0.001835
0.003719
0.002830
0.000300
0.000000
0.000000
0.000000
0.000656
0.000659
0.001984
0.002974
0.010765
0.003314
0.000000
0.000000
0.000000
0.000562
0.001569
0.008008
0.012236
0.006486
0.001107
0.000000
0.000000
0.000000
0.000405
0.000599
0.001835
0.003719
0.002830
0.000300
0.000000
0.000000
0.000000
0.000422
0.002263
0.005832
0.008714
0.004249
0.000461
0.000000
0.000000
0.000000
0.000562
0.001569
0.008008
0.012236
0.006486
0.001107
0.000000
0.000000
0.000000
0.000923
0.002669
0.004201
0.003274
0.004719
0.000643
0.000000
0.000000
0.000000
0.000422
0.002263
0.005832
0.008714
0.004249
0.000461
0.000000
0.000000
0.000000
0.001541
0.000500
0.000542
0.002382
0.003893
0.000305
0.000000
0.000000
0.000000
0.000923
0.002669
0.004201
0.003274
0.004719
0.000643
0.000000
0.000000
0.000000
0.000591
0.001172
0.002149
0.004829
0.008013
0.000525
0.000000
0.000000
0.000000
0.001541
0.000500
0.000542
0.002382
0.003893
0.000305
0.000000
0.000000
0.000000
0.000742
0.000666
0.001697
0.002873
0.001616
0.000052
0.000000
0.000000
0.000000
0.000591
0.001172
0.002149
0.004829
0.008013
0.000525
0.000000
0.000000
0.000000
0.000938
0.001024
0.004698
0.005674
0.005841
0.000388
0.000000
0.000000
0.000000
0.000742
0.000666
0.001697
0.002873
0.001616
0.000052
0.000000
0.000000
0.000000
0.001522
0.004459
0.003993
0.004124
0.006020
0.000507
0.000000
0.000000
0.000000
0.000938
0.001024
0.004698
0.005674
0.005841
0.000388
0.000000
0.000000
0.000000
0.002255
0.002023
0.004066
0.005726
0.009569
0.000526
0.000000
0.000000
0.000000
0.001522
0.004459
0.003993
0.004124
0.006020
0.000507
0.000000
0.000000
0.000000
0.001212
0.002004
0.001654
0.003717
0.008861
0.001657
0.000000
0.000000
0.000000
0.002255
0.002023
0.004066
0.005726
0.009569
0.000526
0.000000
0.000000
0.000000
0.000981
0.001000
0.001143
0.002966
0.005132
0.000616
0.000000
0.000000
0.000000
0.001212
0.002004
0.001654
0.003717
0.008861
0.001657
0.000000
0.000000
0.000000
0.001490
0.000396
0.000579
0.001682
0.007850
0.001668
0.000000
0.000000
0.000000
0.000981
0.001000
0.001143
0.002966
0.005132
0.000616
0.000000
0.000000
0.000000
0.000543
0.000817
0.001334
0.003404
0.006784
0.000693
0.000000
0.000000
0.000000
0.001490
0.000396
0.000579
0.001682
0.007850
0.001668
0.000000
0.000000
0.000000
0.005025
0.000145
0.000775
0.002647
0.005926
0.001081
0.000000
0.000000
0.000000
0.000543
0.000817
0.001334
0.003404
0.006784
0.000693
0.000000
0.000000
0.000000
0.010724
0.003255
0.005959
0.006484
0.001916
0.000599
0.000000
0.000000
0.000000
0.005025
0.000145
0.000775
0.002647
0.005926
0.001081
0.000000
0.000000
0.000000
0.012002
0.000000
0.000000
0.000000
0.000000
0.000000
0.000000
0.000000
0.000000
0.010724
0.003255
0.005959
0.006484
0.001916
0.000599
0.000000
0.000000
0.000000
0.027473
0.000000
0.000000
0.000000
0.000000
0.000000
0.000000
0.000000
0.000000
0.012002
0.000000
0.000000
0.000000
0.000000
0.000000
0.000000
0.000000
0.000000
0.010501
0.000000
0.000000
0.000000
0.000000
0.000000
0.000000
0.000000
0.000000
0.027473
0.000000
0.000000
0.000000
0.000000
0.000000
0.000000
0.000000
0.000000
0.024039
0.000000
0.000000
0.000000
0.000000
0.000000
0.000000
0.000000
0.000000
0.000980
0.000217
0.000296
0.001821
0.006105
0.000973
0.000000
0.000000
0.000000
0.000656
0.000659
0.001984
0.002974
0.010765
0.003314
0.000000
0.000000
0.000000
0.000386
0.000609
0.001549
0.002915
0.003573
0.000692
0.000000
0.000000
0.000000
0.000912
0.001916
0.009138
0.015133
0.003181
0.000302
0.000000
0.000000
0.000000
0.000656
0.000659
0.001984
0.002974
0.010765
0.003314
0.000000
0.000000
0.000000
0.000562
0.001569
0.008008
0.012236
0.006486
0.001107
0.000000
0.000000
0.000000
0.000912
0.001916
0.009138
0.015133
0.003181
0.000302
0.000000
0.000000
0.000000
0.001475
0.000872
0.001681
0.005961
0.010019
0.001212
0.000000
0.000000
0.000000
0.000562
0.001569
0.008008
0.012236
0.006486
0.001107
0.000000
0.000000
0.000000
0.000923
0.002669
0.004201
0.003274
0.004719
0.000643
0.000000
0.000000
0.000000
0.001475
0.000872
0.001681
0.005961
0.010019
0.001212
0.000000
0.000000
0.000000
0.000285
0.001580
0.001588
0.003942
0.015183
0.001877
0.000000
0.000000
0.000000
0.000923
0.002669
0.004201
0.003274
0.004719
0.000643
0.000000
0.000000
0.000000
0.000591
0.001172
0.002149
0.004829
0.008013
0.000525
0.000000
0.000000
0.000000
0.000285
0.001580
0.001588
0.003942
0.015183
0.001877
0.000000
0.000000
0.000000
0.000943
0.001988
0.003255
0.004443
0.008620
0.001899
0.000000
0.000000
0.000000
0.000591
0.001172
0.002149
0.004829
0.008013
0.000525
0.000000
0.000000
0.000000
0.000938
0.001024
0.004698
0.005674
0.005841
0.000388
0.000000
0.000000
0.000000
0.000943
0.001988
0.003255
0.004443
0.008620
0.001899
0.000000
0.000000
0.000000
0.002266
0.005565
0.012789
0.010195
0.005788
0.000739
0.000000
0.000000
0.000000
0.000938
0.001024
0.004698
0.005674
0.005841
0.000388
0.000000
0.000000
0.000000
0.002255
0.002023
0.004066
0.005726
0.009569
0.000526
0.000000
0.000000
0.000000
0.002266
0.005565
0.012789
0.010195
0.005788
0.000739
0.000000
0.000000
0.000000
0.000779
0.001083
0.002553
0.004972
0.007739
0.000985
0.000000
0.000000
0.000000
0.002255
0.002023
0.004066
0.005726
0.009569
0.000526
0.000000
0.000000
0.000000
0.000981
0.001000
0.001143
0.002966
0.005132
0.000616
0.000000
0.000000
0.000000
0.000779
0.001083
0.002553
0.004972
0.007739
0.000985
0.000000
0.000000
0.000000
0.001365
0.001116
0.001733
0.002732
0.005085
0.000657
0.000000
0.000000
0.000000
0.000981
0.001000
0.001143
0.002966
0.005132
0.000616
0.000000
0.000000
0.000000
0.000543
0.000817
0.001334
0.003404
0.006784
0.000693
0.000000
0.000000
0.000000
0.001365
0.001116
0.001733
0.002732
0.005085
0.000657
0.000000
0.000000
0.000000
0.001659
0.005985
0.004757
0.003168
0.003786
0.000454
0.000000
0.000000
0.000000
0.000543
0.000817
0.001334
0.003404
0.006784
0.000693
0.000000
0.000000
0.000000
0.010724
0.003255
0.005959
0.006484
0.001916
0.000599
0.000000
0.000000
0.000000
0.001659
0.005985
0.004757
0.003168
0.003786
0.000454
0.000000
0.000000
0.000000
0.006615
0.007414
0.004807
0.003197
0.003954
0.000529
0.000000
0.000000
0.000000
0.010724
0.003255
0.005959
0.006484
0.001916
0.000599
0.000000
0.000000
0.000000
0.027473
0.000000
0.000000
0.000000
0.000000
0.000000
0.000000
0.000000
0.000000
0.006615
0.007414
0.004807
0.003197
0.003954
0.000529
0.000000
0.000000
0.000000
0.009833
0.000000
0.000000
0.000000
0.000000
0.000000
0.000000
0.000000
0.000000
0.027473
0.000000
0.000000
0.000000
0.000000
0.000000
0.000000
0.000000
0.000000
0.024039
0.000000
0.000000
0.000000
0.000000
0.000000
0.000000
0.000000
0.000000
0.009833
0.000000
0.000000
0.000000
0.000000
0.000000
0.000000
0.000000
0.000000
0.008603
0.000000
0.000000
0.000000
0.000000
0.000000
0.000000
0.000000
0.000000
0.000386
0.000609
0.001549
0.002915
0.003573
0.000692
0.000000
0.000000
0.000000
0.000912
0.001916
0.009138
0.015133
0.003181
0.000302
0.000000
0.000000
0.000000
0.000653
0.002227
0.010650
0.010581
0.005095
0.000472
0.000000
0.000000
0.000000
0.001043
0.000615
0.004597
0.002196
0.005720
0.001663
0.000000
0.000000
0.000000
0.000912
0.001916
0.009138
0.015133
0.003181
0.000302
0.000000
0.000000
0.000000
0.001475
0.000872
0.001681
0.005961
0.010019
0.001212
0.000000
0.000000
0.000000
0.001043
0.000615
0.004597
0.002196
0.005720
0.001663
0.000000
0.000000
0.000000
0.003237
0.002184
0.004331
0.008014
0.014653
0.003929
0.000000
0.000000
0.000000
0.001475
0.000872
0.001681
0.005961
0.010019
0.001212
0.000000
0.000000
0.000000
0.000285
0.001580
0.001588
0.003942
0.015183
0.001877
0.000000
0.000000
0.000000
0.003237
0.002184
0.004331
0.008014
0.014653
0.003929
0.000000
0.000000
0.000000
0.001096
0.000257
0.001563
0.004676
0.024583
0.006017
0.000000
0.000000
0.000000
0.000285
0.001580
0.001588
0.003942
0.015183
0.001877
0.000000
0.000000
0.000000
0.000943
0.001988
0.003255
0.004443
0.008620
0.001899
0.000000
0.000000
0.000000
0.001096
0.000257
0.001563
0.004676
0.024583
0.006017
0.000000
0.000000
0.000000
0.001877
0.006824
0.010312
0.014166
0.007982
0.000465
0.000000
0.000000
0.000000
0.000943
0.001988
0.003255
0.004443
0.008620
0.001899
0.000000
0.000000
0.000000
0.002266
0.005565
0.012789
0.010195
0.005788
0.000739
0.000000
0.000000
0.000000
0.001877
0.006824
0.010312
0.014166
0.007982
0.000465
0.000000
0.000000
0.000000
0.000940
0.000000
0.000901
0.003355
0.016684
0.005775
0.000000
0.000000
0.000000
0.002266
0.005565
0.012789
0.010195
0.005788
0.000739
0.000000
0.000000
0.000000
0.000779
0.001083
0.002553
0.004972
0.007739
0.000985
0.000000
0.000000
0.000000
0.000940
0.000000
0.000901
0.003355
0.016684
0.005775
0.000000
0.000000
0.000000
0.000728
0.000412
0.001775
0.002755
0.015621
0.004122
0.000000
0.000000
0.000000
0.000779
0.001083
0.002553
0.004972
0.007739
0.000985
0.000000
0.000000
0.000000
0.001365
0.001116
0.001733
0.002732
0.005085
0.000657
0.000000
0.000000
0.000000
0.000728
0.000412
0.001775
0.002755
0.015621
0.004122
0.000000
0.000000
0.000000
0.001122
0.000636
0.001287
0.003219
0.012935
0.005165
0.000000
0.000000
0.000000
0.001365
0.001116
0.001733
0.002732
0.005085
0.000657
0.000000
0.000000
0.000000
0.001659
0.005985
0.004757
0.003168
0.003786
0.000454
0.000000
0.000000
0.000000
0.001122
0.000636
0.001287
0.003219
0.012935
0.005165
0.000000
0.000000
0.000000
0.007123
0.012858
0.010918
0.003148
0.002681
0.000270
0.000000
0.000000
0.000000
0.001659
0.005985
0.004757
0.003168
0.003786
0.000454
0.000000
0.000000
0.000000
0.006615
0.007414
0.004807
0.003197
0.003954
0.000529
0.000000
0.000000
0.000000
0.007123
0.012858
0.010918
0.003148
0.002681
0.000270
0.000000
0.000000
0.000000
0.002259
0.000484
0.000343
0.003728
0.004811
0.000791
0.000000
0.000000
0.000000
0.006615
0.007414
0.004807
0.003197
0.003954
0.000529
0.000000
0.000000
0.000000
0.009833
0.000000
0.000000
0.000000
0.000000
0.000000
0.000000
0.000000
0.000000
0.002259
0.000484
0.000343
0.003728
0.004811
0.000791
0.000000
0.000000
0.000000
0.005784
0.000000
0.000000
0.000000
0.000000
0.000000
0.000000
0.000000
0.000000
0.009833
0.000000
0.000000
0.000000
0.000000
0.000000
0.000000
0.000000
0.000000
0.008603
0.000000
0.000000
0.000000
0.000000
0.000000
0.000000
0.000000
0.000000
0.005784
0.000000
0.000000
0.000000
0.000000
0.000000
0.000000
0.000000
0.000000
0.005061
0.000000
0.000000
0.000000
0.000000
0.000000
0.000000
0.000000
0.000000
